0,0940;-0,0344;0,9816;0,9867;0,1130
0,1342;-0,0266;1,0143;1,0235;0,1397
0,1030;-0,0217;1,0363;1,0416;0,3810
0,0825;-0,0154;1,0009;1,0044;0,3831
0,0769;-0,0046;0,9948;0,9978;0,3849
0,0727;-0,0039;0,9872;0,9899;0,3865
0,0820;-0,0017;0,9870;0,9904;0,4666
0,1137;-0,0093;0,9951;1,0016;0,4758
0,0884;-0,0185;1,0383;1,0422;0,5344
0,1035;-0,0137;1,0063;1,0117;0,5953
0,1001;-0,0132;1,0016;1,0067;0,6551
0,1128;-0,0063;0,9941;1,0005;0,7148
0,1030;-0,0063;1,0224;1,0276;0,7746
0,0769;0,0090;1,0024;1,0054;0,8360
0,0649;0,0144;0,9284;0,9308;0,8947
0,1115;0,0085;0,9770;0,9834;0,9546
0,0310;-0,0020;1,0077;1,0082;1,0154
0,1316;0,0085;0,9985;1,0071;1,0762
0,1240;0,0041;0,9560;0,9640;1,1376
0,1215;0,0024;0,9911;0,9986;1,1972
0,1411;0,0063;0,9919;1,0019;1,2558
0,1545;0,0071;0,9907;1,0027;1,3156
0,1513;-0,0012;0,9982;1,0096;1,3759
0,1516;0,0027;1,0080;1,0193;1,4363
0,1496;0,0010;1,0151;1,0260;1,4947
0,0893;-0,0103;1,0446;1,0485;1,5568
0,6580;-0,0276;1,9271;2,0366;1,6188
-0,2116;0,0176;0,9933;1,0158;1,6755
-0,6385;0,0327;0,9672;1,1594;1,7390
0,5872;0,0683;0,0915;0,5982;1,8574
-0,2602;-0,0473;0,9138;0,9513;1,8615
-0,0732;-0,0659;0,9370;0,9421;1,9158
0,1601;-0,0649;0,8838;0,9005;1,9798
0,5250;-0,4850;2,4228;2,5260;2,0356
0,1706;0,0430;1,2699;1,2820;2,0954
0,2626;0,0098;1,0414;1,0741;2,1551
0,0871;0,0317;0,9914;0,9957;2,2149
-0,0041;0,0188;1,0187;1,0189;2,2805
-0,0447;0,0293;1,0253;1,0267;2,3353
-0,6831;0,0085;2,1236;2,2308;2,3984
-0,6058;0,0203;0,0310;0,6069;2,4554
0,0403;0,0164;0,7664;0,7676;2,5153
-0,0962;-0,0503;0,9167;0,9231;2,5750
0,0596;-0,0617;1,0138;1,0175;2,6354
0,3246;0,0903;0,5994;0,6876;2,6951
-0,0371;-0,0849;1,5569;1,5596;2,7554
0,2777;0,0227;1,0024;1,0404;2,8166
0,0730;0,0100;1,0160;1,0187;2,8790
-0,0046;0,0156;0,9921;0,9923;2,9352
0,1699;0,0317;1,5918;1,6011;2,9983
0,0788;0,0173;1,6240;1,6260;3,0605
0,1145;-0,0493;-0,6792;0,6906;3,1202
-0,1228;-0,0288;0,6370;0,6494;3,1749
-0,0869;-0,0649;0,9204;0,9267;3,2375
0,0383;-0,0588;0,8882;0,8909;3,3019
0,3641;-0,2397;2,1663;2,2097;3,3548
0,0500;-0,0508;1,4385;1,4403;3,4153
0,2965;0,0029;1,0136;1,0561;3,4751
-0,0010;0,0256;1,0224;1,0227;3,5340
0,0596;0,0530;1,2833;1,2858;3,5950
0,0373;0,0476;1,7758;1,7768;3,6592
-0,4872;-0,1416;-1,6572;1,7331;3,7156
-0,0910;-0,0134;0,7915;0,7968;3,7780
-0,1403;-0,0564;0,9909;1,0024;3,8349
0,0303;-0,0461;0,9731;0,9746;3,9023
-0,3043;-0,0844;0,4125;0,5195;3,9549
0,3261;-0,2487;4,2213;4,2412;4,0146
0,2716;-0,0139;1,1537;1,1853;4,0767
0,0251;-0,0041;1,0260;1,0264;4,1349
-0,0452;0,0039;0,9868;0,9878;4,1946
-0,2670;0,0085;2,1829;2,1992;4,2559
1,4539;-0,0268;2,8033;3,1580;4,3173
-0,0686;-0,0549;0,6111;0,6174;4,3754
-0,1223;-0,0305;0,9348;0,9432;4,4355
-0,0308;-0,0334;0,9951;0,9961;4,4945
0,2060;-0,1001;-0,7222;0,7576;4,5585
0,1708;0,0305;2,0907;2,0978;4,6145
0,0513;-0,1345;1,6826;1,6887;4,6752
0,2033;-0,1035;1,1430;1,1655;4,7368
0,0473;-0,0205;1,0280;1,0293;4,7986
-0,0776;-0,0122;1,1593;1,1620;4,8550
-0,1686;0,0459;1,5998;1,6094;4,9145
0,3563;-0,0676;-0,6626;0,7554;4,9739
-0,0757;0,0098;0,7141;0,7182;5,0346
-0,1635;-0,0447;1,0256;1,0395;5,0946
-0,0039;-0,0315;1,0153;1,0158;5,1583
-0,1630;-0,0261;0,5570;0,5809;5,2151
0,2050;-0,1084;0,3588;0,4272;5,2751
0,1071;-0,0176;1,3275;1,3319;5,3389
0,1586;-0,0161;1,0575;1,0695;5,3941
0,0103;-0,0212;1,0331;1,0334;5,4543
-1,4798;0,0464;0,6553;1,6190;5,5150
0,1730;0,1259;1,6316;1,6455;5,5760
-0,1084;-0,0027;0,4249;0,4385;5,6351
-0,1794;-0,0154;0,8799;0,8981;5,6941
-0,1179;-0,0308;0,8918;0,9001;5,7550
0,0683;-0,0391;0,8886;0,8921;5,8147
-0,9416;0,0491;3,5782;3,7004;5,8777
0,0198;-0,0327;1,8332;1,8336;5,9344
0,0915;-0,0347;1,2267;1,2306;5,9969
0,0144;0,0093;1,0082;1,0084;6,0547
-1,5596;0,0537;0,7996;1,7534;6,1150
-0,2084;0,0132;1,3450;1,3612;6,1771
0,3605;-0,0678;0,3410;0,5008;6,2348
-0,2170;-0,0417;0,9440;0,9696;6,2944
-0,0840;-0,0329;0,9892;0,9933;6,3553
0,3244;-0,0596;-0,2899;0,4391;6,4183
-0,2790;0,0061;0,5779;0,6418;6,4741
-0,0625;-0,1196;2,2984;2,3023;6,5419
0,1257;-0,0669;1,3121;1,3198;6,5943
-0,0207;-0,0103;1,0158;1,0161;6,6552
0,0715;-0,0268;1,8612;1,8628;6,7172
-0,0622;-0,0134;1,7377;1,7389;6,7772
0,4347;-0,0193;0,4000;0,5910;6,8346
-0,2016;-0,0283;0,9135;0,9359;6,8968
-0,1162;-0,0425;0,9841;0,9918;6,9546
-0,0181;-0,0149;0,9882;0,9885;7,0153
0,3483;-0,0657;0,0825;0,3639;7,0747
-0,6861;0,1916;2,6723;2,7656;7,1355
0,2980;-0,0195;1,3585;1,3909;7,1936
0,0525;-0,0212;1,0114;1,0130;7,2549
-0,0561;-0,0193;1,0558;1,0575;7,3178
-0,2453;0,0085;1,2591;1,2828;7,3744
-0,8794;-0,0732;-1,0751;1,3909;7,4346
-0,1560;0,0115;0,8157;0,8305;7,4964
-0,2372;-0,0220;0,9626;0,9916;7,5556
-0,1193;-0,0632;1,0597;1,0683;7,6138
0,1367;-0,1193;0,3583;0,4016;7,6747
-0,5211;-0,1750;2,7094;2,7646;7,7363
-0,1396;-0,1335;2,1712;2,1798;7,8027
0,0596;-0,0337;1,0961;1,0982;7,8543
-0,0227;0,0017;1,0226;1,0229;7,9137
0,0344;0,0085;1,7128;1,7132;7,9768
-0,1811;0,1003;1,3184;1,3346;8,0333
0,0862;-0,1374;-1,9960;2,0025;8,0951
-0,2155;-0,0237;0,9179;0,9432;8,1546
-0,0776;-0,0466;1,0514;1,0553;8,2196
0,1391;-0,0749;0,6292;0,6487;8,2736
0,3105;0,2255;0,9155;0,9926;8,3330
-0,7888;0,0207;3,6019;3,6873;8,3943
0,2555;-0,0400;1,4065;1,4301;8,4534
0,0173;-0,0239;1,0190;1,0194;8,5137
-0,0268;0,0071;1,2074;1,2077;8,5790
-0,0239;0,0085;1,5012;1,5015;8,6357
-0,2062;-0,0354;-1,1471;1,1660;8,6938
-0,2550;-0,0242;0,8655;0,9026;8,7537
-0,1289;-0,0408;0,9892;0,9984;8,8141
0,0615;-0,0439;0,9680;0,9709;8,8769
-0,5684;0,0061;0,4647;0,7342;8,9334
-0,0901;0,0207;4,3029;4,3039;8,9949
0,4066;-0,0041;1,3372;1,3977;9,0567
0,0046;0,0051;1,0058;1,0058;9,1136
-0,1369;0,0032;1,1581;1,1662;9,1738
-0,0149;0,0918;1,3485;1,3517;9,2376
-0,6756;0,0962;0,0386;0,6835;9,2941
-0,0412;0,0517;0,8559;0,8585;9,3532
-0,1601;-0,0386;0,9026;0,9175;9,4149
0,0530;-0,0200;0,9982;0,9998;9,4732
-0,7237;-0,0120;0,8999;1,1548;9,5341
0,0051;0,0337;1,2037;1,2042;9,5985
0,0337;0,0273;0,8833;0,8843;9,6548
0,0962;0,0085;1,0714;1,0758;9,7135
-0,0403;0,0088;1,1964;1,1971;9,7736
-0,0974;0,1611;1,6567;1,6674;9,8337
-0,0430;-0,1191;-2,0094;2,0134;9,9038
-0,2358;0,0408;0,9443;0,9741;9,9544
-0,2067;-0,0549;0,8767;0,9024;10,0162
0,0271;-0,0242;1,0156;1,0162;10,0733
0,2902;0,0535;0,3131;0,4303;10,1333
-3,3683;0,3851;-0,1528;3,3937;10,1933
-0,0124;0,0088;0,6529;0,6531;10,2534
0,1164;-0,0007;1,0998;1,1059;10,3167
0,0954;0,0303;1,1908;1,1950;10,3730
0,2228;0,0605;1,1974;1,2194;10,4334
0,4000;-0,0678;-1,0544;1,1297;10,4967
-0,0569;0,0337;0,9026;0,9050;10,5548
-0,1460;-0,0596;0,9426;0,9557;10,6135
0,0325;-0,0268;0,9846;0,9855;10,6734
0,2028;0,0686;0,2673;0,3424;10,7327
0,2721;-0,0891;0,6787;0,7367;10,7943
-0,0576;-0,0005;0,9194;0,9212;10,8550
0,2138;0,0098;1,2460;1,2642;10,9136
0,1237;0,0293;1,4083;1,4140;10,9751
-0,0876;0,0869;1,0812;1,0882;11,0333
-0,4115;0,0222;-0,8886;0,9795;11,0971
-0,2541;-0,0371;0,9692;1,0026;11,1538
-0,1018;-0,0366;0,9633;0,9694;11,2132
0,0678;-0,0215;0,9606;0,9633;11,2782
0,3295;-0,0427;0,3083;0,4532;11,3331
-1,3245;0,3092;-2,0565;2,4656;11,3935
-0,0632;-0,0173;0,8201;0,8227;11,4546
0,1035;0,0071;1,1903;1,1948;11,5132
0,2707;0,1535;1,9415;1,9663;11,5735
0,1381;0,1076;1,8088;1,8172;11,6369
0,2160;-0,3890;-0,1784;0,4794;11,6933
-0,2167;-0,0188;0,9177;0,9431;11,7534
-0,1413;-0,0417;0,9162;0,9280;11,8158
0,0693;-0,0088;0,9299;0,9325;11,8732
-0,2079;0,1252;-0,0225;0,2438;11,9344
0,5657;-0,0325;2,2359;2,3066;11,9958
-0,0630;-0,0273;1,4468;1,4484;12,0547
0,2114;-0,0095;1,1857;1,2044;12,1168
0,0744;0,0081;1,1347;1,1371;12,1738
0,3507;0,0993;1,6628;1,7023;12,2347
-0,0359;-0,0132;-0,9833;0,9841;12,2940
-0,0720;0,0298;0,8213;0,8250;12,3532
-0,2136;-0,0525;0,9497;0,9748;12,4146
-0,0081;-0,0268;0,9450;0,9454;12,4749
-0,1394;0,0730;0,0076;0,1575;12,5345
0,1081;-0,0200;1,7431;1,7466;12,5939
0,1355;-0,0513;1,7114;1,7175;12,6540
0,1552;-0,0703;1,2294;1,2411;12,7154
-0,0771;-0,0515;0,9021;0,9068;12,7734
0,5613;-0,2048;2,2295;2,3082;12,8340
-0,0478;-0,0295;1,3397;1,3409;12,8958
-0,0869;-0,1779;1,7609;1,7720;12,9537
-0,0776;-0,0495;0,7515;0,7571;13,0148
-0,0327;-0,0056;0,9094;0,9100;13,0768
-0,0207;-0,0190;0,1074;0,1110;13,1331
0,2018;-0,0818;1,9769;1,9889;13,1948
-0,1909;-0,1279;1,8232;1,8376;13,2552
0,1650;-0,0268;1,0793;1,0921;13,3133
-0,0351;-0,0437;1,0624;1,0639;13,3740
-0,3402;0,0039;1,0541;1,1077;13,4341
-0,2504;0,0593;0,5233;0,5831;13,4945
0,3129;0,2372;2,4499;2,4812;13,5537
-0,1006;0,0051;0,8957;0,9014;13,6136
-0,0220;-0,0256;0,9272;0,9278;13,6773
0,1028;-0,0049;-1,8627;1,8655;13,7334
1,0400;0,1706;0,5928;1,2092;13,7937
0,1757;-0,0630;1,0893;1,1051;13,8627
0,1970;-0,0622;1,1825;1,2004;13,9220
0,0935;-0,0500;1,0275;1,0330;13,9734
-0,1633;-0,0627;1,6777;1,6868;14,0340
0,0176;-0,1130;0,6409;0,6510;14,0944
-0,0703;-0,1691;0,5181;0,5496;14,1538
0,0203;-0,0725;0,7188;0,7227;14,2154
-0,0159;0,0073;0,9628;0,9630;14,2730
0,1345;-0,1140;-0,1865;0,2566;14,3338
-0,0832;0,1296;1,6916;1,6986;14,3943
0,1106;-0,1433;2,4145;2,4213;14,4541
0,2507;-0,0813;1,1681;1,1974;14,5159
0,0671;-0,0559;1,0783;1,0818;14,5732
0,0268;-0,0205;1,3465;1,3469;14,6361
-0,0537;0,0525;0,8550;0,8582;14,6964
0,1743;-0,0273;0,5501;0,5777;14,7537
-0,0603;0,0012;0,8811;0,8831;14,8136
-0,0698;-0,0325;0,9348;0,9379;14,8737
0,0925;-0,0232;0,8176;0,8232;14,9337
-1,2791;-0,2597;2,9830;3,2560;14,9934
0,0198;-0,1106;1,7399;1,7436;15,0536
0,1579;-0,0456;1,0607;1,0734;15,1134
0,0134;-0,0215;1,0944;1,0947;15,1736
-0,1047;-0,0012;1,2945;1,2987;15,2330
0,7202;0,1545;2,2178;2,3369;15,2938
-0,3268;-0,0578;-0,3051;0,4508;15,3549
-0,2004;-0,0344;0,9384;0,9602;15,4135
-0,0520;-0,0351;0,9201;0,9223;15,4737
0,0957;-0,0498;0,8318;0,8387;15,5334
0,3976;-0,2458;1,7163;1,7788;15,5945
0,0412;-0,1247;1,6860;1,6911;15,6561
0,1784;-0,0288;1,0622;1,0774;15,7124
0,0066;-0,0288;1,0685;1,0689;15,7729
0,0164;-0,0678;1,1974;1,1994;15,8332
0,3378;0,0591;1,2169;1,2643;15,8925
-0,5072;-0,0347;0,7288;0,8886;15,9532
-0,1191;-0,0122;0,8750;0,8831;16,0131
-0,0481;-0,0066;0,9282;0,9294;16,0731
0,1440;-0,0212;0,4879;0,5091;16,1329
0,6570;-0,0088;0,7568;1,0023;16,1933
0,0037;-0,0591;1,2728;1,2742;16,2561
0,2128;-0,0112;1,0817;1,1025;16,3133
0,0024;-0,0325;1,0527;1,0532;16,3726
-0,0693;-0,0354;1,1442;1,1468;16,4337
0,0664;0,0098;0,7874;0,7902;16,4945
0,0571;-0,0605;2,4934;2,4948;16,5533
0,1079;0,0388;0,7437;0,7525;16,6129
-0,1911;-0,0225;0,9140;0,9341;16,6731
0,1015;-0,0151;0,7651;0,7720;16,7328
-0,2963;-0,1176;1,4571;1,4915;16,7970
0,0510;-0,0862;1,5217;1,5250;16,8536
0,1669;-0,0378;1,0234;1,0376;16,9143
0,0085;-0,0410;1,0937;1,0945;16,9731
-0,1333;-0,0456;1,2828;1,2905;17,0330
-0,1074;0,0588;0,6592;0,6705;17,0936
0,0688;0,2079;4,1464;4,1522;17,1534
-0,1342;0,0024;0,8489;0,8594;17,2130
-0,0530;-0,0242;0,9270;0,9288;17,2765
0,1918;-0,1135;-0,3461;0,4116;17,3327
-1,3075;0,3702;1,4849;2,0128;17,3927
0,2931;-0,0027;1,1029;1,1412;17,4529
0,1928;-0,0120;1,0553;1,0729;17,5134
0,0847;0,0229;1,4080;1,4107;17,5809
-0,1621;0,0847;0,8232;0,8433;17,6337
0,0437;0,1794;1,2223;1,2361;17,6933
-0,1572;-0,0242;0,9013;0,9153;17,7536
0,0083;-0,0288;0,9704;0,9709;17,8132
0,1933;-0,0156;0,7378;0,7629;17,8748
1,0905;-0,1569;0,2082;1,1212;17,9328
0,1750;0,0183;1,0444;1,0591;17,9925
0,2463;0,0020;0,9931;1,0232;18,0558
0,0427;-0,0159;1,1054;1,1063;18,1126
0,2646;-0,0305;2,1524;2,1688;18,1762
2,1888;0,1162;3,0706;3,7726;18,2356
0,1257;0,0151;0,5994;0,6126;18,2932
-0,1049;-0,0517;0,7988;0,8073;18,3526
0,0522;-0,0569;0,9143;0,9175;18,4128
0,0329;0,1389;1,1271;1,1361;18,4792
-0,1440;-0,1006;1,7331;1,7420;18,5331
0,2924;-0,0315;1,0424;1,0831;18,5926
0,0776;-0,0278;1,1137;1,1167;18,6522
-1,2076;0,0432;0,8945;1,5035;18,7132
0,8681;0,0827;1,6962;1,9073;18,7720
-0,4505;0,2182;2,0082;2,0696;18,8322
0,0134;-0,0735;0,9699;0,9728;18,8933
-0,0222;-0,0129;0,9440;0,9444;18,9524
-0,3126;0,0503;-0,3478;0,4704;19,0127
0,9782;0,0754;-0,7925;1,2612;19,0728
0,0539;-0,0727;1,5330;1,5356;19,1325
0,1945;-0,0305;1,0165;1,0354;19,1923
0,0242;-0,0461;1,0026;1,0040;19,2531
0,3468;-0,0908;1,8268;1,8617;19,3182
-0,0420;0,0127;1,6757;1,6763;19,3715
-0,0176;-0,0193;0,6016;0,6022;19,4717
-0,0613;-0,0207;0,9611;0,9633;19,4927
0,1154;-0,0181;0,9191;0,9265;19,5510
0,2048;0,0637;0,5526;0,5927;19,6116
0,3344;-0,0203;2,3567;2,3804;19,6712
0,2323;-0,0342;1,0746;1,1000;19,7318
0,0517;-0,0171;1,0392;1,0407;19,7917
-0,0981;0,0117;1,5315;1,5347;19,8515
0,2851;0,1235;0,9108;0,9624;19,9147
0,0100;-0,0754;0,8103;0,8139;19,9776
-0,0578;-0,0444;0,7673;0,7708;20,0371
0,0085;-0,0600;0,9582;0,9601;20,0926
0,0344;-0,0932;0,9743;0,9794;20,1525
0,0632;0,0559;1,0221;1,0256;20,2124
0,0737;-0,1411;1,0451;1,0571;20,2776
0,1779;-0,0556;0,8747;0,8944;20,3405
0,1208;-0,0930;0,9016;0,9144;20,3939
0,0583;-0,1513;1,0163;1,0291;20,4531
0,0913;-0,1711;0,9238;0,9439;20,5175
0,0937;-0,0749;1,0051;1,0122;20,5718
0,1120;-0,0959;1,0021;1,0129;20,6321
0,1135;-0,0657;0,8930;0,9026;20,6924
0,1003;-0,0173;1,2145;1,2187;20,7515
0,1233;-0,0146;0,8811;0,8898;20,8118
0,0574;-0,0493;1,1657;1,1681;20,8718
-0,0854;0,0024;1,1781;1,1812;20,9362
0,1477;-0,0398;1,4705;1,4784;20,9916
-0,0100;-0,0078;0,8320;0,8321;21,0517
0,0566;-0,0220;0,9750;0,9769;21,1114
-0,1420;0,1198;0,4149;0,4546;21,1717
0,3832;0,0195;1,1495;1,2119;21,2316
-0,5006;-0,0898;0,5955;0,7831;21,2941
0,1650;-0,0132;1,1068;1,1191;21,3617
0,1174;-0,0024;1,2972;1,3025;21,4132
0,1042;0,0918;1,1671;1,1753;21,4731
-0,5089;-0,0266;1,1747;1,2804;21,5360
-0,0500;-0,0278;0,6975;0,6999;21,5931
-0,0442;-0,0510;0,9633;0,9657;21,6532
-0,0254;0,0261;-0,0139;0,0390;21,7157
0,6834;-0,0320;0,8955;1,1269;21,7731
0,0871;-0,0600;1,2957;1,3001;21,8333
0,2140;-0,0347;1,0932;1,1145;21,9014
0,0117;-0,0351;1,1359;1,1365;21,9523
0,1560;0,0254;1,1059;1,1171;22,0126
0,3061;0,0964;1,7919;1,8204;22,0729
-0,0129;0,0066;0,7002;0,7004;22,1324
-0,0793;-0,0227;0,8874;0,8912;22,1927
0,0325;-0,0322;0,8254;0,8267;22,2526
0,1125;-0,2475;1,5088;1,5331;22,3129
-0,0151;-0,3573;2,4277;2,4539;22,3726
0,2092;-0,0364;1,1710;1,1901;22,4332
0,0212;-0,0193;1,1703;1,1706;22,4925
0,2248;0,1342;1,5574;1,5792;22,5552
-0,3690;0,1613;0,9533;1,0349;22,6140
-0,4098;-0,0059;0,6592;0,7762;22,6731
-0,1167;-0,0200;0,9741;0,9812;22,7330
-0,0437;-0,0378;0,9362;0,9380;22,7928
-0,0554;0,0776;-0,1787;0,2025;22,8527
0,5372;-0,0666;0,9692;1,1101;22,9131
0,1162;-0,0849;1,4483;1,4554;22,9760
0,1206;-0,0547;1,0939;1,1019;23,0327
-0,1162;-0,0469;1,3231;1,3290;23,0922
-0,5728;0,2189;0,4542;0,7631;23,1551
-0,1237;-0,0081;-1,3328;1,3386;23,2122
-0,2236;-0,0498;0,9870;1,0132;23,2736
-0,0881;-0,0283;0,9050;0,9097;23,3320
0,1882;-0,1394;0,1350;0,2703;23,3926
0,2121;-0,0308;1,0102;1,0327;23,4532
0,4354;-0,1091;4,3932;4,4160;23,5126
0,3026;-0,0769;1,2298;1,2689;23,5725
-0,0317;-0,0376;1,1095;1,1106;23,6343
0,4003;-0,0283;1,6133;1,6624;23,6932
-1,7011;0,1596;-0,5238;1,7871;23,7525
0,5011;0,0095;0,6665;0,8339;23,8153
-0,1616;-0,0322;0,9523;0,9665;23,8722
-0,0376;-0,0310;0,9465;0,9477;23,9340
0,1601;-0,0815;0,5887;0,6155;23,9957
-0,9755;0,0408;1,6667;1,9316;24,0551
-0,1643;-0,0198;1,1493;1,1611;24,1126
0,0469;-0,0078;1,1027;1,1037;24,1725
0,0044;0,0317;1,1718;1,1722;24,2332
-0,5592;0,0808;-0,0342;0,5660;24,2959
-0,0115;0,0017;-1,8498;1,8498;24,3533
-0,1931;-0,0535;0,9211;0,9426;24,4137
-0,0420;-0,0256;0,9265;0,9278;24,4717
0,0832;-0,0452;0,7712;0,7770;24,5320
-0,5755;0,0559;1,5962;1,6977;24,5928
0,5897;-0,1533;3,2788;3,3349;24,6533
0,2621;-0,0637;1,2747;1,3030;24,7125
0,0964;0,0251;1,2381;1,2421;24,7724
-0,0002;0,0654;0,6343;0,6377;24,8321
1,0995;0,0454;1,0280;1,5059;24,8957
0,0720;-0,0020;0,8982;0,9010;24,9521
-0,0737;-0,0261;0,9321;0,9354;25,0125
-0,0029;-0,0290;0,9504;0,9508;25,0730
0,0327;0,0373;0,0373;0,0621;25,1322
-0,2184;-0,1308;1,5842;1,6046;25,1925
0,1774;-0,0659;1,7548;1,7650;25,2535
0,0732;-0,0822;1,1571;1,1623;25,3116
0,0022;-0,0247;1,1852;1,1854;25,3726
0,1067;-0,0039;1,3433;1,3476;25,4321
0,1142;-0,0691;0,9294;0,9389;25,4923
-0,0986;-0,0283;0,8584;0,8645;25,5513
-0,0344;0,0000;0,8735;0,8742;25,6120
0,0234;-0,0166;0,9619;0,9623;25,6723
-0,1015;0,0552;-0,6434;0,6536;25,7362
-0,0703;-0,0635;1,5627;1,5656;25,7915
-0,0901;-0,0952;1,8193;1,8240;25,8527
0,2341;-0,0932;1,2850;1,3095;25,9289
0,0535;-0,0332;1,0802;1,0821;25,9810
-0,1025;-0,0176;1,4978;1,5014;26,0376
0,1289;-0,0024;2,2164;2,2201;26,0921
0,3458;-0,0051;0,7129;0,7924;26,1514
-0,1052;-0,0225;0,9099;0,9162;26,2121
0,0266;-0,0190;0,9411;0,9417;26,2732
0,1262;-0,0681;-0,7366;0,7504;26,3325
0,1279;-0,0957;1,3443;1,3538;26,3919
0,2197;-0,1957;2,1971;2,2167;26,4528
0,1826;-0,1020;1,1129;1,1324;26,5132
0,1128;-0,0254;1,0446;1,0510;26,5717
0,2206;-0,1186;1,6648;1,6835;26,6329
0,8564;0,0520;2,0448;2,2175;26,6965
-0,3541;0,0442;0,1184;0,3760;26,7514
-0,0949;-0,0361;0,8794;0,8852;26,8118
0,0542;-0,0049;0,9929;0,9943;26,8723
-0,2043;0,0549;-0,2568;0,3327;26,9320
0,0818;-0,1325;1,2040;1,2140;26,9945
-0,2123;-0,1079;1,8661;1,8813;27,0514
0,2482;-0,0735;1,2604;1,2867;27,1117
-0,0007;-0,0381;0,9907;0,9914;27,1764
0,2856;0,0266;1,4344;1,4628;27,2326
-2,3889;0,1381;-0,0781;2,3942;27,2926
0,0522;-0,0051;0,7434;0,7453;27,3516
-0,0644;-0,0132;0,8835;0,8860;27,4115
0,0293;-0,0176;0,9216;0,9222;27,4756
-0,1118;-0,0166;0,3039;0,3242;27,5318
0,2475;-0,0764;1,3716;1,3959;27,5914
0,1008;0,0395;2,3389;2,3414;27,6563
0,2570;-0,0383;1,2135;1,2410;27,7119
0,1254;-0,0051;1,0824;1,0897;27,7727
-0,0818;0,0525;1,4505;1,4537;27,8355
-1,9735;0,1359;-0,6468;2,0812;27,8911
0,3144;0,1159;0,8869;0,9481;27,9515
-0,0478;-0,0156;0,8205;0,8221;28,0138
0,0537;-0,0176;0,9189;0,9206;28,0711
0,1452;-0,0344;0,8457;0,8588;28,1315
0,4476;-0,1298;0,7122;0,8511;28,1922
0,2304;0,0290;0,0146;0,2327;28,2520
0,0747;-0,0862;1,1593;1,1649;28,3118
0,0986;-0,0666;1,1525;1,1586;28,3766
0,0959;-0,1564;1,5042;1,5153;28,4315
0,6697;-0,0486;2,1351;2,2382;28,4929
-0,0874;-0,0461;-0,0654;0,1185;28,5512
-0,0259;-0,0217;0,8691;0,8698;28,6112
-0,0110;-0,0166;0,9567;0,9569;28,6712
0,1328;-0,0249;0,9138;0,9237;28,7319
0,0537;-0,0325;0,7176;0,7203;28,7914
0,3986;0,0325;0,8923;0,9778;28,8522
0,2677;-0,0041;1,6711;1,6924;28,9122
0,1193;-0,0642;1,1320;1,1401;28,9713
-0,5848;-0,0237;1,1473;1,2880;29,0316
0,0508;-0,1008;1,6809;1,6847;29,0936
-1,4178;-0,2092;-6,0589;6,2261;29,1508
0,0115;0,0142;0,8850;0,8852;29,2113
0,0022;-0,0312;0,9396;0,9402;29,2712
0,2043;-0,0754;0,7722;0,8023;29,3308
-0,4940;0,0171;1,8900;1,9536;29,3915
-0,0417;-0,1164;0,5635;0,5770;29,4526
-0,0068;-0,0442;0,9328;0,9339;29,5112
0,1172;-0,0666;1,0605;1,0690;29,5708
-0,1076;-0,0688;1,3353;1,3414;29,6312
-0,1140;0,0105;0,9172;0,9243;29,6924
-0,2619;0,0603;-0,0808;0,2806;29,7536
0,0764;0,0193;0,6892;0,6937;29,8116
-0,0249;-0,0073;0,9531;0,9534;29,8712
0,1584;-0,0127;0,9140;0,9277;29,9337
0,0386;-0,0200;0,8059;0,8071;29,9992
0,2192;-0,0417;1,0448;1,0684;30,0531
0,3864;0,0281;1,8424;1,8827;30,1114
0,2116;-0,0779;1,2555;1,2756;30,1722
0,0752;-0,0476;1,1539;1,1574;30,2313
0,0844;-0,0298;1,5278;1,5305;30,2922
0,5016;0,0422;2,0445;2,1056;30,3512
0,1665;-0,0103;0,2577;0,3070;30,4109
-0,0879;-0,0134;0,9418;0,9460;30,4714
0,0578;-0,0317;0,9267;0,9291;30,5326
0,0112;0,0154;0,3766;0,3771;30,5918
0,5716;0,0225;0,2477;0,6234;30,6520
-0,0786;-0,0290;1,0922;1,0954;30,7119
0,1206;-0,0449;1,0627;1,0704;30,7733
0,0085;-0,0251;1,1185;1,1189;30,8323
0,0083;-0,0388;1,0717;1,0724;30,8919
-0,1357;0,0771;0,3371;0,3714;30,9512
-0,1333;-0,0308;0,7500;0,7624;31,0150
-0,0984;-0,0220;0,9736;0,9788;31,0724
0,0761;-0,0144;0,8882;0,8915;31,1319
-1,0097;0,0586;1,1639;1,5420;31,1919
0,0061;-0,0903;1,0949;1,0986;31,2523
0,0303;-0,0581;1,5950;1,5963;31,3122
0,1728;-0,0952;1,2235;1,2393;31,3768
0,0842;-0,0271;1,0134;1,0172;31,4368
0,0205;-0,0137;1,1876;1,1879;31,4924
-0,0793;-0,0127;1,2879;1,2904;31,5530
0,3912;0,0156;2,0850;2,1215;31,6126
0,0730;0,0078;0,6953;0,6992;31,6725
-0,0771;-0,0210;0,9631;0,9664;31,7328
0,1193;-0,0391;0,7634;0,7737;31,7924
-0,5731;-0,4176;2,8024;2,8907;31,8524
0,2497;-0,0083;2,1922;2,2064;31,9165
0,3832;-0,0625;1,2967;1,3536;31,9728
0,0918;-0,0317;1,0497;1,0542;32,0418
-0,4606;-0,0700;0,5784;0,7427;32,0934
-0,7024;-0,1125;0,8708;1,1244;32,1529
0,1145;-0,0015;0,8979;0,9052;32,2138
-0,0059;-0,0281;0,8762;0,8767;32,2729
0,0979;-0,0188;0,9553;0,9605;32,3325
0,5181;-0,0115;0,9467;1,0793;32,3939
-0,0300;-0,0505;0,8999;0,9018;32,4529
0,1335;-0,0366;1,7363;1,7418;32,5125
0,3105;-0,0796;1,2337;1,2747;32,6035
0,1401;-0,0268;1,0351;1,0449;32,6316
0,0974;-0,0288;1,2125;1,2168;32,6946
-0,1384;-0,0149;1,1012;1,1100;32,7555
-0,1025;0,0337;-0,9931;0,9989;32,8125
0,1093;-0,0122;0,7293;0,7375;32,8724
-0,0200;-0,0146;0,9487;0,9490;32,9344
0,1335;-0,0120;0,4339;0,4542;32,9922
0,0625;-0,2011;0,9890;1,0111;33,0517
0,0864;-0,0447;1,6787;1,6815;33,1133
0,1284;-0,0803;1,3995;1,4076;33,1725
0,0481;-0,0320;1,0234;1,0250;33,2332
0,1115;-0,0456;1,8803;1,8841;33,2939
0,7700;-0,0776;1,4612;1,6535;33,3596
0,1335;-0,0705;0,4996;0,5219;33,4127
0,0020;-0,0024;0,7424;0,7425;33,4724
0,0249;-0,0022;0,9455;0,9458;33,5321
0,1865;-0,0962;0,2250;0,3077;33,5920
0,0142;-0,0347;1,1295;1,1302;33,6521
-0,4720;-0,0591;-0,9994;1,1069;33,7125
-0,0222;-0,0766;0,8589;0,8626;33,7733
0,0932;0,0027;1,0824;1,0864;33,8328
-0,0696;0,0359;1,1288;1,1315;33,8926
0,5382;0,0864;2,2862;2,3502;33,9518
0,3671;0,1123;0,0063;0,3839;34,0126
-0,1172;0,0110;0,9382;0,9455;34,0755
-0,0278;-0,0586;0,9619;0,9640;34,1328
0,0954;-0,0769;0,8249;0,8340;34,1922
0,2111;-0,0093;0,5909;0,6275;34,2519
1,3277;-0,3742;4,4969;4,7037;34,3134
0,7505;0,0308;1,4634;1,6449;34,3733
0,0735;0,0107;1,0221;1,0248;34,4326
0,5416;-0,0398;2,4680;2,5270;34,4921
1,4663;-0,0298;2,4582;2,8625;34,5524
0,2914;-0,0137;0,9399;0,9841;34,6129
0,0347;-0,0268;0,6460;0,6475;34,6716
0,0513;-0,0049;0,9414;0,9428;34,7317
0,1416;0,0085;-0,8957;0,9069;34,7926
0,2961;-0,1269;1,4270;1,4629;34,8529
0,1503;-0,1059;1,9913;1,9998;34,9116
0,2175;-0,0183;1,1032;1,1246;34,9714
0,1003;-0,0193;1,0334;1,0384;35,0324
0,3253;-0,0369;1,9003;1,9283;35,0927
-0,2670;0,0342;-0,3178;0,4165;35,1512
0,1694;0,0103;1,2711;1,2824;35,2139
0,0244;-0,0127;0,8530;0,8534;35,2712
0,0024;-0,0183;0,9231;0,9232;35,3328
0,1584;-0,0364;0,7949;0,8114;35,3920
0,2326;-0,0083;0,5094;0,5600;35,4517
0,9296;-0,0901;2,9193;3,0650;35,5122
0,4513;0,0093;1,2533;1,3321;35,5715
0,0805;-0,0207;0,9880;0,9915;35,6314
0,0932;-0,0298;1,1459;1,1501;35,6914
0,0810;-0,1423;1,3831;1,3928;35,7514
-0,3978;-0,0613;0,3539;0,5360;35,8116
0,0373;0,0164;0,7742;0,7752;35,8717
-0,0017;-0,0276;0,8762;0,8766;35,9312
0,1442;-0,0088;0,5455;0,5643;35,9919
0,0635;0,0171;0,2033;0,2137;36,0524
0,2197;-0,1530;0,8384;0,8801;36,1117
0,7200;-0,0698;1,6623;1,8129;36,1730
0,1274;-0,0081;0,9802;0,9884;36,2312
0,0134;0,0334;1,3370;1,3375;36,2923
0,5611;-0,0527;0,8789;1,0441;36,3523
-1,2203;0,2262;-1,6272;2,0465;36,4118
0,0132;-0,0183;0,7605;0,7608;36,4717
0,0178;-0,0286;0,9509;0,9515;36,5339
-0,0720;0,1269;-1,5447;1,5516;36,5931
-0,1848;-0,0752;1,9645;1,9746;36,6531
1,1298;-0,1892;3,3469;3,5375;36,7123
0,4003;-0,0378;1,2106;1,2756;36,7735
0,1347;-0,0227;0,9850;0,9945;36,8335
0,1630;-0,0200;1,1874;1,1987;36,8936
0,0132;-0,0439;0,9372;0,9383;36,9537
0,9682;-0,2485;2,0345;2,2668;37,0136
0,0310;-0,0605;0,8730;0,8757;37,0730
0,0173;-0,0530;0,8713;0,8731;37,1350
0,0979;-0,0329;0,9360;0,9417;37,1936
-0,0476;0,0002;1,1722;1,1732;37,2571
0,2487;-0,0669;0,8681;0,9055;37,3135
-0,4840;-0,1015;1,8100;1,8763;37,3734
0,2216;-0,1110;1,1554;1,1817;37,4337
0,0752;-0,0588;1,0785;1,0827;37,4931
-0,1440;-0,0017;1,0495;1,0593;37,5525
0,2299;-0,0639;1,0409;1,0679;37,6136
-0,0669;-0,0718;0,3849;0,3972;37,6732
-0,0771;-0,0442;0,8049;0,8098;37,7332
0,0034;-0,0247;0,9287;0,9290;37,7953
0,1428;-0,0049;0,6700;0,6850;37,8528
-0,2101;-0,0676;1,7026;1,7168;37,9157
-0,7178;-0,1362;-0,6902;1,0051;37,9733
0,1450;-0,0559;1,1608;1,1711;38,0326
0,1425;-0,0574;1,0046;1,0163;38,0974
0,0488;-0,0737;1,6721;1,6744;38,1526
0,0432;-0,0830;0,5069;0,5155;38,2138
-0,4571;0,0979;-1,0239;1,1255;38,2731
0,0652;0,0081;0,7310;0,7339;38,3336
0,0210;-0,0059;0,9387;0,9389;38,3936
0,1237;-0,0369;0,7036;0,7154;38,4565
0,2367;-0,0503;1,3126;1,3347;38,5136
0,0522;0,1240;-0,5413;0,5578;38,5738
-0,1242;-0,0530;1,1093;1,1175;38,6323
0,1413;-0,0447;1,0744;1,0845;38,6930
0,0913;-0,0566;1,2169;1,2216;38,7580
-0,0061;-0,0796;1,2291;1,2317;38,8123
0,1809;-0,1308;2,1966;2,2079;38,8736
-0,5582;0,1101;-2,1436;2,2178;38,9376
-0,0383;-0,0249;0,7690;0,7704;38,9931
0,0190;-0,0449;0,9765;0,9777;39,0552
-0,6397;0,0207;0,3588;0,7337;39,1136
0,8030;-0,1743;1,0497;1,3331;39,1728
0,0647;-0,0647;1,2530;1,2564;39,2334
0,2048;-0,0190;1,1822;1,2000;39,2927
0,0020;-0,0376;1,1117;1,1124;39,3525
0,0803;-0,0598;1,2799;1,2838;39,4130
-1,7602;0,0586;0,2580;1,7800;39,4729
0,3595;0,0308;1,2062;1,2590;39,5334
-0,0605;-0,0344;0,8701;0,8729;39,5959
0,0635;-0,0020;0,9152;0,9174;39,6537
0,5445;0,0891;-0,3922;0,6769;39,7130
0,0605;0,0405;1,6731;1,6746;39,7727
0,1750;-0,0129;1,4292;1,4400;39,8338
0,1328;-0,0527;1,2274;1,2357;39,8928
0,0715;-0,0427;1,0692;1,0725;39,9551
-0,5474;-0,0493;0,2126;0,5893;40,0126
0,7869;-0,1601;1,9947;2,1503;40,0738
0,0310;-0,0425;4,2074;4,2078;40,1321
-0,0788;-0,0093;1,1591;1,1618;40,1923
-0,0464;-0,0137;0,9533;0,9545;40,2533
0,1340;-0,0251;0,7878;0,7995;40,3124
-0,4532;-0,2421;2,5258;2,5776;40,3727
-0,4632;-0,0905;-1,2484;1,3346;40,4323
0,0805;-0,0293;1,0590;1,0625;40,4937
0,0693;-0,0774;1,1071;1,1119;40,5523
0,0115;0,0769;1,9125;1,9141;40,6125
0,1684;-0,0366;1,7355;1,7441;40,6733
0,0671;0,0322;1,0863;1,0889;40,7327
-0,0869;-0,0122;0,9272;0,9313;40,7929
0,0085;-0,0322;0,9401;0,9407;40,8526
-0,1142;0,0581;-0,2970;0,3235;40,9337
0,1733;-0,0832;1,3673;1,3807;40,9780
0,0293;-0,1074;0,0593;0,1261;41,0326
0,0286;-0,0432;0,9018;0,9033;41,0931
0,1782;-0,0437;1,1361;1,1508;41,1555
0,1596;-0,0493;1,4617;1,4712;41,2121
0,1067;0,0439;0,9994;1,0061;41,2731
0,0203;0,0598;-0,2262;0,2349;41,3324
0,0139;-0,0044;0,7166;0,7167;41,3925
-0,0098;-0,0456;0,9326;0,9337;41,4528
-0,0412;-0,0281;-0,3329;0,3366;41,5153
0,4627;-0,0566;0,7093;0,8488;41,5721
0,4593;-0,3510;3,2214;3,2729;41,6329
0,1316;-0,0632;1,0622;1,0721;41,6921
0,1057;-0,0310;1,0524;1,0582;41,7519
0,3258;-0,0542;1,7063;1,7379;41,8128
0,3986;0,0249;1,7614;1,8061;41,8722
0,2106;0,1477;2,0489;2,0650;41,9363
-0,1589;-0,0515;0,5950;0,6180;41,9924
0,0171;-0,0154;0,9855;0,9858;42,0532
0,1460;-0,0237;0,8755;0,8879;42,1139
0,3744;-0,1057;0,4684;0,6089;42,1729
-0,3009;-0,0508;-1,0729;1,1155;42,2323
-0,0146;0,0166;1,1522;1,1524;42,2922
0,1328;-0,0032;1,1801;1,1875;42,3521
0,0757;-0,0244;1,1408;1,1435;42,4127
0,1533;0,0725;1,5364;1,5457;42,4754
-0,3434;-0,1201;0,3793;0,5255;42,5314
0,2306;0,0171;1,1896;1,2118;42,5932
0,1059;-0,0312;0,7759;0,7837;42,6519
0,1079;0,0161;0,9831;0,9891;42,7120
0,1813;0,0412;0,9089;0,9277;42,7719
0,0869;0,0312;1,0199;1,0241;42,8327
0,2438;0,1420;2,4834;2,4993;42,8922
0,1530;-0,0420;1,3443;1,3536;42,9522
0,1291;-0,0378;1,0063;1,0152;43,0134
0,1176;-0,0061;1,0724;1,0789;43,0728
0,0203;-0,0332;0,9936;0,9943;43,1338
-2,1099;0,0554;-0,4652;2,1613;43,1920
0,1254;-0,0310;0,8584;0,8680;43,2522
0,0569;-0,0603;0,8752;0,8791;43,3118
0,1833;-0,0488;0,9157;0,9352;43,3728
0,1613;-0,1982;1,2867;1,3118;43,4322
0,7197;-0,3087;3,8574;3,9361;43,4915
0,4896;-0,0408;1,2118;1,3076;43,5518
0,1435;-0,0434;0,9836;0,9949;43,6124
0,0586;-0,0227;1,0446;1,0465;43,6717
-0,0220;0,0400;1,1095;1,1105;43,7319
0,1269;0,0849;1,4698;1,4777;43,7935
0,2870;0,0888;1,7953;1,8203;43,8522
0,0205;-0,0073;0,7798;0,7801;43,9125
0,1035;-0,0603;1,0002;1,0073;43,9761
0,2987;-0,0061;0,7961;0,8504;44,0321
0,3539;-0,0678;1,3690;1,4156;44,0923
0,1953;-0,0688;1,1971;1,2149;44,1527
0,1799;-0,0576;0,8069;0,8287;44,2121
0,1755;-0,0930;1,0204;1,0396;44,2718
0,2485;-0,0898;0,9560;0,9918;44,3317
0,2253;-0,0068;0,9277;0,9547;44,3917
0,1994;-0,0725;0,9680;0,9909;44,4514
0,2275;-0,1152;0,9099;0,9449;44,5116
0,1787;-0,1140;0,9628;0,9859;44,5718
0,2038;0,1201;1,1225;1,1471;44,6316
0,2123;-0,0935;1,1220;1,1457;44,6917
0,2529;0,0447;0,9992;1,0317;44,7524
0,0766;0,0715;1,2372;1,2416;44,8121
0,2245;-0,0105;1,1691;1,1905;44,8721
0,6934;0,0100;0,8523;1,0988;44,9354
0,0754;-0,0456;0,8955;0,8998;44,9960
0,1125;0,0761;0,6565;0,6704;45,0514
0,2331;-0,0059;0,9872;1,0144;45,1111
-0,1577;-0,0988;0,7944;0,8159;45,1710
0,5716;0,0847;1,8617;1,9493;45,2316
0,3651;0,0273;1,1146;1,1732;45,2957
0,2128;0,0051;0,9272;0,9513;45,3511
0,1972;0,0727;1,1676;1,1864;45,4109
-0,0095;-0,0381;0,3529;0,3551;45,4721
0,0122;0,0776;0,9931;0,9962;45,5327
-0,1118;0,0281;1,0353;1,0417;45,5915
0,0190;0,0225;0,6956;0,6962;45,6514
0,0632;0,0193;0,6878;0,6909;45,7123
0,0283;-0,0225;0,9453;0,9460;45,7719
0,1738;-0,0032;0,0347;0,1772;45,8327
0,2673;-0,0664;0,7083;0,7599;45,8922
-0,6211;0,1289;-2,6442;2,7192;45,9532
0,1416;-0,0561;1,1085;1,1190;46,0150
0,1047;-0,0556;1,0575;1,0642;46,0721
0,0395;-0,0059;1,2120;1,2127;46,1326
0,1137;0,0461;1,2767;1,2826;46,1923
0,2062;0,0476;0,9951;1,0173;46,2519
-0,1064;-0,0981;1,3336;1,3414;46,3123
0,1337;-0,0366;0,8964;0,9071;46,3727
-0,2755;-0,0659;-0,2819;0,3997;46,4337
-0,2651;-0,1484;0,4969;0,5824;46,4926
0,1765;-0,0203;1,2569;1,2694;46,5524
0,1345;-0,0376;1,1142;1,1229;46,6134
0,2665;-0,0603;1,6704;1,6926;46,6727
-0,1123;0,0813;0,7935;0,8055;46,7328
0,0315;0,0498;3,0232;3,0238;46,7941
0,0212;-0,0149;0,7432;0,7436;46,8565
0,0927;-0,0115;0,9909;0,9953;46,9137
0,3627;-0,0242;0,6668;0,7594;46,9731
0,8144;0,0315;3,4347;3,5301;47,0353
0,3768;-0,0864;1,3111;1,3669;47,0932
0,1015;-0,0183;0,9623;0,9679;47,1572
-0,0068;-0,0347;1,0756;1,0762;47,2129
-0,9270;0,0388;-0,0005;0,9278;47,2746
0,2250;-0,0842;1,6926;1,7096;47,3325
0,0254;-0,0866;0,7263;0,7319;47,3928
-0,0381;-0,0127;0,8896;0,8905;47,4535
0,1179;0,0027;0,9348;0,9422;47,5136
-0,4330;-0,2038;3,2483;3,2833;47,5734
0,2399;-0,0298;1,8766;1,8921;47,6327
0,2585;-0,0566;1,0426;1,0757;47,6919
0,1240;0,0034;1,0253;1,0328;47,7524
0,0617;0,0264;1,2794;1,2811;47,8127
-0,0085;0,0715;0,7002;0,7039;47,8726
0,0088;0,0627;1,8068;1,8079;47,9503
-0,0569;-0,0376;0,3444;0,3511;47,9921
0,0264;0,0127;0,8879;0,8884;48,0526
-0,4601;-0,0356;0,5670;0,7310;48,1126
0,4266;0,0300;0,7071;0,8263;48,1723
0,1940;-0,0251;1,5586;1,5708;48,2328
0,1660;-0,0449;1,0812;1,0948;48,3036
0,0264;-0,0278;1,0114;1,0121;48,3523
-0,1640;0,0730;0,5894;0,6161;48,4130
-0,4789;-0,0801;0,4471;0,6600;48,4721
-0,0808;0,1237;-1,6723;1,6788;48,5336
0,0303;0,0024;0,8196;0,8201;48,5932
0,1289;0,0085;0,9811;0,9896;48,6526
0,0256;-0,1176;0,4291;0,4456;48,7122
0,1154;-0,2411;-0,6953;0,7450;48,7790
0,0945;-0,0669;1,2106;1,2161;48,8330
0,1677;-0,0359;1,0392;1,0533;48,8921
0,0517;-0,0171;1,0849;1,0862;48,9517
0,0305;0,0395;1,0077;1,0090;49,0136
0,0615;-0,0725;1,5193;1,5223;49,0722
-0,1711;-0,0637;0,7329;0,7553;49,1324
0,0085;-0,0093;0,8557;0,8558;49,1934
0,1428;0,0412;0,8476;0,8606;49,2536
0,2302;0,0544;1,0263;1,0532;49,3131
0,6419;-0,0566;2,3974;2,4825;49,3732
0,2143;-0,0849;1,0505;1,0754;49,4394
0,1174;-0,0447;1,0287;1,0364;49,4925
-0,0061;-0,0139;1,0480;1,0481;49,5529
0,0051;0,0212;1,3018;1,3020;49,6124
0,2385;-0,0034;-0,2753;0,3642;49,6720
0,0063;0,0154;0,7722;0,7724;49,7323
-0,0583;-0,0437;0,9609;0,9636;49,7933
0,1379;-0,0217;0,7266;0,7399;49,8523
0,3209;0,0403;1,5093;1,5436;49,9120
0,2145;-0,0981;1,8869;1,9016;49,9724
0,2655;-0,0788;1,2049;1,2364;50,0328
0,1193;-0,0415;1,1093;1,1164;50,0923
0,0251;0,0229;1,3729;1,3733;50,1523
0,1089;0,0183;1,4368;1,4410;50,2148
0,1067;0,0295;0,6380;0,6475;50,2732
-0,0505;-0,0259;0,9233;0,9250;50,3328
0,0630;-0,0244;0,9728;0,9752;50,3951
0,1313;-0,1208;0,4359;0,4710;50,4540
0,1706;-0,2026;1,7104;1,7308;50,5119
0,3627;-0,1296;1,0744;1,1413;50,5722
0,1830;-0,0427;1,0038;1,0213;50,6359
0,0449;-0,0510;1,1349;1,1369;50,6917
-0,0185;-0,0183;1,0426;1,0430;50,7524
-0,3087;-0,0671;-1,7045;1,7336;50,8122
0,0513;0,0268;0,7381;0,7403;50,8731
-0,0181;-0,0232;0,9562;0,9567;50,9324
0,1208;-0,0088;0,6277;0,6393;50,9927
0,0520;-0,0908;1,0097;1,0151;51,0516
0,1455;-0,0261;1,4170;1,4247;51,1122
0,3102;-0,0561;1,1893;1,2304;51,1749
0,0576;-0,0256;1,1434;1,1452;51,2326
-0,0644;-0,0281;0,7632;0,7664;51,2921
0,0120;0,0305;1,0341;1,0346;51,3522
-0,0759;0,0034;0,8774;0,8807;51,4120
-0,0659;-0,0422;0,9767;0,9799;51,4719
0,1040;-0,0017;0,9980;1,0034;51,5322
0,0937;-0,1450;0,7185;0,7390;51,5972
0,2509;0,0825;-0,4259;0,5011;51,6516
0,0803;-0,0444;1,2477;1,2510;51,7131
0,1496;-0,0195;1,1940;1,2035;51,7719
0,3095;-0,0757;1,6433;1,6739;51,8374
0,0049;-0,0115;1,3631;1,3632;51,8931
0,2572;0,0732;-0,8896;0,9290;51,9518
0,0700;0,0105;0,5850;0,5893;52,0122
-0,0022;-0,0139;0,9106;0,9107;52,0763
-0,2726;0,0759;0,2692;0,3906;52,1330
0,1247;0,0007;0,6958;0,7069;52,1910
0,2831;0,0132;1,4622;1,4894;52,2519
0,1074;-0,0247;1,1066;1,1121;52,3145
0,0637;0,0024;1,1266;1,1284;52,3730
-0,0088;-0,0239;1,3458;1,3460;52,4318
0,2302;-0,0905;2,4795;2,4918;52,4918
0,0439;-0,0115;0,7166;0,7180;52,5559
-0,0383;-0,0149;0,8803;0,8813;52,6110
0,1147;-0,0203;1,0553;1,0617;52,6722
0,4247;-0,1809;1,6631;1,7259;52,7320
0,2885;0,1469;0,4464;0,5514;52,7923
0,0671;-0,1225;1,2477;1,2555;52,8522
0,1403;-0,0703;1,1232;1,1341;52,9144
0,0227;-0,0332;1,1161;1,1168;52,9733
-0,1118;0,2668;0,9777;1,0196;53,0320
-0,5704;-0,0229;-1,1571;1,2903;53,0916
-0,1254;-0,0410;0,8652;0,8752;53,1512
0,0337;-0,0547;0,9543;0,9565;53,2257
0,1394;0,0376;0,7844;0,7976;53,2714
0,3146;0,0237;1,9867;2,0116;53,3321
0,6373;-0,3183;3,5748;3,6451;53,3917
0,2758;-0,0273;1,2225;1,2535;53,4510
0,1401;-0,0005;0,9746;0,9846;53,5119
0,4032;-0,1174;1,5391;1,5953;53,5717
-0,4310;-0,0229;1,3004;1,3701;53,6311
0,1035;-0,0598;0,7566;0,7660;53,6921
-0,0305;-0,0220;0,8020;0,8029;53,7547
0,1245;-0,0124;0,9831;0,9910;53,8120
-0,2192;0,0532;0,2489;0,3359;53,8716
0,3148;-0,1438;1,4331;1,4743;53,9352
1,4639;-0,7644;3,5250;3,8927;53,9921
0,2970;-0,0957;1,0822;1,1263;54,0528
0,1830;-0,0483;1,0736;1,0902;54,1115
0,0105;-0,0244;1,4478;1,4480;54,1713
0,2133;0,0659;1,3311;1,3497;54,2327
-0,6778;0,1308;-1,7958;1,9239;54,2917
0,2375;-0,0210;0,8925;0,9238;54,3509
-0,0488;-0,0520;0,8982;0,9010;54,4116
0,1452;-0,0124;0,9213;0,9328;54,4773
0,3300;-0,0822;1,7011;1,7348;54,5325
0,1284;-0,0166;1,0414;1,0494;54,5928
0,0247;-0,1174;1,4610;1,4659;54,6524
0,2550;-0,0752;1,1300;1,1609;54,7122
0,1911;-0,0256;1,0829;1,0999;54,7724
0,1286;0,0393;1,4812;1,4873;54,8371
-0,1320;0,0473;1,7800;1,7855;54,8938
0,1967;-0,0639;0,4825;0,5250;54,9521
-0,0910;-0,0386;0,9606;0,9657;55,0124
0,1020;-0,0478;0,9848;0,9912;55,0730
0,0500;0,0769;-0,3429;0,3550;55,1345
0,4632;-0,0024;2,4946;2,5372;55,1922
0,2555;-0,1452;1,9772;1,9989;55,2524
0,4008;-0,1269;1,1066;1,1837;55,3121
0,2084;-0,0288;0,9826;1,0049;55,3722
0,3515;-0,0979;1,7570;1,7945;55,4323
0,7383;0,0923;1,2550;1,4590;55,4928
0,0144;-0,0142;0,3685;0,3691;55,5519
-0,0129;-0,0183;0,8140;0,8143;55,6119
0,1245;-0,0144;0,9704;0,9785;55,6727
0,2746;-0,0576;1,5469;1,5721;55,7320
-0,0947;0,0002;0,5411;0,5493;55,7920
0,2206;-0,1037;1,4493;1,4696;55,8523
0,2741;-0,0625;1,1154;1,1503;55,9121
0,1096;-0,0300;1,0419;1,0481;55,9749
-0,5101;0,0459;0,9916;1,1161;56,0319
0,1721;0,0207;0,9887;1,0038;56,0961
0,1152;0,0493;0,6065;0,6193;56,1515
-0,0525;-0,0356;0,9062;0,9084;56,2115
0,0891;-0,0395;0,9367;0,9418;56,2715
-0,8979;0,2316;-1,2367;1,5457;56,3317
0,2260;0,0373;0,0598;0,2367;56,3925
0,1181;-0,0466;1,2250;1,2315;56,4520
0,2572;-0,0552;1,0536;1,0860;56,5119
0,1242;-0,0354;1,0544;1,0622;56,5735
-0,6834;0,2292;0,7310;1,0266;56,6317
0,3454;-0,0378;1,9457;1,9765;56,6918
0,0378;0,0059;0,5521;0,5534;56,7567
0,0110;-0,0068;0,8820;0,8821;56,8116
0,1518;-0,0220;0,9121;0,9249;56,8728
-0,9260;-0,2692;3,4965;3,6270;56,9388
-0,0488;-0,1172;0,3815;0,4020;56,9916
0,0574;-0,0500;1,0034;1,0062;57,0517
0,2404;-0,0349;1,0016;1,0307;57,1130
0,0801;-0,0320;1,0602;1,0637;57,1719
-0,3146;-0,0315;1,3302;1,3672;57,2325
0,1291;-0,0205;1,6369;1,6422;57,2921
0,0822;-0,0425;0,5452;0,5530;57,3527
-0,0434;-0,0366;0,8103;0,8123;57,4132
0,1286;-0,0417;0,9282;0,9380;57,4767
0,7071;-0,1059;0,6722;0,9813;57,5332
1,6552;-0,4044;6,0240;6,2604;57,5927
0,4291;-0,0749;1,1298;1,2108;57,6530
0,1892;-0,0339;0,9982;1,0166;57,7125
0,0796;-0,0305;1,1664;1,1695;57,7722
0,0195;-0,0288;0,9816;0,9822;57,8327
-0,2148;0,0215;-0,1113;0,2429;57,8927
0,1054;-0,0190;0,9379;0,9440;57,9554
0,0632;-0,0371;0,9087;0,9116;58,0141
0,1364;-0,0588;0,9135;0,9255;58,0736
0,1586;-0,4462;1,3914;1,4698;58,1328
1,0878;-0,3434;3,3710;3,5588;58,1962
0,3873;-0,0576;1,3131;1,3702;58,2536
0,1667;-0,0146;1,0588;1,0719;58,3133
0,0515;-0,0308;1,0346;1,0363;58,3734
0,0517;-0,0339;1,1642;1,1658;58,4335
-0,5919;-0,0805;-1,2479;1,3835;58,4953
-0,0783;-0,0539;0,7891;0,7948;58,5536
0,0020;-0,0120;0,8589;0,8589;58,6131
0,1623;0,1352;-0,4996;0,5424;58,6740
-0,0290;-0,0566;2,0392;2,0402;58,7328
0,1118;0,1318;1,5815;1,5910;58,7934
0,2316;-0,0920;1,1596;1,1860;58,8576
0,1791;-0,0120;1,0217;1,0373;58,9147
0,8779;-0,1208;2,5090;2,6609;58,9750
0,1328;-0,0991;1,3970;1,4068;59,0334
-0,6202;0,1452;-0,7795;1,0067;59,0964
-0,0437;-0,0215;0,6314;0,6333;59,1530
0,0220;-0,0081;0,8984;0,8987;59,2128
0,1643;-0,0127;0,6329;0,6540;59,2734
-0,0442;0,0103;1,5054;1,5061;59,3334
-0,5394;-0,1892;1,9972;2,0774;59,3921
0,4742;-0,0844;1,0961;1,1973;59,4538
0,1872;-0,0127;0,9833;1,0011;59,5146
-0,2941;-0,1418;1,5032;1,5382;59,5755
0,2123;0,0298;1,6696;1,6834;59,6322
0,0659;-0,0124;0,5743;0,5782;59,7016
-0,0129;-0,0059;0,8105;0,8107;59,7523
0,0854;-0,0254;1,0048;1,0088;59,8137
-0,0334;0,1152;0,0110;0,1205;59,8733
0,2580;-0,0625;1,9564;1,9743;59,9337
0,2245;-0,0749;1,4742;1,4930;59,9978
0,3300;-0,0420;1,1144;1,1630;60,0586
0,1835;-0,0273;1,0221;1,0388;60,1136
0,2836;-0,0718;1,2974;1,3300;60,1743
0,2892;-0,0366;1,7687;1,7926;60,2322
0,3995;0,0637;1,8730;1,9162;60,2930
0,1870;-0,0105;0,5496;0,5807;60,3525
0,0088;-0,0107;0,7832;0,7833;60,4126
0,1172;-0,0073;0,8711;0,8789;60,4726
0,2587;-0,4008;0,6592;0,8137;60,5328
0,7078;0,0059;2,0843;2,2012;60,5934
0,3461;-0,0566;1,1835;1,2343;60,6538
0,1735;-0,0310;1,0121;1,0274;60,7127
0,0742;-0,0598;1,1620;1,1659;60,7728
0,1003;-0,0222;2,1605;2,1629;60,8355
0,5740;-0,1994;2,3818;2,4581;60,8929
0,2101;-0,0525;0,8884;0,9144;60,9527
0,0393;0,0110;0,8645;0,8654;61,0127
0,0710;-0,0066;0,8454;0,8484;61,0726
-0,0520;-0,1416;0,8943;0,9069;61,1364
1,0492;-0,1420;3,6705;3,8202;61,1925
0,5970;-0,0847;1,2445;1,3829;61,2523
0,2494;-0,0193;0,9902;1,0213;61,3170
-0,0347;-0,0454;0,9907;0,9923;61,3736
0,0549;-0,0683;1,3302;1,3330;61,4357
0,3012;-0,1408;2,4009;2,4238;61,4923
0,0757;-0,0034;0,6028;0,6076;61,5522
0,0447;0,0063;0,8415;0,8427;61,6155
0,0837;-0,0044;0,9711;0,9747;61,6733
0,0242;0,0081;1,7546;1,7548;61,7331
0,0908;0,0678;0,7815;0,7897;61,7954
0,0744;0,0251;0,8899;0,8933;61,8537
0,1689;-0,0903;1,2150;1,2300;61,9125
0,1665;-0,0237;1,0802;1,0932;61,9738
0,0103;-0,0154;1,3167;1,3169;62,0338
0,2636;-0,0935;0,8210;0,8674;62,0938
0,0535;-0,0300;0,7485;0,7511;62,1531
0,0444;-0,0134;0,9819;0,9830;62,2138
0,1457;-0,0188;0,9345;0,9460;62,2737
0,2236;-0,0730;1,3126;1,3335;62,3334
0,4486;-0,0234;0,8740;0,9827;62,3927
0,2951;-0,0154;1,3133;1,3461;62,4539
0,2211;-0,0220;1,1046;1,1268;62,5135
0,1420;0,0085;1,0717;1,0811;62,5734
-0,5716;0,0332;0,7939;0,9789;62,6331
0,0398;-0,0034;0,7883;0,7893;62,6931
-0,2033;-0,0869;1,1110;1,1328;62,7535
0,0742;-0,0417;0,7176;0,7226;62,8130
0,0720;0,0144;1,0219;1,0245;62,8736
0,2934;-0,0268;-0,3588;0,4642;62,9379
-0,2992;-0,0947;-0,9453;0,9960;62,9933
0,1242;0,0547;0,0017;0,1357;63,0537
0,1679;0,0085;1,2464;1,2577;63,1126
0,2277;-0,0469;1,1752;1,1979;63,1726
-1,0275;0,2038;-0,0149;1,0476;63,2330
0,2707;0,0486;0,7488;0,7977;63,2974
-0,2699;-0,2529;-0,3937;0,5402;63,3536
0,0017;-0,0210;0,6360;0,6364;63,4188
0,0454;-0,0207;0,9843;0,9856;63,4734
0,1738;-0,0459;0,9199;0,9373;63,5328
0,0449;-0,1955;1,6699;1,6819;63,5955
-0,8213;-0,2136;-0,1257;0,8578;63,6553
0,0903;-0,0327;1,0980;1,1022;63,7131
0,1613;-0,0493;0,9863;1,0006;63,7731
0,2143;-0,0273;1,2049;1,2242;63,8340
0,0908;-0,0805;1,1183;1,1249;63,8928
0,2067;-0,1286;2,9778;2,9878;63,9537
0,1738;-0,0569;1,4634;1,4748;64,0132
0,0754;-0,0486;0,8076;0,8126;64,0731
0,1677;-0,0576;0,9872;1,0030;64,1332
0,0071;-0,0976;3,5865;3,5879;64,1930
-0,9255;-0,1062;0,5670;1,0905;64,2531
-0,0437;-0,0134;1,1644;1,1653;64,3129
0,2199;-0,0276;0,9904;1,0149;64,3730
0,1574;0,0051;1,2704;1,2801;64,4334
-0,5318;0,3717;0,5313;0,8386;64,4947
-1,2340;0,0203;-2,5480;2,8312;64,5527
0,0913;-0,0405;0,6534;0,6609;64,6148
0,0791;-0,0434;0,9284;0,9328;64,6753
0,0242;0,0735;-0,0535;0,0940;64,7329
0,1218;-0,4235;2,2603;2,3028;64,7927
1,4737;-0,0923;3,2519;3,5714;64,8525
0,6202;-0,0459;1,2884;1,4306;64,9126
0,1791;-0,0127;0,9907;1,0068;64,9730
0,0984;0,0337;0,5731;0,5824;65,0332
0,1572;0,1172;1,1969;1,2128;65,0928
-0,0691;0,1023;0,9282;0,9363;65,1523
0,0752;-0,0103;0,5779;0,5829;65,2122
0,0683;-0,0586;0,9921;0,9962;65,2721
0,1499;-0,0095;0,4962;0,5184;65,3324
0,2792;-0,1501;0,9633;1,0141;65,3935
1,1195;-0,2233;1,8437;2,1685;65,4526
0,4637;-0,0400;1,1849;1,2731;65,5130
0,1879;-0,0268;1,0597;1,0766;65,5733
0,1281;0,0034;1,0151;1,0231;65,6325
-0,3739;0,0405;0,1521;0,4057;65,6922
0,0566;0,1569;0,1408;0,2183;65,7520
0,1215;0,0078;0,5528;0,5661;65,8125
0,0603;-0,0327;1,0102;1,0125;65,8725
-0,4088;0,0061;-0,2075;0,4585;65,9336
-0,0117;-0,0925;0,8215;0,8268;65,9925
0,2380;0,0088;0,9826;1,0110;66,0527
0,2355;-0,0083;1,1654;1,1890;66,1127
0,0984;-0,0268;1,0976;1,1023;66,1734
0,0779;-0,0439;1,4827;1,4854;66,2328
0,1992;-0,0081;0,9587;0,9792;66,2930
-0,5792;0,2507;-1,7817;1,8901;66,3540
0,0654;-0,0168;0,8047;0,8075;66,4133
0,1667;-0,0283;0,9506;0,9656;66,4802
-0,0434;-0,0605;0,8767;0,8798;66,5338
0,1982;0,0430;-0,0168;0,2035;66,5944
0,3751;-0,0608;1,2272;1,2847;66,6545
0,3034;-0,0525;1,0924;1,1350;66,7131
0,1150;-0,0371;1,0822;1,0889;66,7728
0,0984;-0,0896;1,2428;1,2499;66,8345
-0,3837;-0,0708;-0,8193;0,9075;66,8936
0,1052;-0,0325;0,9099;0,9165;66,9656
0,0693;-0,0159;0,9833;0,9859;67,0152
0,2053;-0,0232;0,9633;0,9852;67,0729
0,2499;-0,1460;2,3032;2,3214;67,1331
0,2416;0,1330;0,0525;0,2808;67,1934
0,3212;-0,0090;0,8964;0,9523;67,2545
0,2685;-0,0542;1,1495;1,1817;67,3132
0,1242;-0,0547;1,0331;1,0420;67,3732
0,0149;-0,0495;1,3990;1,3999;67,4343
1,1422;-0,0015;1,8793;2,1992;67,4937
-0,1411;-0,0054;-0,0427;0,1475;67,5532
0,1062;0,0107;0,8738;0,8802;67,6124
0,1860;-0,0247;0,8796;0,8994;67,6753
-0,2426;-0,1035;1,4639;1,4875;67,7325
-0,8628;-0,0718;0,8203;1,1926;67,7927
0,4501;-0,1225;1,2152;1,3016;67,8536
0,2848;-0,0530;0,9907;1,0322;67,9126
0,0822;-0,0637;1,0937;1,0986;67,9729
0,0718;-0,0105;1,7355;1,7371;68,0344
0,3417;0,0295;1,2691;1,3147;68,0927
-1,3045;0,0869;-3,0877;3,3531;68,1536
0,0315;-0,0149;0,8386;0,8393;68,2122
0,2328;-0,0271;0,7698;0,8047;68,2727
-0,3173;-0,2870;1,6953;1,7484;68,3368
0,2345;-0,3500;2,2664;2,3052;68,3926
0,4725;0,0034;1,0339;1,1367;68,4535
0,2062;-0,0315;1,0570;1,0774;68,5124
0,2133;-0,0205;1,1286;1,1487;68,5730
0,4359;0,0164;1,8622;1,9126;68,6337
0,1743;0,0844;1,1515;1,1677;68,6934
0,3158;0,0217;1,0290;1,0766;68,7529
0,1469;0,0085;0,8674;0,8798;68,8129
0,2140;0,0254;0,6704;0,7042;68,8755
0,6556;-0,0264;1,5981;1,7276;68,9328
-0,0952;-0,0749;1,4668;1,4718;68,9924
0,4025;-0,0303;1,0780;1,1511;69,0531
0,1999;-0,0261;1,0673;1,0862;69,1181
0,0869;-0,0190;1,1278;1,1313;69,1727
-0,1682;-0,0220;0,4508;0,4816;69,2331
0,9755;0,0354;3,1335;3,2821;69,2929
0,1057;0,0212;0,7617;0,7693;69,3523
0,1416;-0,0220;0,8674;0,8792;69,4129
0,2326;-0,0669;1,3106;1,3328;69,4759
1,5427;-0,6226;6,8836;7,0818;69,5329
0,4220;-0,1164;1,0331;1,1220;69,5933
0,1787;-0,0896;1,0270;1,0463;69,6526
0,1584;-0,0613;1,0949;1,1080;69,7123
0,1091;-0,0674;1,2938;1,3001;69,7725
0,1848;-0,2856;2,2264;2,2522;69,8326
0,0586;0,0105;0,4466;0,4506;69,8928
0,0488;0,0029;0,9238;0,9251;69,9543
0,1787;-0,0037;0,8899;0,9076;70,0126
0,1252;-0,4010;1,9720;2,0163;70,0730
0,4906;0,0481;2,2305;2,2843;70,1325
0,4147;-0,0454;1,3719;1,4339;70,1926
0,2072;-0,0183;1,0168;1,0378;70,2620
0,2360;0,0020;1,1486;1,1726;70,3122
0,1364;0,0581;2,0145;2,0200;70,3729
0,6092;0,0000;3,0669;3,1268;70,4327
0,0408;-0,0312;0,5967;0,5989;70,4923
0,0835;-0,0171;0,9616;0,9654;70,5528
0,1196;-0,0024;0,5762;0,5885;70,6126
0,0312;-0,0505;0,5233;0,5266;70,6725
0,1233;-0,1352;1,4776;1,4889;70,7367
0,2902;-0,0664;1,0390;1,0808;70,7922
0,1489;-0,0586;1,0658;1,0778;70,8530
0,1235;-0,0725;2,0814;2,0863;70,9128
0,1904;-0,0354;2,4333;2,4410;70,9729
0,0000;-0,0103;0,2878;0,2879;71,0330
0,0332;0,0085;0,9228;0,9234;71,0921
0,1320;-0,0071;0,9492;0,9583;71,1528
0,5225;-0,0193;0,4618;0,6976;71,2124
1,6609;-0,0412;3,6500;4,0103;71,2734
0,5213;-0,0359;1,3089;1,4094;71,3328
0,2773;-0,0078;1,0029;1,0405;71,3922
0,1115;-0,0242;1,0614;1,0676;71,4533
0,4493;-0,0010;2,0116;2,0612;71,5124
0,3966;0,0520;3,1062;3,1319;71,5763
0,1452;0,0154;0,4388;0,4625;71,6323
0,0935;0,0010;0,8879;0,8928;71,6950
0,1062;0,0398;0,4972;0,5099;71,7519
0,0195;-0,1845;2,3823;2,3895;71,8122
0,0652;-0,2653;2,5873;2,6017;71,8719
0,3744;-0,0229;1,0871;1,1500;71,9323
0,1911;-0,0178;1,0141;1,0321;71,9960
0,0403;-0,0298;1,1161;1,1172;72,0530
0,3641;0,0678;2,2952;2,3249;72,1122
0,5557;-0,1574;1,9669;2,0500;72,1723
0,0530;-0,0022;0,6600;0,6621;72,2326
0,0776;-0,0010;0,9948;0,9978;72,2922
0,1809;-0,0146;0,9306;0,9481;72,3517
0,1462;0,0530;0,7871;0,8023;72,4124
0,6914;-0,0798;1,6255;1,7682;72,4721
0,4481;-0,0491;1,1427;1,2284;72,5320
0,2206;-0,0266;1,0087;1,0329;72,5917
-0,8027;-0,2060;0,3517;0,9003;72,6522
0,7844;0,0871;1,1761;1,4164;72,7131
-0,4488;0,1035;-0,8310;0,9502;72,7729
0,0732;-0,0056;0,7795;0,7830;72,8322
0,1181;-0,0442;0,9770;0,9851;72,8941
-0,3454;0,0993;0,0234;0,3601;72,9573
0,2158;0,0349;0,9284;0,9538;73,0119
0,5804;-0,0405;2,8392;2,8982;73,0724
0,3153;-0,0554;1,2647;1,3046;73,1314
0,2097;-0,0303;1,0631;1,0840;73,1923
0,1162;-0,0217;1,2499;1,2554;73,2520
0,9157;-0,0852;1,9935;2,1954;73,3110
-1,2037;-0,1247;-2,4038;2,6912;73,3716
0,1140;-0,0146;0,7586;0,7672;73,4328
0,1669;0,0193;0,9763;0,9906;73,4919
0,1328;0,0347;1,3216;1,3287;73,5519
-0,0879;0,0098;0,3270;0,3388;73,6167
-0,1076;-0,0925;1,2521;1,2601;73,6716
0,3849;-0,0791;1,0646;1,1348;73,7317
0,1811;-0,0500;1,0768;1,0931;73,7918
0,0925;-0,0598;1,1471;1,1524;73,8516
0,1950;0,0329;1,7394;1,7507;73,9119
-0,2958;0,0405;1,8010;1,8255;73,9717
0,1330;-0,0210;0,7471;0,7591;74,0311
0,0622;-0,0505;1,0024;1,0056;74,0915
0,1145;-0,0249;0,6338;0,6446;74,1538
-0,4337;-0,0781;1,1766;1,2565;74,2124
-0,0312;-0,1574;1,9906;1,9971;74,2716
0,2953;-0,0744;1,1696;1,2086;74,3314
0,1435;-0,0278;1,0839;1,0937;74,3925
0,2633;0,0017;1,7309;1,7508;74,4515
0,2609;0,0312;0,7495;0,7942;74,5116
0,2031;0,1452;2,1673;2,1816;74,5760
0,0742;-0,0095;0,7871;0,7907;74,6314
0,0661;-0,0083;0,9775;0,9797;74,6912
0,1708;-0,0910;0,5772;0,6088;74,7515
0,1872;0,0649;0,5555;0,5898;74,8114
0,2853;-0,0386;1,3192;1,3502;74,8741
0,2785;-0,0503;1,0409;1,0787;74,9333
0,1555;-0,0203;1,0302;1,0421;74,9933
0,6668;0,0081;1,9872;2,0961;75,0522
-0,4076;0,1772;1,0548;1,1447;75,1148
-0,4188;0,1228;-0,6563;0,7882;75,1720
0,0818;-0,0159;0,7437;0,7483;75,2312
0,1564;0,0137;0,9494;0,9623;75,2913
0,0891;-0,0342;0,6177;0,6251;75,3541
-0,6133;-0,3688;-1,0607;1,2796;75,4117
0,2424;-0,0420;1,6809;1,6988;75,4712
0,2529;-0,0200;0,9872;1,0193;75,5367
0,5667;0,0002;1,6089;1,7058;75,5911
0,0344;-0,0434;0,8503;0,8521;75,6515
0,8393;0,1533;2,0775;2,2459;75,7113
0,0674;-0,0027;0,5352;0,5395;75,7711
0,0539;-0,0085;0,9587;0,9602;75,8318
0,1311;-0,0403;0,9719;0,9815;75,8914
-0,1701;-0,0700;2,0096;2,0180;75,9520
0,7388;0,0039;1,0173;1,2572;76,0107
0,4432;-0,0932;1,4136;1,4844;76,0722
0,1628;-0,0486;0,9982;1,0126;76,1334
0,3288;-0,1001;1,4593;1,4992;76,1909
0,0281;-0,0305;1,0793;1,0801;76,2513
-0,0903;0,1491;0,0476;0,1807;76,3117
0,0842;-0,0166;0,7761;0,7809;76,3710
0,1308;0,0288;0,9309;0,9405;76,4314
-0,0344;0,0642;1,8861;1,8875;76,4933
0,1440;0,0535;0,6609;0,6785;76,5512
0,3217;0,0578;1,2001;1,2438;76,6107
0,1972;-0,0918;1,2506;1,2694;76,6706
0,1550;-0,0571;1,1525;1,1642;76,7318
0,2624;-0,1689;1,7914;1,8184;76,7908
-2,5673;0,0844;-1,3660;2,9093;76,8510
0,2143;0,0034;0,7866;0,8153;76,9111
0,0705;0,0217;0,7783;0,7818;76,9826
0,1040;-0,0059;0,9062;0,9122;77,0308
0,1189;-0,0979;1,0873;1,0982;77,0912
0,1157;0,0669;-0,5689;0,5844;77,1509
-0,0525;-0,0127;0,7542;0,7561;77,2115
0,2697;-0,0251;1,0073;1,0430;77,2718
0,2123;0,0085;1,3558;1,3723;77,3341
0,0068;-0,0129;0,8266;0,8268;77,3906
0,4896;0,0215;2,1775;2,2320;77,4512
0,0827;0,0325;0,7683;0,7734;77,5108
0,0866;0,0063;0,9335;0,9376;77,5716
0,1782;-0,0412;0,8730;0,8920;77,6309
0,2912;-0,1211;1,2408;1,2803;77,6906
-0,3956;0,0207;1,5635;1,6129;77,7513
0,6109;-0,0705;1,3026;1,4404;77,8108
0,2192;-0,0076;0,9572;0,9820;77,8708
-0,1076;0,0247;1,1056;1,1111;77,9317
0,2035;0,0537;1,3795;1,3954;77,9937
-0,0764;-0,0366;-0,1843;0,2028;78,0509
0,0466;-0,0046;0,7849;0,7863;78,1133
0,0366;-0,0281;0,9909;0,9920;78,1707
0,1152;0,0417;-0,2123;0,2452;78,2315
0,0691;-0,0561;0,9968;1,0007;78,2909
0,0320;-0,1362;0,8252;0,8370;78,3517
0,2936;0,0085;1,0607;1,1006;78,4167
0,2497;-0,0383;1,0485;1,0785;78,4723
0,7114;-0,1994;1,9864;2,1194;78,5316
-0,2375;-0,0513;1,0326;1,0608;78,5924
0,6014;-0,0417;2,5361;2,6067;78,6520
0,0683;0,0049;0,7459;0,7490;78,7127
0,1269;-0,0220;1,0053;1,0135;78,7715
-0,1857;-0,0032;-0,1120;0,2169;78,8312
0,0644;-0,1228;0,9692;0,9790;78,8940
0,9521;-0,1516;4,0271;4,1409;78,9521
0,3602;-0,0354;1,1693;1,2241;79,0116
0,1457;-0,0271;0,9963;1,0072;79,0740
0,1235;-0,0212;1,1327;1,1396;79,1316
0,0698;0,0210;1,1456;1,1480;79,1913
-0,2326;-0,1013;-0,3988;0,4727;79,2510
0,0908;0,0049;0,8413;0,8462;79,3124
0,1174;-0,0417;0,8633;0,8722;79,3728
0,1838;-0,0923;0,9826;1,0039;79,4307
0,2038;-0,1230;1,0971;1,1226;79,4914
0,1462;-0,1128;1,0444;1,0605;79,5511
0,2194;-0,1218;1,0129;1,0435;79,6117
0,2053;-0,0320;0,9021;0,9257;79,6709
0,0957;-0,0769;0,2641;0,2912;79,7316
0,5091;-0,0244;1,4824;1,5676;79,7923
0,5069;0,0815;2,4087;2,4628;79,8524
0,2219;-0,1103;1,3402;1,3629;79,9113
0,2477;-0,0766;1,0883;1,1188;79,9752
-0,1298;0,0842;0,7827;0,7979;80,0347
0,2533;-0,0803;2,4319;2,4463;80,0914
0,0029;-0,0788;0,9609;0,9641;80,1502
0,0068;-0,1169;0,8999;0,9075;80,2110
0,2460;-0,0988;1,0439;1,0770;80,2711
0,3236;-0,1970;2,6725;2,6992;80,3315
0,2487;0,0783;0,4391;0,5107;80,3912
0,3007;0,0168;0,8157;0,8695;80,4544
0,3012;0,0127;1,0768;1,1182;80,5112
0,4181;0,0020;1,3170;1,3817;80,5712
-0,0139;-0,0715;0,6329;0,6370;80,6301
-0,0722;-0,0556;1,1093;1,1130;80,6914
0,3366;-0,1262;1,9962;2,0283;80,7545
0,0818;-0,0688;0,7922;0,7994;80,8112
0,2192;-0,0818;0,9777;1,0053;80,8711
-0,1213;-0,1948;1,5274;1,5445;80,9310
-0,5372;-0,0139;0,4647;0,7104;80,9903
0,3375;-0,0517;0,9907;1,0479;81,0514
0,2963;-0,0522;0,9907;1,0353;81,1107
0,1135;-0,0632;1,1232;1,1307;81,1710
0,2233;-0,0949;1,7106;1,7278;81,2314
0,2958;-0,0422;1,3819;1,4138;81,2909
0,0137;0,0002;0,7544;0,7545;81,3509
0,0888;-0,0388;1,0085;1,0131;81,4106
-0,0210;-0,1303;0,2821;0,3115;81,4711
0,5181;-0,1499;1,3023;1,4096;81,5335
0,2077;-0,0657;1,2274;1,2466;81,5910
0,3515;-0,0522;1,0097;1,0704;81,6545
0,1442;-0,0600;1,0461;1,0577;81,7122
0,0317;-0,0412;1,0758;1,0771;81,7706
0,1147;0,0683;1,4078;1,4141;81,8318
-0,0085;-0,0200;1,2135;1,2137;81,8919
0,1189;0,1284;-0,7561;0,7761;81,9517
0,0552;-0,0063;0,8425;0,8443;82,0111
0,1538;0,0027;0,9482;0,9606;82,0717
0,7659;-0,1423;0,5845;0,9739;82,1307
0,2553;-0,0107;1,0016;1,0337;82,1956
0,3612;-0,0537;1,3360;1,3850;82,2504
0,2802;-0,0449;1,0517;1,0893;82,3107
0,0215;-0,0898;1,2889;1,2922;82,3706
0,1198;-0,0718;1,3123;1,3197;82,4319
0,0007;0,0371;-0,3512;0,3532;82,4906
0,0727;-0,0100;0,9087;0,9116;82,5507
0,0542;-0,0227;0,9353;0,9371;82,6105
-0,4398;0,2021;-1,4812;1,5583;82,6793
0,0354;0,0063;-0,0247;0,0436;82,7321
0,2636;-0,0542;1,5791;1,6019;82,7909
0,2416;-0,0727;1,0661;1,0955;82,8513
0,1047;-0,0581;1,0243;1,0313;82,9108
-0,0364;-0,0766;1,2049;1,2079;82,9720
-0,4608;0,0081;0,7688;0,8964;83,0310
0,0024;-0,0864;0,8952;0,8994;83,0936
0,0410;0,0046;0,7708;0,7719;83,1514
0,1098;-0,0322;0,9296;0,9367;83,2111
-1,1051;-0,1677;1,7570;2,0824;83,2765
-0,2526;0,1101;0,6582;0,7136;83,3306
0,0090;-0,0822;0,8974;0,9012;83,3928
0,2397;-0,0622;1,0822;1,1102;83,4512
0,0715;-0,0576;1,0441;1,0481;83,5111
-0,0183;-0,0571;1,2987;1,3001;83,5716
0,0085;-0,1130;1,2889;1,2939;83,6311
0,1064;-0,2006;2,0833;2,0957;83,6911
0,0081;-0,0049;0,7800;0,7801;83,7513
0,0103;-0,0554;0,9553;0,9569;83,8152
0,0710;-0,0471;0,2763;0,2891;83,8722
0,0381;0,1560;-0,3300;0,3670;83,9336
0,1464;-0,0678;1,0055;1,0184;83,9932
0,1821;-0,0454;1,0595;1,0760;84,0536
0,2343;-0,1301;1,3685;1,3945;84,1113
-0,0464;0,0535;0,9626;0,9652;84,1710
0,5333;-0,1916;2,8492;2,9050;84,2309
-0,0495;-0,0657;0,4823;0,4892;84,2914
0,0117;-0,0317;0,9748;0,9754;84,3528
0,1391;-0,0205;0,9916;1,0016;84,4118
0,4491;-0,1079;0,4786;0,6651;84,4711
0,5304;0,0010;0,9431;1,0820;84,5320
0,1779;-0,0305;1,6235;1,6335;84,5922
0,3266;-0,0630;1,0680;1,1186;84,6512
0,2004;-0,0408;1,0368;1,0568;84,7107
0,7542;-0,1291;2,4609;2,5771;84,7720
0,0464;-0,1064;1,0468;1,0532;84,8323
0,3009;-0,0110;1,1329;1,1723;84,8907
0,0227;-0,0539;0,8205;0,8226;84,9513
0,0576;-0,0613;0,9994;1,0030;85,0114
0,1599;-0,0535;0,9767;0,9912;85,0723
-0,2226;-0,1203;1,0980;1,1268;85,1308
-0,4747;0,1940;0,3529;0,6225;85,1916
0,0820;-0,1032;1,4888;1,4946;85,2558
0,2804;-0,0442;1,0168;1,0557;85,3119
0,1486;-0,0217;1,2757;1,2845;85,3712
0,1674;-0,1450;1,4422;1,4591;85,4307
0,4374;0,0449;1,6184;1,6771;85,4916
0,1203;0,0161;0,6504;0,6617;85,5516
0,0002;-0,0420;0,9155;0,9164;85,6110
0,0940;-0,0632;0,9560;0,9627;85,6709
0,0039;0,0168;0,2406;0,2413;85,7323
0,3058;-0,0874;0,9150;0,9687;85,7914
0,2136;-0,0627;1,3209;1,3395;85,8531
0,3058;-0,0678;1,0629;1,1081;85,9109
0,1518;-0,0412;1,0573;1,0689;85,9732
-0,6272;0,0869;0,7825;1,0066;86,0318
-0,0200;-0,0632;0,8523;0,8548;86,0917
0,0129;-0,0769;0,5736;0,5788;86,1530
-0,1179;-0,0791;0,8235;0,8356;86,2112
0,0225;-0,0454;0,9907;0,9920;86,2715
0,1503;-0,0088;0,9699;0,9815;86,3320
0,2387;-0,0727;0,6138;0,6626;86,3931
0,2470;0,0686;0,7678;0,8095;86,4529
0,2067;0,0478;1,3697;1,3860;86,5186
0,2350;-0,0617;1,2767;1,2996;86,5717
0,1738;-0,0268;1,0700;1,0843;86,6362
0,1738;-0,0366;1,8178;1,8264;86,6917
0,0630;0,0281;0,8901;0,8928;86,7511
0,0190;-0,1269;0,3475;0,3705;86,8119
-0,0495;-0,0503;0,9060;0,9087;86,8747
0,1296;-0,0508;1,0197;1,0292;86,9329
0,2009;-0,1821;1,0536;1,0879;86,9922
0,7913;-0,2260;1,0287;1,3174;87,0518
0,5091;-0,0007;1,2218;1,3236;87,1141
0,2365;-0,0332;1,0070;1,0349;87,1718
0,1001;-0,0146;1,0304;1,0354;87,2313
-0,3929;-0,1635;0,9868;1,0746;87,2917
-0,6412;-0,2136;1,4375;1,5885;87,3524
0,0181;-0,0325;0,7759;0,7768;87,4117
0,0293;-0,0281;0,9379;0,9388;87,4756
0,1618;-0,0381;0,9919;1,0057;87,5313
0,7005;-0,3166;1,3685;1,5696;87,5912
-0,2265;-0,1008;0,2873;0,3794;87,6515
0,2863;-0,1560;1,2018;1,2452;87,7119
0,3871;-0,0242;1,0414;1,1113;87,7716
0,2607;0,0290;1,6401;1,6610;87,8320
0,1069;-0,0234;1,3560;1,3604;87,8932
0,2165;0,0442;0,9909;1,0152;87,9515
-0,0796;-0,0373;0,7034;0,7089;88,0110
0,0093;-0,0452;1,0012;1,0022;88,0736
0,0454;-0,0449;-0,0974;0,1165;88,1315
-0,5718;0,0159;1,1661;1,2989;88,1911
0,2272;-0,4127;3,1511;3,1861;88,2515
0,4862;-0,0073;1,1142;1,2156;88,3125
0,2590;-0,0242;1,0190;1,0516;88,3722
0,4618;-0,0876;1,6958;1,7597;88,4308
0,1521;0,0127;1,2557;1,2649;88,4916
0,1154;0,0415;1,0448;1,0520;88,5523
0,0622;0,0261;0,7398;0,7428;88,6112
-0,0037;-0,0366;0,9494;0,9501;88,6712
0,0681;-0,0210;0,9543;0,9569;88,7315
0,0520;-0,0176;0,5626;0,5652;88,7988
0,0559;-0,0032;-0,0437;0,0710;88,8515
-0,1181;-0,0132;0,9028;0,9106;88,9114
0,4862;-0,0566;1,0873;1,1924;88,9747
-0,0434;0,0207;0,9755;0,9767;89,0330
0,0676;0,0090;1,6086;1,6101;89,0911
0,1272;0,0024;0,9387;0,9472;89,1511
-0,0317;0,0293;1,2965;1,2972;89,2111
-0,1806;0,0940;1,3890;1,4038;89,2762
0,0779;-0,0398;0,7007;0,7061;89,3315
0,2380;-0,0425;0,9872;1,0164;89,3912
0,8008;-0,1079;0,5413;0,9726;89,4509
-1,5481;-0,0644;1,0268;1,8588;89,5119
0,1345;-0,0766;0,8659;0,8797;89,5724
0,2480;-0,0022;1,0048;1,0350;89,6319
0,2001;0,0415;1,1454;1,1635;89,6911
0,1369;0,0159;1,4363;1,4429;89,7527
0,6060;0,0735;1,7661;1,8686;89,8113
0,0696;-0,0444;0,6875;0,6925;89,8706
0,0793;-0,0303;0,8674;0,8716;89,9308
0,1938;-0,0456;0,8911;0,9131;89,9969
0,2961;-0,0725;1,1239;1,1645;90,0506
0,6102;-0,0862;3,2353;3,2935;90,1116
0,5616;-0,0290;1,2916;1,4087;90,1709
0,2394;-0,0215;1,0165;1,0446;90,2348
0,0798;-0,0129;1,0617;1,0648;90,2917
0,1074;0,0305;1,0724;1,0782;90,3508
-0,0232;0,0464;0,4874;0,4901;90,4115
-0,5328;0,1547;-0,0825;0,5609;90,4710
0,1350;-0,0476;0,3222;0,3525;90,5309
0,0737;-0,0024;0,9030;0,9060;90,5910
0,1533;-0,0251;0,8918;0,9052;90,6546
0,5843;-0,5255;3,1931;3,2884;90,7114
0,4647;0,1276;1,9266;1,9860;90,7711
0,3976;0,0024;1,1661;1,2321;90,8304
0,1813;-0,0271;1,0239;1,0401;90,8910
0,5901;0,0549;2,1522;2,2323;90,9512
-0,3698;0,0578;1,0888;1,1513;91,0172
-0,4400;-0,2360;-1,7595;1,8289;91,0706
0,0444;0,0164;0,8454;0,8468;91,1335
0,1184;0,0085;0,9626;0,9699;91,1903
0,2438;-0,2709;1,1107;1,1690;91,2514
-0,3685;0,1635;-1,8917;1,9342;91,3132
-0,1030;-0,1286;0,9392;0,9535;91,3764
0,3527;-0,0227;0,9794;1,0412;91,4311
0,1496;-0,0437;1,0361;1,0477;91,4914
0,0254;-0,0369;1,0329;1,0339;91,5515
-0,0881;-0,0044;1,7875;1,7897;91,6105
-0,0217;0,0085;0,8603;0,8606;91,6715
0,4325;-0,1091;0,7002;0,8302;91,7305
0,0090;-0,0144;0,8115;0,8117;91,7904
0,1740;-0,0232;0,8208;0,8394;91,8512
-0,3124;-0,6863;2,8336;2,9322;91,9108
0,2599;-0,1765;2,1190;2,1421;91,9700
0,3766;-0,0361;0,9994;1,0687;92,0309
0,1357;-0,0564;1,0197;1,0302;92,0918
0,1179;-0,0369;1,0749;1,0819;92,1503
0,1608;0,0317;1,1866;1,1979;92,2110
0,4915;0,0132;1,1481;1,2490;92,2709
0,3842;-0,1765;1,3838;1,4470;92,3314
0,0783;0,0146;0,7869;0,7909;92,3906
0,1923;0,0124;0,8747;0,8957;92,4512
0,4623;-0,1506;1,1073;1,2093;92,5102
-0,3881;-0,1452;0,2280;0,4729;92,5702
0,3920;-0,0949;1,2193;1,2843;92,6302
0,3993;-0,0190;0,9589;1,0389;92,6909
0,0913;-0,0408;1,0561;1,0608;92,7503
-0,0710;-0,1003;1,0068;1,0142;92,8109
-0,4376;0,2653;0,5875;0,7791;92,8718
0,1176;-0,0659;1,1810;1,1887;92,9313
0,1262;0,0085;0,8003;0,8102;92,9919
0,2214;-0,0649;0,8694;0,8994;93,0505
0,3034;-0,2385;1,1910;1,2520;93,1130
1,5881;-0,5372;5,0839;5,3532;93,1707
0,5831;-0,0168;1,1718;1,3089;93,2299
0,2660;-0,0185;0,9780;1,0137;93,2910
0,7266;-0,0810;1,8976;2,0336;93,3506
0,1557;-0,0752;1,6494;1,6584;93,4100
0,1079;-0,1223;1,7839;1,7913;93,4701
0,0539;-0,0139;0,5894;0,5920;93,5302
0,1611;0,0193;0,8738;0,8887;93,5949
-0,1879;0,2197;-1,1210;1,1577;93,6503
0,4832;0,0205;0,6538;0,8133;93,7134
0,2358;-0,1535;1,8149;1,8365;93,7705
0,3700;-0,0437;1,0373;1,1022;93,8303
0,2443;-0,0359;0,9826;1,0132;93,8902
0,2011;-0,0129;1,0707;1,0895;93,9502
0,0500;0,0220;1,1905;1,1918;94,0118
-0,6892;0,1406;-0,1562;0,7206;94,0703
-0,1091;0,1135;1,6277;1,6353;94,1317
0,1125;0,0366;0,8205;0,8290;94,1890
0,2182;-0,0056;0,8796;0,9063;94,2501
-0,3812;-0,1503;2,8646;2,8938;94,3102
0,5970;-0,1023;2,3743;2,4503;94,3795
0,5811;0,0085;1,1598;1,2973;94,4303
0,3043;-0,0288;0,9911;1,0372;94,4902
0,1542;-0,0332;0,9907;1,0031;94,5499
0,0176;-0,0425;1,1107;1,1117;94,6130
-0,3524;0,2978;0,5084;0,6865;94,6705
-0,4420;0,1398;0,4152;0,6223;94,7298
0,0879;0,0012;0,9072;0,9114;94,7916
0,1857;-0,0249;0,8789;0,8986;94,8496
0,3424;-0,3236;1,3609;1,4402;94,9103
-0,0898;-0,4025;-0,7361;0,8437;94,9722
0,2057;-0,1020;0,9238;0,9519;95,0305
0,2514;-0,0522;0,9907;1,0234;95,0893
0,1008;-0,0430;1,0768;1,0824;95,1505
0,1655;-0,0635;1,2877;1,2998;95,2103
-0,5238;-0,0901;0,3471;0,6347;95,2708
-0,4532;0,2316;-1,2489;1,3486;95,3310
0,1508;0,0063;0,8642;0,8773;95,3903
0,2453;-0,0220;0,9785;1,0090;95,4494
0,2431;-0,1242;0,9902;1,0271;95,5098
0,7232;-0,1904;0,4659;0,8811;95,5745
0,3546;-0,0200;1,0356;1,0948;95,6296
0,2380;-0,0454;1,0431;1,0709;95,6892
0,2284;-0,0315;0,8647;0,8949;95,7497
0,3571;-0,1669;1,7275;1,7719;95,8093
0,3412;-0,0678;1,1056;1,1591;95,8700
0,5862;-0,2631;2,7826;2,8558;95,9305
0,0676;-0,0556;0,8022;0,8070;95,9932
0,2404;-0,0022;0,9233;0,9541;96,0499
0,3580;-0,0015;1,4166;1,4611;96,1095
0,7395;-0,0068;2,7123;2,8113;96,1697
0,4327;-0,0495;1,2257;1,3008;96,2296
0,2238;-0,0247;0,9523;0,9786;96,2901
0,1206;-0,0354;1,0407;1,0483;96,3492
0,1931;-0,0393;1,7426;1,7537;96,4103
0,8850;-0,0308;2,0406;2,2245;96,4696
-0,0593;-0,0222;0,6355;0,6387;96,5293
0,0095;-0,0242;0,9026;0,9029;96,5893
0,1723;-0,0205;0,9118;0,9282;96,6504
0,4789;-0,1457;1,5012;1,5825;96,7097
0,9514;-0,3329;4,5994;4,7085;96,7691
0,5084;-0,0161;1,1537;1,2608;96,8296
0,2065;-0,0378;0,9528;0,9757;96,8904
0,0979;-0,0391;0,9777;0,9834;96,9493
-0,1935;-0,0862;0,9499;0,9732;97,0092
0,8430;0,0547;1,2833;1,5364;97,0696
-0,6043;0,0430;0,0781;0,6108;97,1296
0,1049;0,0225;0,7756;0,7830;97,1912
0,1994;0,0022;0,8459;0,8691;97,2498
0,0395;-0,0798;0,5340;0,5414;97,3093
0,2424;-0,0740;1,6245;1,6441;97,3685
0,3219;-0,0500;1,1300;1,1760;97,4292
0,1584;-0,0295;0,9833;0,9965;97,4891
0,1018;-0,0344;1,1193;1,1244;97,5492
0,1233;-0,0359;1,1710;1,1780;97,6095
-0,4400;-0,0469;-0,5299;0,6904;97,6690
0,1462;-0,0115;0,8323;0,8451;97,7290
0,1904;-0,0098;0,8740;0,8945;97,7891
0,6563;-0,0344;0,9084;1,1212;97,8535
-0,2011;-0,2768;1,1876;1,2359;97,9089
0,2284;-0,0520;0,9582;0,9864;97,9702
0,2626;-0,0657;1,0214;1,0567;98,0321
0,1076;-0,0596;1,0116;1,0191;98,0894
0,0730;-0,0630;1,8385;1,8411;98,1548
0,1474;0,0708;1,2862;1,2966;98,2092
-0,1503;-0,0388;0,6358;0,6545;98,2686
0,0959;0,0347;0,8274;0,8336;98,3290
0,1413;-0,0134;0,7939;0,8065;98,3945
-0,0359;-0,3239;2,6547;2,6746;98,4490
0,3925;-0,0020;1,6853;1,7304;98,5135
0,4342;-0,0737;1,1410;1,2230;98,5700
0,1718;-0,0596;0,9733;0,9902;98,6300
0,0273;-0,0613;1,1991;1,2010;98,6912
0,0654;-0,1496;1,3194;1,3295;98,7490
-0,5430;0,0991;-0,8081;0,9786;98,8100
0,0632;0,0073;0,7837;0,7863;98,8702
0,1010;-0,0012;0,9584;0,9638;98,9285
-0,4662;0,2260;-1,2618;1,3640;98,9900
0,2270;-0,0515;0,9963;1,0231;99,0492
0,3092;-0,0915;1,6230;1,6548;99,1090
0,2226;-0,0840;1,0985;1,1240;99,1699
0,1755;-0,0527;0,9897;1,0065;99,2287
0,0740;-0,0674;1,2135;1,2176;99,2879
0,1403;-0,1008;1,1295;1,1427;99,3491
-0,7937;0,1650;-1,2686;1,5055;99,4087
0,0051;-0,0139;0,7739;0,7741;99,4690
0,1364;-0,0056;0,8982;0,9085;99,5291
-0,5911;0,1123;-0,9482;1,1230;99,5900
0,3734;0,0166;0,9807;1,0495;99,6482
0,1394;-0,0930;1,4222;1,4320;99,7082
0,3310;-0,0805;1,2699;1,3148;99,7691
0,1660;-0,0574;0,9985;1,0138;99,8288
0,0095;-0,0822;1,1327;1,1357;99,8887
0,0222;-0,0535;1,0141;1,0157;99,9483
0,0915;-0,1606;0,4132;0,4527;100,0112
0,1608;0,0085;0,6939;0,7123;100,0792
0,0869;-0,0093;0,8757;0,8801;100,1296
-0,0088;0,2306;-0,4793;0,5320;100,1894
-0,0635;-0,0769;0,5848;0,5932;100,2533
0,2673;-0,0705;1,8202;1,8411;100,3088
0,2890;-0,0718;1,1110;1,1502;100,3694
0,1916;-0,0207;0,9921;1,0107;100,4280
0,1535;-0,0517;1,1820;1,1931;100,4883
0,1718;-0,0593;1,6047;1,6150;100,5487
0,0517;-0,1662;1,9459;1,9537;100,6083
0,1970;0,0305;0,6988;0,7266;100,6684
0,0705;0,0085;0,8572;0,8601;100,7298
0,0454;-0,0271;0,6487;0,6509;100,7883
0,2992;-0,1262;1,9772;2,0037;100,8484
-0,0215;-0,0417;1,9245;1,9250;100,9079
0,3773;-0,0571;1,2401;1,2975;100,9689
0,2014;-0,0425;1,0092;1,0300;101,0286
0,0791;-0,0552;1,1718;1,1757;101,0907
0,1608;-0,0190;1,8088;1,8160;101,1482
0,2694;0,2092;1,9496;1,9792;101,2078
0,1328;-0,0041;0,5887;0,6035;101,2720
0,0232;-0,0068;0,8933;0,8936;101,3277
0,1647;-0,0210;0,9130;0,9280;101,3911
0,1879;-0,0801;0,5377;0,5752;101,4481
0,4476;0,1267;0,4386;0,6393;101,5082
0,0334;-0,0725;0,9655;0,9688;101,5690
0,2834;-0,0615;1,0365;1,0763;101,6418
0,2011;-0,0598;1,0600;1,0805;101,6906
-0,0742;-0,0527;1,0900;1,0938;101,7516
-0,1921;0,1840;0,3234;0,4187;101,8102
-0,5928;-0,0957;-2,4441;2,5168;101,8680
0,0947;0,0225;0,7154;0,7219;101,9277
0,1623;-0,0027;0,9331;0,9471;101,9926
0,7229;-0,0713;0,5133;0,8895;102,0482
-0,1089;-0,0361;0,4017;0,4178;102,1087
0,2719;-0,1145;1,7678;1,7922;102,1681
0,2658;-0,0761;0,9938;1,0316;102,2279
0,1972;-0,0830;0,9475;0,9713;102,2879
0,0988;-0,1115;0,8506;0,8635;102,3488
0,2040;-0,0654;0,9831;1,0062;102,4077
0,2553;-0,1154;0,9775;1,0168;102,4682
0,2446;-0,0625;0,9675;0,9999;102,5280
0,3314;-0,0866;1,0448;1,0996;102,5887
0,4418;-0,4318;1,9476;2,0432;102,6497
0,3122;0,0608;1,4615;1,4957;102,7080
0,3727;0,1560;0,4281;0,5886;102,7674
0,3927;-0,0703;0,2402;0,4657;102,8304
0,4149;-0,0220;1,0295;1,1101;102,8910
0,4217;-0,1267;1,0795;1,1659;102,9482
0,5706;0,1679;0,8803;1,0625;103,0175
0,2467;0,0088;1,0639;1,0922;103,0675
0,2624;-0,0727;1,3465;1,3738;103,1279
0,3854;-0,0176;1,2110;1,2710;103,1878
0,1977;0,0127;1,2518;1,2674;103,2474
0,2795;0,0500;1,1081;1,1438;103,3077
0,0188;-0,0525;1,8783;1,8791;103,3732
0,1689;0,0081;0,7590;0,7776;103,4287
0,2292;0,0454;0,8586;0,8898;103,4892
0,1164;-0,0210;0,4601;0,4750;103,5482
-1,2003;-0,0957;1,4412;1,8780;103,6114
0,5086;-0,0813;1,8239;1,8952;103,6721
0,4032;-0,0271;0,9907;1,0699;103,7310
0,2199;-0,0422;1,1822;1,2033;103,7891
0,3378;-0,0364;1,3546;1,3965;103,8487
0,5455;-0,0622;1,5664;1,6598;103,9086
0,0805;-0,0300;0,8999;0,9040;103,9692
0,0752;-0,0561;0,7212;0,7273;104,0331
0,2392;-0,0635;0,4996;0,5575;104,0891
0,6707;-0,0068;1,6125;1,7465;104,1486
0,4764;-0,0195;1,0988;1,1978;104,2080
0,2492;-0,0347;0,9907;1,0221;104,2687
0,5984;-0,0525;1,5920;1,7016;104,3374
0,4088;-0,0998;1,9659;2,0105;104,3888
0,3231;0,1120;1,7653;1,7981;104,4486
0,1086;-0,0010;0,7422;0,7501;104,5086
0,1650;0,0244;0,8066;0,8237;104,5682
-0,2404;-0,1120;0,2834;0,3881;104,6287
0,0500;-0,2878;-0,1323;0,3206;104,6893
0,2377;-0,0859;1,3436;1,3671;104,7503
0,2961;-0,0310;0,9118;0,9592;104,8092
0,1152;-0,0598;1,0888;1,0965;104,8692
0,0600;-0,0256;1,2472;1,2489;104,9293
0,5718;-0,0905;1,6028;1,7041;104,9896
0,0903;0,0815;0,2077;0,2407;105,0496
0,0508;-0,0486;0,7725;0,7757;105,1096
-0,3368;-0,0078;-0,7749;0,8450;105,1705
0,4459;-0,1826;0,3839;0,6161;105,2303
-0,0617;-0,0986;0,9475;0,9546;105,2898
0,3983;0,0347;1,0095;1,0857;105,3551
0,0786;-0,0271;1,0954;1,0985;105,4096
-0,2685;0,0776;0,9189;0,9605;105,4701
0,6487;-0,2485;2,3728;2,4724;105,5327
0,0383;0,0117;0,5491;0,5506;105,5896
0,0244;0,0085;0,9665;0,9668;105,6491
-0,4728;0,0617;-2,3821;2,4293;105,7120
-0,2314;0,3432;-0,8730;0,9662;105,7695
-0,0430;-0,0559;1,0697;1,0721;105,8292
0,2092;-0,0317;1,0248;1,0464;105,8903
0,1115;0,0100;0,9816;0,9880;105,9501
0,0452;0,0578;1,2040;1,2062;106,0123
-0,0183;0,1611;1,9862;1,9928;106,0701
-0,2172;0,0910;2,0074;2,0212;106,1300
-0,1608;0,0244;0,6355;0,6560;106,1900
-0,0698;-0,0210;0,8957;0,8987;106,2502
0,0742;0,0696;-0,4098;0,4222;106,3105
0,3737;-0,0251;1,7578;1,7972;106,3713
0,1625;-0,0578;1,5310;1,5407;106,4313
0,1562;-0,0098;1,0717;1,0831;106,4900
0,0661;0,0081;1,0602;1,0623;106,5496
-0,2926;0,0539;1,1303;1,1688;106,6114
0,3451;0,1242;0,8308;0,9082;106,6708
0,1110;0,0024;-0,8655;0,8726;106,7300
-0,0381;0,0203;0,8840;0,8851;106,7900
0,0539;-0,0056;0,7910;0,7929;106,8548
-0,0088;0,1328;1,2308;1,2380;106,9097
0,1660;-0,0373;1,5030;1,5125;106,9703
0,1484;-0,0676;1,2157;1,2266;107,0323
0,0398;-0,0376;0,9809;0,9824;107,0903
-0,0903;-0,0478;1,2440;1,2482;107,1521
-0,5794;-0,2118;-0,1745;0,6411;107,2100
-0,5736;0,1030;-2,7518;2,8129;107,2711
-0,0295;0,0132;0,8047;0,8053;107,3303
0,0256;0,0024;0,8747;0,8751;107,3902
0,0420;0,0293;0,4808;0,4835;107,4497
0,2802;-0,0049;-0,5150;0,5863;107,5098
0,2858;0,0056;1,2320;1,2648;107,5699
0,2241;-0,0403;1,1388;1,1613;107,6325
0,0918;-0,0398;1,0673;1,0720;107,6980
-0,1303;0,0066;1,9745;1,9788;107,7496
0,1425;0,0669;2,3274;2,3327;107,8106
-0,0681;0,0259;0,8818;0,8848;107,8705
-0,0849;0,0054;0,9306;0,9345;107,9297
0,1006;0,0039;0,9675;0,9727;107,9894
0,1374;0,0952;1,0631;1,0762;108,0494
-0,2799;0,1433;0,3156;0,4455;108,1092
0,2594;0,0085;1,0951;1,1255;108,1709
0,1726;-0,0171;1,1073;1,1208;108,2322
0,0698;-0,0132;1,0224;1,0249;108,2895
0,0083;0,0586;1,3799;1,3812;108,3530
0,0464;-0,0859;1,7844;1,7870;108,4117
-0,0422;0,0256;0,7527;0,7543;108,4699
-0,0713;0,0015;0,9904;0,9930;108,5437
0,1669;0,0027;0,9907;1,0046;108,5893
0,2846;-0,0359;0,8769;0,9226;108,6481
0,5689;0,1003;5,4131;5,4438;108,7086
0,3131;-0,0351;1,3397;1,3762;108,7705
0,1686;-0,0539;1,1439;1,1576;108,8286
0,0493;-0,0383;1,0839;1,0857;108,8920
0,0952;0,1228;1,4331;1,4415;108,9502
0,8718;0,1589;3,4591;3,5708;109,0097
-0,0676;0,0029;0,7644;0,7674;109,0697
0,0083;0,0171;0,9165;0,9167;109,1297
0,1276;0,0005;0,9455;0,9541;109,1896
0,0251;0,1686;1,6818;1,6905;109,2496
0,1298;0,3861;2,2327;2,2696;109,3095
0,2499;0,0020;1,0492;1,0786;109,3737
0,1572;-0,0525;1,1578;1,1696;109,4336
0,1335;-0,0652;1,0458;1,0563;109,4925
0,0237;0,0068;0,8308;0,8312;109,5526
0,0803;-0,0376;0,9355;0,9397;109,6149
0,0600;-0,0432;0,9548;0,9576;109,6707
0,0098;0,1394;0,7827;0,7951;109,7328
0,1337;-0,0212;0,9811;0,9904;109,8014
0,1467;-0,0283;1,0527;1,0632;109,8487
0,1013;-0,0376;0,9882;0,9941;109,9089
0,0918;0,0085;0,9907;0,9949;109,9689
0,1501;-0,0657;1,1071;1,1191;110,0288
0,1132;0,0039;1,0822;1,0881;110,0888
0,1413;0,0530;1,4119;1,4200;110,1484
0,2746;0,1884;1,1134;1,1622;110,2092
0,1647;-0,0049;0,6094;0,6313;110,2686
-0,0139;-0,0134;0,9848;0,9850;110,3286
0,0300;-0,0627;0,4854;0,4904;110,3885
0,5394;-0,0300;2,7728;2,8250;110,4488
-0,5457;-0,0596;-2,6715;2,7274;110,5086
0,1252;-0,0434;1,1203;1,1281;110,5697
0,1279;-0,0303;1,1041;1,1119;110,6317
-0,0452;0,0417;1,9857;1,9867;110,6904
0,4820;-0,0156;1,2560;1,3454;110,7502
0,0554;-0,1176;0,7422;0,7535;110,8090
-0,0669;-0,0200;0,7368;0,7401;110,8705
0,0561;-0,0056;0,8947;0,8965;110,9300
0,0054;0,0032;-1,3060;1,3060;110,9892
0,2885;0,0249;1,3406;1,3716;111,0506
0,2114;0,0281;1,2562;1,2742;111,1095
0,1953;-0,0159;1,2103;1,2261;111,1718
0,0691;-0,0115;1,0190;1,0214;111,2297
-0,1276;-0,0395;1,3807;1,3871;111,2898
0,2145;-0,0600;1,1652;1,1863;111,3535
-0,1013;-0,0596;-0,0222;0,1196;111,4098
0,0115;0,0234;0,7129;0,7134;111,4701
0,0776;0,0095;0,9902;0,9933;111,5308
-0,1008;0,0334;1,0551;1,0604;111,5895
-0,1254;0,1928;1,4754;1,4932;111,6490
0,1306;-0,0071;1,1049;1,1126;111,7119
0,1208;-0,0539;1,0519;1,0602;111,7771
-0,0071;-0,0459;1,0644;1,0654;111,8307
-0,0305;-0,0764;1,7011;1,7031;111,8903
0,8637;0,0415;1,7002;1,9074;111,9520
-0,2165;0,0249;-2,2837;2,2941;112,0100
-0,0088;0,0093;0,7656;0,7657;112,0698
0,0364;0,0012;0,9306;0,9313;112,1338
0,1760;0,0007;0,9082;0,9251;112,1899
0,4105;0,0293;-0,2721;0,4934;112,2501
0,0791;-0,0251;1,1351;1,1382;112,3092
0,1230;-0,0449;1,0561;1,0642;112,3725
-0,0205;-0,0222;1,2477;1,2480;112,4354
0,0164;-0,0044;1,0746;1,0748;112,4896
0,3641;-0,1240;2,8470;2,8729;112,5500
-0,0283;-0,0071;0,5750;0,5758;112,6128
-0,0469;-0,0112;0,9126;0,9138;112,6701
0,1057;0,0078;0,8947;0,9010;112,7294
0,0395;0,1813;1,3936;1,4059;112,7892
0,5482;-0,0268;0,8498;1,0116;112,8504
0,1235;-0,0571;1,2696;1,2769;112,9091
0,1428;-0,0439;1,0363;1,0470;112,9692
-0,0329;-0,0234;1,1395;1,1403;113,0378
0,0041;-0,0625;1,2359;1,2375;113,0901
-0,0808;-0,0315;-0,8896;0,8938;113,1495
-0,1479;-0,0146;0,9953;1,0063;113,2105
-0,0373;-0,0046;0,9216;0,9224;113,2747
0,1694;-0,0017;0,8828;0,8989;113,3305
-0,2302;0,3756;1,4544;1,5196;113,3902
0,2150;-0,0354;1,2940;1,3123;113,4507
0,2204;-0,0351;1,2411;1,2610;113,5148
0,1542;-0,0327;1,0844;1,0958;113,5701
0,0081;-0,0239;1,0402;1,0405;113,6308
-0,0888;-0,0281;0,8115;0,8168;113,6905
0,0134;0,0898;1,9925;1,9946;113,7501
-0,0081;0,0000;0,6446;0,6446;113,8103
-0,0864;-0,0149;0,9165;0,9206;113,8703
0,0732;-0,0215;0,9655;0,9685;113,9294
-0,0144;0,0176;0,6880;0,6884;113,9906
0,2648;0,0661;1,0143;1,0504;114,0504
0,2062;0,0483;1,1583;1,1775;114,1125
0,1623;-0,0298;1,2501;1,2609;114,1701
0,0898;-0,0220;1,1212;1,1250;114,2305
-0,1284;0,0044;1,2191;1,2259;114,2903
0,1821;-0,0290;1,1515;1,1662;114,3498
-0,0193;-0,0041;-0,4876;0,4880;114,4123
0,0029;0,0146;0,7127;0,7128;114,4710
0,0090;0,0071;0,9475;0,9475;114,5306
0,1067;0,0354;-0,2956;0,3162;114,5952
0,1926;0,0288;1,0380;1,0561;114,6505
0,7925;-0,0661;3,7994;3,8817;114,7111
0,1716;-0,0508;1,2093;1,2225;114,7702
0,1909;-0,0325;1,1051;1,1220;114,8303
0,0613;-0,0120;1,0885;1,0903;114,8941
0,0266;-0,0095;1,2001;1,2004;114,9507
-0,0207;0,1142;1,0334;1,0399;115,0156
-0,1103;-0,0273;0,2475;0,2723;115,0704
-0,0427;0,0100;0,8928;0,8939;115,1323
0,0329;0,0015;0,9575;0,9580;115,1900
0,2243;0,0535;1,6460;1,6620;115,2502
0,2004;0,0864;0,1208;0,2494;115,3100
0,2860;-0,0581;1,5325;1,5600;115,3707
0,2040;-0,0547;1,0558;1,0767;115,4305
0,1025;-0,0303;1,1027;1,1079;115,4900
0,1098;-0,0525;1,1666;1,1730;115,5500
-0,1772;-0,0190;0,7461;0,7671;115,6101
-0,1433;0,0073;0,1887;0,2370;115,6705
-0,0351;-0,0017;0,8969;0,8976;115,7309
0,0059;-0,0015;0,9577;0,9577;115,7934
0,1184;0,0161;0,6326;0,6438;115,8499
-0,2731;0,0012;2,1876;2,2045;115,9098
0,2738;-0,0093;1,0917;1,1256;115,9698
0,1403;-0,1228;1,1625;1,1773;116,0293
0,1582;-0,0688;1,1127;1,1260;116,0896
-0,0029;-0,0376;1,1059;1,1065;116,1506
-0,0759;0,0730;1,0578;1,0630;116,2098
0,1887;-0,0383;2,3093;2,3174;116,2696
0,0117;0,0032;0,8706;0,8707;116,3301
-0,0276;0,0039;0,9314;0,9318;116,3892
0,1411;0,0017;0,9736;0,9837;116,4496
0,2470;0,1538;1,3668;1,3974;116,5139
-0,1901;-0,1259;-0,2406;0,3315;116,5692
0,1328;-0,0430;1,1225;1,1311;116,6296
0,2092;-0,0576;1,0356;1,0580;116,6892
0,1167;-0,0327;1,0329;1,0400;116,7516
0,1804;-0,0544;1,5596;1,5709;116,8098
0,0085;-0,0356;1,0771;1,0777;116,8734
0,0571;-0,0032;1,0453;1,0469;116,9293
-0,0247;0,0083;0,8601;0,8605;116,9892
0,0822;-0,0251;0,8918;0,8960;117,0495
-0,0247;0,0029;2,3316;2,3317;117,1106
0,7271;0,0666;4,2519;4,3141;117,1693
0,3034;-0,0896;1,2830;1,3215;117,2295
0,2343;-0,0481;0,9877;1,0163;117,2895
0,0718;-0,0547;1,0531;1,0570;117,3511
-0,0966;-0,0305;1,4024;1,4061;117,4097
0,0122;-0,0793;1,4388;1,4410;117,4741
-0,4147;0,0615;-0,5047;0,6561;117,5310
0,0925;0,0300;0,6404;0,6478;117,5904
0,0300;0,0024;0,9004;0,9009;117,6498
-0,4742;-0,0632;-1,7819;1,8450;117,7117
0,3305;0,1828;-1,4468;1,4953;117,7736
0,2480;-0,0124;1,0480;1,0770;117,8309
0,2424;-0,0552;1,0746;1,1030;117,8903
0,0749;-0,0517;1,0260;1,0301;117,9506
-0,0818;-0,0351;1,1832;1,1866;118,0302
-0,0395;-0,0410;1,3758;1,3770;118,0769
-0,5487;-0,0171;-0,2807;0,6165;118,1304
0,0630;0,0288;0,7298;0,7330;118,1931
0,0044;-0,0061;0,9528;0,9529;118,2506
0,1396;0,0154;0,2690;0,3034;118,3106
0,1743;0,0237;1,2420;1,2544;118,3714
0,1298;-0,0637;1,4183;1,4256;118,4311
0,2248;-0,0788;1,1761;1,2000;118,4917
0,2199;-0,0347;1,0185;1,0425;118,5498
0,0105;-0,0476;1,0529;1,0540;118,6105
-0,1015;0,0229;1,5103;1,5139;118,6701
0,7637;0,1689;1,1891;1,4233;118,7319
-0,4137;0,0581;-0,2184;0,4714;118,7901
0,0586;0,0210;0,7671;0,7696;118,8499
0,0427;0,0085;0,9516;0,9526;118,9123
0,0229;0,0117;1,0561;1,0564;118,9702
-0,9399;-0,1777;2,3106;2,5007;119,0294
0,0888;-0,0705;1,1996;1,2049;119,0900
0,2636;-0,0344;1,0197;1,0538;119,1498
0,1394;-0,0308;1,0527;1,0623;119,2121
0,0183;-0,0049;1,4522;1,4523;119,2700
0,0791;0,1723;1,8420;1,8517;119,3307
0,0605;-0,0088;0,6080;0,6110;119,3914
0,0098;0,0117;0,8867;0,8868;119,4499
0,1054;-0,0088;0,9274;0,9335;119,5098
-0,2604;0,1948;0,1823;0,3728;119,5702
0,6128;0,1189;0,5716;0,8464;119,6337
0,2716;-0,0495;1,4551;1,4811;119,6909
0,3209;-0,0293;1,0727;1,1200;119,7500
0,2014;-0,0024;1,0883;1,1068;119,8105
0,1289;-0,1508;1,2672;1,2826;119,8706
0,5506;-0,0627;0,5609;0,7885;119,9293
-0,0400;-0,0227;0,8137;0,8150;119,9894
0,0508;-0,0190;0,9406;0,9422;120,0501
0,1943;-0,0361;0,9016;0,9230;120,1115
-0,0976;0,2192;1,3636;1,3845;120,1693
-0,3346;-0,1545;-0,0905;0,3795;120,2299
0,2182;-0,0593;1,2418;1,2622;120,2894
0,2792;-0,0320;1,0385;1,0758;120,3500
0,1101;-0,0149;1,0321;1,0381;120,4099
0,1296;-0,0281;1,3804;1,3868;120,4699
0,1872;-0,0559;1,5737;1,5858;120,5301
-0,1049;-0,0310;0,2975;0,3170;120,5898
0,0000;-0,0134;0,7695;0,7697;120,6520
0,0754;-0,0237;0,9316;0,9349;120,7103
0,2658;-0,0327;-0,5343;0,5976;120,7695
-0,0908;-0,1333;-0,1767;0,2392;120,8296
0,0971;-0,0637;1,0046;1,0113;120,8896
0,2143;-0,0415;1,0312;1,0540;120,9491
0,0869;-0,0386;1,0993;1,1034;121,0100
0,1857;0,0149;1,6877;1,6980;121,0710
0,0615;0,0185;2,9588;2,9595;121,1302
0,0537;0,0046;0,6836;0,6857;121,1898
-0,0173;-0,0190;0,8838;0,8841;121,2491
0,1067;-0,0251;0,8960;0,9026;121,3112
0,7302;0,0239;0,7939;1,0790;121,3703
-0,2133;-0,0329;-0,0356;0,2188;121,4295
0,0571;-0,0483;1,1386;1,1410;121,4895
0,2736;-0,0386;1,0465;1,0824;121,5499
0,1545;-0,0505;1,1444;1,1559;121,6100
0,1960;-0,0173;1,6950;1,7064;121,6697
0,1503;-0,0117;2,5200;2,5245;121,7306
0,1325;0,0081;0,7959;0,8069;121,7899
0,0000;-0,0210;0,8684;0,8686;121,8495
0,1091;-0,0293;0,9057;0,9127;121,9094
0,1442;-0,0351;2,2207;2,2257;121,9695
0,2138;0,0088;0,9274;0,9518;122,0325
0,1879;-0,0198;1,4964;1,5082;122,0895
0,1874;-0,0239;1,1849;1,1999;122,1495
0,1486;-0,0017;1,0568;1,0672;122,2116
0,1943;0,0278;1,2916;1,3064;122,2705
-0,6441;0,0383;-3,5704;3,6283;122,3301
-0,0317;-0,0286;0,8611;0,8621;122,3896
0,0303;-0,0332;0,9929;0,9939;122,4494
0,2592;-0,0127;-0,0488;0,2641;122,5104
-0,2724;0,2797;1,4866;1,5370;122,5696
-0,2345;0,3339;-0,4593;0,6144;122,6294
0,1967;0,0239;1,1727;1,1894;122,6891
0,2319;0,0127;1,0753;1,1001;122,7539
0,6875;0,0256;2,0221;2,1359;122,8221
0,4649;0,0051;0,8720;0,9883;122,8688
0,3815;0,2216;1,7043;1,7605;122,9297
-0,0286;-0,0171;0,8408;0,8415;122,9891
0,0405;-0,0278;0,9658;0,9670;123,0498
0,1987;-0,0112;0,7542;0,7800;123,1120
0,5333;-0,1008;2,3708;2,4322;123,1688
-0,8227;0,2360;2,2788;2,4343;123,2291
0,4027;-0,0395;1,2462;1,3102;123,2886
0,1186;-0,0134;1,0810;1,0875;123,3492
-0,3439;0,0093;0,6087;0,6992;123,4089
0,3744;0,0068;1,5296;1,5747;123,4691
0,2277;0,0835;0,7305;0,7697;123,5320
-0,0210;-0,0495;0,8381;0,8398;123,5890
0,0676;-0,0608;0,9187;0,9231;123,6500
0,8218;0,0103;0,9221;1,2352;123,7091
0,1259;0,0388;2,0560;2,0602;123,7700
0,3029;-0,0049;1,3214;1,3556;123,8291
0,1447;-0,0044;1,0236;1,0338;123,8886
-0,1233;0,0417;1,0202;1,0285;123,9488
0,0378;0,1206;0,9936;1,0016;124,0094
0,2636;0,0449;2,3242;2,3396;124,0709
-0,1218;-0,0134;0,6170;0,6290;124,1322
-0,0632;-0,0185;0,9628;0,9651;124,1887
0,1235;-0,0244;0,8132;0,8229;124,2483
-0,1870;0,1191;0,6160;0,6547;124,3093
0,6536;-0,3615;-2,5036;2,6127;124,3691
0,1403;0,1028;0,8423;0,8600;124,4552
0,1191;0,0166;1,1769;1,1830;124,4895
0,0857;0,0373;1,1351;1,1390;124,5517
-0,1582;0,0505;1,0300;1,0432;124,6094
-0,4383;-0,0193;1,5227;1,5847;124,6697
0,0805;0,0039;0,8122;0,8162;124,7285
-0,0293;-0,0298;0,9504;0,9513;124,7887
0,1855;-0,0288;0,7437;0,7670;124,8487
-0,1211;-0,1059;0,7132;0,7311;124,9088
0,0100;-0,1030;1,4666;1,4702;124,9686
0,1967;0,0161;1,0832;1,1010;125,0355
0,0891;0,0227;1,0644;1,0683;125,0883
-0,0664;0,0300;0,6024;0,6067;125,1482
1,0034;0,1652;1,6782;1,9622;125,2082
-0,3000;0,0107;0,7217;0,7816;125,2682
-0,0185;-0,0168;0,7090;0,7095;125,3305
-0,0422;-0,0146;0,9389;0,9400;125,3887
0,0686;-0,0098;0,3807;0,3870;125,4483
0,0029;-0,0220;1,4976;1,4977;125,5081
0,3771;-0,0010;1,9745;2,0102;125,5681
0,1745;-0,0535;1,2206;1,2341;125,6293
0,1403;-0,0183;1,2281;1,2363;125,6893
-0,1806;0,1176;0,8098;0,8380;125,7489
-0,4842;0,0178;-1,5166;1,5921;125,8126
-0,0849;0,0012;0,7388;0,7437;125,8689
0,0349;-0,0476;0,8345;0,8365;125,9298
-0,1384;0,1052;-2,0804;2,0877;125,9936
0,1218;0,0088;1,1920;1,1982;126,0503
-0,3810;-0,2048;1,9391;1,9867;126,1089
0,3019;-0,0625;1,3255;1,3609;126,1706
0,1074;-0,0308;1,0539;1,0598;126,2327
-0,4825;-0,0332;1,0290;1,1370;126,2880
0,1682;0,0696;0,2292;0,2926;126,3490
-0,3266;0,0146;0,0142;0,3272;126,4088
0,0124;0,0017;0,8440;0,8441;126,4692
0,1045;-0,0410;0,8925;0,8996;126,5280
-0,0962;-0,0129;0,3156;0,3302;126,5901
0,3412;-0,0810;-1,7275;1,7627;126,6484
0,2158;0,0386;0,8545;0,8821;126,7088
0,1982;-0,0078;1,1193;1,1367;126,7691
0,0986;-0,0059;1,0273;1,0320;126,8292
-0,0303;0,0378;2,0008;2,0014;126,8888
0,3436;-0,0625;2,3662;2,3918;126,9530
0,0222;-0,0063;0,7471;0,7474;127,0104
0,1035;0,0290;0,8489;0,8556;127,0678
0,2175;-0,0190;0,5408;0,5832;127,1311
0,6048;0,0857;1,9964;2,0878;127,1883
-0,1403;0,0923;1,9101;1,9174;127,2483
0,3246;0,0398;1,2713;1,3127;127,3082
0,0312;0,1962;0,8659;0,8884;127,3684
0,1411;0,0786;0,7632;0,7801;127,4278
-0,0766;0,0957;0,4547;0,4709;127,4882
0,1130;0,3766;0,7278;0,8272;127,5486
-0,0588;0,8857;0,8657;1,2399;127,6083
-0,0671;0,7090;0,9799;1,2114;127,6683
-0,2179;0,8157;0,4906;0,9765;127,7294
-0,0893;0,7410;0,9065;1,1742;127,7883
-0,1481;0,6216;0,9809;1,1707;127,8483
-0,0840;0,5211;0,8677;1,0156;127,9080
-0,0779;0,5401;0,7856;0,9566;127,9728
-0,0442;0,6199;0,8376;1,0430;128,0367
-0,1030;0,5418;0,8428;1,0072;128,1113
-0,1408;0,5084;0,8508;1,0011;128,1593
-0,1132;0,4300;0,8310;0,9425;128,2061
-0,1564;0,5138;0,8991;1,0473;128,2666
-0,1208;0,4925;0,8784;1,0143;128,3265
-0,1025;0,4872;0,8813;1,0122;128,3866
-0,1189;0,4752;0,8662;0,9951;128,4468
-0,1435;0,4361;0,8257;0,9447;128,5065
-0,1804;0,4291;0,8645;0,9818;128,5665
-0,1132;0,4330;0,9484;1,0487;128,6261
-0,1818;0,4176;0,7769;0,9005;128,6865
