0,0913;-0,0293;0,9951;0,9997;0,1165
0,1028;-0,0290;1,0019;1,0076;0,1417
0,0996;-0,0295;0,9965;1,0019;0,3866
0,0935;-0,0276;1,0002;1,0049;0,3884
0,0918;-0,0295;0,9963;1,0009;0,3899
0,0905;-0,0293;0,9955;1,0001;0,3917
0,0866;-0,0310;0,9958;1,0000;0,4373
0,0869;-0,0295;0,9909;0,9951;0,4748
0,0854;-0,0303;0,9997;1,0038;0,5333
0,0986;-0,0264;0,9990;1,0042;0,5934
0,0854;-0,0288;0,9963;1,0003;0,6533
0,0884;-0,0273;1,0026;1,0069;0,7162
0,0893;-0,0283;0,9955;0,9999;0,7746
0,1040;-0,0251;0,9997;1,0054;0,8348
0,0981;-0,0293;0,9963;1,0015;0,8948
0,1079;-0,0259;0,9924;0,9985;0,9556
0,1357;-0,0271;0,9760;0,9858;1,0157
0,1557;-0,0322;1,0539;1,0658;1,0744
0,0776;-0,0356;1,1625;1,1656;1,1356
0,1123;0,0181;1,8952;1,8986;1,1980
-0,1848;0,2406;0,4901;0,5764;1,2577
0,0732;0,0286;0,7708;0,7748;1,3146
-0,1752;-0,0869;1,1237;1,1406;1,3786
0,3173;-0,1403;0,6033;0,6960;1,4373
-1,3755;-0,1408;0,5562;1,4904;1,4982
-0,2228;-0,0139;1,2909;1,3100;1,5598
0,2509;-0,0271;1,1308;1,1586;1,6184
0,0361;0,0146;0,9130;0,9139;1,6775
-0,0283;-0,0166;1,0671;1,0676;1,7391
0,0068;0,0093;1,4632;1,4632;1,8030
-0,2028;-0,0200;-0,7007;0,7297;1,8584
0,0166;0,0207;0,6541;0,6546;1,9175
-0,1289;-0,0073;0,9909;0,9993;1,9767
0,0766;-0,0032;0,8923;0,8956;2,0438
-0,2692;-0,1718;0,2467;0,4036;2,1005
-0,2136;-0,2348;1,5398;1,5722;2,1571
0,3759;-0,0227;1,2345;1,2906;2,2171
0,0251;-0,0439;1,0185;1,0197;2,2769
-0,3846;-0,0215;0,8847;0,9650;2,3360
-0,0229;0,0247;1,3587;1,3591;2,3974
0,2995;0,0491;0,5323;0,6127;2,4576
-0,1769;-0,0095;0,9418;0,9584;2,5171
-0,0185;-0,0166;0,9921;0,9924;2,5775
0,1706;0,0283;0,4815;0,5117;2,6401
0,5006;-0,0195;0,1042;0,5117;2,7044
0,0364;-0,1045;1,5330;1,5370;2,7591
0,2982;-0,0635;1,0866;1,1286;2,8186
0,0559;-0,0439;1,0329;1,0353;2,8783
-0,0498;-0,0469;1,2328;1,2347;2,9378
0,0076;0,0085;1,2555;1,2555;3,0021
0,4574;0,0308;0,2055;0,5024;3,0576
-0,2072;0,0037;0,8869;0,9108;3,1194
-0,0329;0,0000;1,0151;1,0156;3,1773
0,2734;0,0525;0,1228;0,3042;3,2380
-0,0486;-0,0041;0,5011;0,5034;3,3009
0,1870;-0,0103;1,2147;1,2291;3,3580
0,3876;-0,0642;1,0819;1,1511;3,4181
0,1147;-0,0122;1,0290;1,0354;3,4777
-0,0781;-0,0020;1,8610;1,8626;3,5374
-0,5196;-0,0325;1,6657;1,7452;3,5986
0,0630;0,0488;0,8467;0,8504;3,6574
-0,1501;-0,0281;0,9719;0,9838;3,7174
0,0264;-0,0210;0,9560;0,9566;3,7799
-0,6578;0,0107;2,8312;2,9066;3,8381
-0,4322;0,0827;-1,5088;1,5717;3,9003
0,0779;-0,0247;1,1727;1,1756;3,9583
0,2636;-0,0437;1,0387;1,0726;4,0175
0,0942;-0,0439;1,0270;1,0323;4,0784
-0,5587;0,0476;0,9562;1,1085;4,1443
0,0027;0,0054;1,5083;1,5083;4,1985
0,0139;-0,0207;0,4313;0,4320;4,2604
-0,1560;-0,0107;0,9911;1,0034;4,3225
0,0249;0,0002;0,9199;0,9202;4,3771
0,0681;0,0608;0,5433;0,5509;4,4377
-0,0217;-0,1506;0,0930;0,1783;4,4989
0,0566;-0,0244;1,3633;1,3647;4,5583
0,3329;-0,0391;1,0775;1,1285;4,6210
0,1250;-0,0381;1,0124;1,0208;4,6771
0,0415;-0,1003;1,2233;1,2281;4,7382
-0,2092;-0,0308;-0,6751;0,7074;4,7971
-0,0205;-0,0090;0,5711;0,5716;4,8571
-0,1452;-0,0002;0,9919;1,0025;4,9172
0,0142;0,0085;0,9885;0,9886;4,9773
0,1547;-0,0647;0,5572;0,5819;5,0380
-0,0366;0,0886;1,0331;1,0376;5,0975
0,6980;-0,3856;4,6275;4,6957;5,1579
0,2619;-0,0366;1,1283;1,1589;5,2170
0,1128;-0,0227;1,0778;1,0839;5,2785
-0,7005;-0,0596;0,7854;1,0541;5,3385
0,3978;0,1396;0,4535;0,6192;5,3980
-0,0764;0,0161;0,6582;0,6629;5,4583
-0,1467;-0,0222;0,9916;1,0027;5,5194
0,0722;0,0032;0,9079;0,9108;5,5783
-0,1130;-0,1550;0,3759;0,4220;5,6382
-0,0683;0,0090;0,9953;0,9977;5,6983
0,2799;-0,0381;1,2804;1,3112;5,7577
0,2275;-0,0298;0,9907;1,0169;5,8182
-0,0225;-0,0300;1,0631;1,0638;5,8775
-0,1128;-0,0232;1,4463;1,4509;5,9378
-0,3114;0,0581;-1,6489;1,6791;5,9997
-0,2165;0,0029;0,9206;0,9457;6,0574
-0,1528;-0,0361;1,0239;1,0358;6,1191
0,4015;-0,1106;-0,0039;0,4164;6,1831
-0,2546;-0,0054;1,3045;1,3291;6,2375
-0,0613;-0,1118;1,7365;1,7412;6,2987
0,3544;-0,0388;1,0783;1,1357;6,3607
0,1042;-0,0259;1,1032;1,1084;6,4204
0,0993;-0,0452;1,2733;1,2780;6,4780
-0,2026;0,1145;1,3355;1,3556;6,5413
-0,0962;0,0105;0,6553;0,6624;6,6055
-0,2040;-0,0337;0,9977;1,0189;6,6579
-0,0547;-0,0039;0,7615;0,7635;6,7188
-0,0103;-0,0081;0,8242;0,8243;6,7796
-0,0527;-0,0381;0,9641;0,9662;6,8381
0,2641;-0,0288;1,1176;1,1487;6,8984
0,3065;-0,0222;1,0573;1,1011;6,9613
0,1140;-0,0151;1,0924;1,0985;7,0187
0,0759;-0,0893;1,2843;1,2896;7,0797
-0,3441;-0,0337;-0,5787;0,6741;7,1387
-0,0837;0,0159;0,8557;0,8599;7,1980
-0,1411;-0,0334;1,0192;1,0295;7,2575
0,1135;-0,0129;0,8601;0,8676;7,3174
-0,3214;-0,2284;0,6199;0,7347;7,3772
0,1645;-0,0681;1,7573;1,7663;7,4413
0,3720;-0,0381;1,0888;1,1512;7,4990
0,2026;-0,0217;1,0446;1,0643;7,5583
0,3017;-0,0310;1,8053;1,8306;7,6177
-0,0144;0,0000;1,6257;1,6258;7,6780
0,1096;0,0234;0,6133;0,6235;7,7375
-0,2297;-0,0217;0,9148;0,9434;7,8012
-0,1316;-0,0200;0,9494;0,9587;7,8577
0,1896;-0,0508;0,5313;0,5664;7,9178
-0,5387;-0,0325;1,2877;1,3962;7,9814
0,1328;-0,0535;1,5923;1,5987;8,0424
0,3224;-0,0486;1,1181;1,1646;8,0975
0,0810;0,0000;1,1422;1,1451;8,1575
-0,1635;0,0356;1,5391;1,5481;8,2221
0,1062;0,0954;-1,5488;1,5554;8,2800
-0,2289;-0,0039;0,9365;0,9641;8,3378
-0,1877;-0,0281;1,0351;1,0523;8,3979
0,0644;0,0161;0,9284;0,9308;8,4586
0,3817;-0,0959;-0,6207;0,7349;8,5186
-0,0342;0,1435;0,8242;0,8373;8,5834
0,1389;-0,0107;1,3214;1,3287;8,6386
0,1833;-0,0342;1,1149;1,1304;8,6986
0,1418;-0,0137;1,4156;1,4227;8,7621
-0,0547;-0,0247;1,8402;1,8412;8,8190
0,0510;-0,0632;0,3544;0,3636;8,8797
-0,1950;-0,0151;0,9914;1,0105;8,9425
-0,1355;-0,0093;0,9926;1,0019;8,9995
-0,1735;0,0095;0,9289;0,9450;9,0596
-0,0051;0,2018;0,7012;0,7297;9,1229
0,1142;0,0527;1,5171;1,5223;9,1824
0,1787;-0,0627;1,3123;1,3259;9,2404
0,0910;-0,0142;1,0378;1,0418;9,3024
0,3102;-0,0666;1,3321;1,3694;9,3633
0,6839;-0,1062;1,8112;1,9389;9,4201
-0,0801;-0,0159;0,5369;0,5431;9,4812
-0,2314;-0,0122;1,0229;1,0488;9,5402
-0,0124;-0,0083;0,9675;0,9676;9,6023
-0,1667;-0,0315;0,7520;0,7709;9,6658
-0,6104;0,0334;1,6643;1,7730;9,7218
-0,1784;0,1750;2,9895;3,0000;9,7838
0,2192;-0,0632;1,5381;1,5549;9,8403
0,2021;-0,0063;1,0807;1,0995;9,9002
0,0408;0,0317;1,2308;1,2319;9,9651
-0,0705;0,0020;1,5191;1,5207;10,0214
-0,3886;-0,0288;-1,9525;1,9910;10,0831
-0,1916;-0,0107;0,9311;0,9507;10,1405
-0,0952;-0,0173;0,9311;0,9361;10,2036
0,1372;-0,0256;0,7620;0,7746;10,2591
-0,6995;0,0107;0,8552;1,1049;10,3214
-0,0103;0,0054;1,0617;1,0617;10,3807
-0,0129;-0,0366;1,0126;1,0134;10,4396
0,1730;-0,0154;1,0497;1,0640;10,5049
0,0200;0,0000;1,0888;1,0890;10,5599
0,0786;-0,1352;1,1051;1,1161;10,6208
0,4452;0,1791;0,2694;0,5503;10,6799
-0,1093;0,0188;0,8264;0,8338;10,7398
-0,1540;-0,0378;1,0500;1,0619;10,7996
0,0493;-0,0059;0,9306;0,9319;10,8648
0,1040;-0,0832;1,0910;1,0991;10,9195
0,0364;0,0220;0,6307;0,6321;10,9802
0,3363;-0,1191;4,7983;4,8116;11,0437
0,2638;-0,0671;1,3236;1,3513;11,1002
0,1240;-0,0232;1,0880;1,0953;11,1600
-0,5006;0,0181;0,3942;0,6374;11,2194
-1,9410;0,0381;-1,4214;2,4062;11,2801
-0,1418;0,0095;0,7024;0,7167;11,3440
-0,1311;-0,0329;1,0336;1,0424;11,4005
0,0083;-0,0144;0,9777;0,9779;11,4600
-0,5755;0,0078;1,3592;1,4760;11,5194
-1,7116;0,2765;1,6323;2,3813;11,5789
-0,0256;0,0312;1,1930;1,1937;11,6424
0,2014;-0,0513;1,1522;1,1708;11,7000
0,1069;-0,0063;1,0551;1,0605;11,7627
-2,0479;-0,0620;-0,3690;2,0819;11,8193
0,7405;-0,1098;2,0772;2,2080;11,8803
-0,1254;0,0505;0,4400;0,4604;11,9403
-0,2182;-0,0146;0,9894;1,0133;12,0029
-0,0659;0,0034;0,9165;0,9188;12,0612
-0,1108;0,0639;0,5528;0,5674;12,1190
0,4078;0,0698;0,0432;0,4160;12,1795
-0,0251;-0,0471;1,1664;1,1676;12,2391
0,2160;-0,0464;1,0444;1,0675;12,2997
0,0520;-0,0364;1,1310;1,1328;12,3596
-0,2397;-0,1337;0,7432;0,7922;12,4201
1,6760;-0,0498;3,7937;4,1478;12,4823
0,0229;0,0786;0,7888;0,7931;12,5393
-0,2001;-0,0327;1,0009;1,0212;12,5999
0,0420;0,0034;0,8125;0,8136;12,6598
-0,4703;-0,0144;1,3084;1,3905;12,7190
-0,0527;-0,1174;1,9486;1,9529;12,7795
0,0764;-0,1264;1,8393;1,8452;12,8394
0,2775;-0,0408;1,0317;1,0691;12,8998
0,1413;-0,0264;1,0736;1,0832;12,9601
0,5128;0,0708;2,7225;2,7713;13,0195
-0,0190;-0,0161;1,3675;1,3677;13,0802
0,1174;-0,1325;-2,3777;2,3843;13,1390
-0,1857;-0,0049;0,9589;0,9768;13,1992
-0,0957;-0,0212;0,9907;0,9955;13,2646
0,0998;-0,0071;0,9611;0,9663;13,3190
0,0549;0,0085;0,6641;0,6664;13,3800
0,0715;-0,1843;0,4872;0,5257;13,4393
0,2404;0,0034;1,3367;1,3582;13,4997
0,1828;-0,0371;1,0368;1,0534;13,5612
0,1225;-0,0066;1,0195;1,0268;13,6195
-0,0149;-0,0161;1,0653;1,0656;13,6799
-0,1130;0,0090;1,6362;1,6401;13,7412
0,0227;0,3788;2,5310;2,5592;13,7998
-0,0686;0,0449;0,9028;0,9065;13,8596
-0,1755;-0,0522;1,0336;1,0497;13,9248
0,0444;-0,0127;0,9218;0,9230;13,9797
0,0749;-0,0754;0,8284;0,8351;14,0401
0,0693;-0,0925;0,3998;0,4162;14,1008
0,0373;-0,1655;2,1588;2,1654;14,1596
0,1452;-0,0522;0,9904;1,0024;14,2202
0,1308;-0,0273;1,0656;1,0739;14,2799
0,0251;-0,0581;1,2491;1,2507;14,3399
-0,0308;-0,0417;1,5327;1,5336;14,4013
-0,5445;0,1767;-2,2430;2,3149;14,4599
-0,2057;-0,0027;0,9462;0,9684;14,5199
-0,1172;-0,0371;1,0353;1,0426;14,5826
0,0691;-0,0002;0,9907;0,9931;14,6395
-0,1381;0,0254;0,7034;0,7173;14,7001
0,7627;-0,3656;2,1629;2,3224;14,7623
0,0491;-0,0871;1,2716;1,2755;14,8198
0,2914;-0,0422;1,0312;1,0724;14,8804
0,1225;-0,0334;1,0251;1,0329;14,9425
-3,7996;0,1374;-0,6587;3,8587;15,0005
-0,0024;-0,0029;1,1971;1,1971;15,0674
0,0893;0,0027;0,3043;0,3172;15,1189
-0,1306;-0,0054;0,8945;0,9040;15,1823
-0,0495;-0,0227;0,9904;0,9919;15,2391
0,0090;-0,0342;0,6045;0,6056;15,2998
0,0866;0,0132;-0,5977;0,6041;15,3598
0,0361;-0,0525;1,5793;1,5806;15,4325
0,3319;-0,0452;1,0412;1,0937;15,4825
0,1179;-0,0195;1,0775;1,0842;15,5401
-0,1003;0,0041;1,5078;1,5112;15,5987
-0,0107;-0,0124;1,3568;1,3569;15,6592
0,0759;-0,0713;0,7527;0,7599;15,7196
-0,2033;-0,0530;0,9816;1,0039;15,7828
0,0068;-0,0198;0,8774;0,8777;15,8396
0,3832;0,2199;-0,0420;0,4438;15,8995
0,6102;0,1369;-1,9367;2,0351;15,9616
0,0491;0,0085;1,1312;1,1323;16,0227
0,3590;-0,0476;1,0356;1,0971;16,0797
0,0815;-0,0312;1,0170;1,0208;16,1423
-0,0146;-0,0041;1,3077;1,3078;16,1988
-0,0356;-0,0737;1,5710;1,5732;16,2599
0,1435;-0,0571;0,6480;0,6661;16,3195
-0,1787;-0,0185;0,9575;0,9742;16,3808
-0,0232;-0,0222;0,9660;0,9665;16,4401
0,1269;0,0110;0,8113;0,8212;16,4992
0,1918;-0,0639;1,4800;1,4938;16,5587
0,1411;-0,2004;1,6469;1,6651;16,6197
0,5745;-0,1613;1,3097;1,4392;16,6802
0,2133;-0,0198;1,1012;1,1219;16,7389
0,0893;-0,0137;1,3236;1,3266;16,7996
0,0405;-0,0103;1,4163;1,4169;16,8593
-0,8359;0,1499;-2,4931;2,6338;16,9209
0,0393;0,1650;0,9860;1,0005;16,9824
-0,1040;-0,0832;1,0075;1,0163;17,0465
0,1045;-0,0071;0,9033;0,9093;17,1001
0,2514;0,1667;-1,2123;1,2492;17,1595
0,6524;-0,2197;0,9504;1,1735;17,2211
0,0637;-0,0239;1,5930;1,5945;17,2802
0,2846;-0,0271;1,0880;1,1250;17,3395
0,1416;-0,0173;1,0082;1,0183;17,4008
-0,4415;-0,1318;0,7263;0,8602;17,4586
-4,2372;0,1045;-2,0619;4,7134;17,5192
-0,0478;-0,0232;0,6949;0,6969;17,5839
-0,0952;-0,0398;1,0688;1,0737;17,6404
0,0686;-0,0061;0,9116;0,9142;17,6992
-0,1723;0,0351;0,3046;0,3517;17,7596
0,0212;-0,1069;1,2408;1,2456;17,8218
-0,3349;-0,0078;1,0402;1,0928;17,8803
0,2311;-0,0107;1,0280;1,0537;17,9419
0,0164;-0,0410;1,0329;1,0338;17,9988
0,0698;-0,0681;1,4898;1,4930;18,0617
0,4796;-0,1445;2,5763;2,6246;18,1189
0,2155;0,0327;0,8196;0,8481;18,1792
-0,1184;-0,0259;0,9907;0,9980;18,2438
0,0356;-0,0066;0,9819;0,9825;18,2986
-0,1769;-0,0181;0,3434;0,3867;18,3597
-0,0473;0,0652;0,7239;0,7284;18,4191
0,1298;-0,0842;1,4195;1,4279;18,4788
0,2189;-0,0408;1,0112;1,0354;18,5392
0,1169;-0,0315;1,0456;1,0526;18,5988
0,0918;-0,0466;1,2215;1,2259;18,6591
0,2724;0,1511;2,3667;2,3871;18,7199
0,0249;0,0351;0,4972;0,4990;18,7795
-0,0793;-0,0495;0,9743;0,9788;18,8414
0,1191;-0,0388;0,9240;0,9325;18,8989
0,1723;0,0517;-0,8606;0,8792;18,9591
-0,3258;0,2323;-1,1761;1,2424;19,0225
0,0293;-0,0400;1,2233;1,2243;19,0836
0,2497;-0,0449;1,0746;1,1042;19,1388
0,0669;-0,0456;1,0236;1,0268;19,2039
-0,1323;-0,0996;1,3870;1,3969;19,2599
-0,4564;-0,0732;1,8034;1,8617;19,3199
-0,0752;-0,0068;0,4386;0,4450;19,3786
-0,1132;-0,0354;0,9233;0,9309;19,4395
0,0722;-0,0295;0,9497;0,9529;19,4990
-0,0225;-0,0627;0,1828;0,1946;19,5606
0,4989;0,2197;0,1438;0,5637;19,6183
0,2926;-0,0866;1,1305;1,1710;19,6791
0,1357;-0,0454;1,0336;1,0435;19,7393
-0,0034;-0,0442;1,0527;1,0536;19,7997
0,0249;-0,1657;1,7734;1,7813;19,8589
-0,1523;0,1198;1,0988;1,1157;19,9194
-0,1281;-0,0076;0,7993;0,8096;19,9825
-0,1008;-0,0386;0,9763;0,9822;20,0486
0,0110;-0,0495;0,8484;0,8499;20,1057
0,0649;0,0700;-0,0774;0,1229;20,1605
0,0720;-0,0078;0,7578;0,7613;20,2220
0,2904;-0,1748;1,1847;1,2322;20,2788
0,1557;-0,0405;0,9929;1,0058;20,3387
-0,0005;-0,0454;1,0358;1,0368;20,3986
0,0081;-0,0998;1,5764;1,5796;20,4618
-0,6111;0,2155;1,0329;1,2193;20,5186
-0,2067;0,0561;0,5240;0,5661;20,5791
-0,1535;-0,0225;0,9907;1,0027;20,6413
0,0517;-0,0215;0,9643;0,9659;20,6985
0,1020;0,0093;0,2485;0,2687;20,7595
-0,2111;0,1008;-0,0820;0,2479;20,8225
0,1316;-0,0391;1,2596;1,2671;20,8781
0,2646;-0,0168;1,0468;1,0798;20,9389
0,0610;-0,0329;1,0168;1,0191;20,9987
-0,1325;0,0283;1,2948;1,3018;21,0581
0,5313;0,0171;1,3961;1,4938;21,1195
-0,0391;-0,0569;0,5145;0,5191;21,1809
-0,0161;-0,0134;1,0173;1,0175;21,2376
0,1411;0,0168;0,8603;0,8720;21,2981
0,3490;0,0015;-0,3456;0,4912;21,3605
0,0818;0,1364;1,1488;1,1598;21,4186
0,1923;-0,0315;1,2469;1,2621;21,4791
0,1801;-0,0327;1,0199;1,0362;21,5387
0,8218;-0,0886;2,6291;2,7559;21,6009
-0,0273;-0,1276;1,9320;1,9364;21,6579
-0,0898;-0,1855;0,7393;0,7675;21,7193
0,0095;-0,0020;0,7429;0,7430;21,7793
0,0527;-0,0212;1,0287;1,0303;21,8409
0,3207;0,0007;0,3876;0,5031;21,8980
0,1752;-0,1093;0,8506;0,8753;21,9614
1,1207;-0,5372;6,7391;6,8528;22,0184
0,3490;-0,0578;1,0502;1,1082;22,0782
0,1494;-0,0247;1,0514;1,0623;22,1380
0,3558;0,0239;1,6279;1,6665;22,1981
0,1162;0,0024;1,5237;1,5281;22,2579
0,2712;0,1189;1,2340;1,2690;22,3180
-0,0713;0,0015;0,7053;0,7089;22,3829
-0,0059;-0,0732;0,9914;0,9941;22,4378
-0,0373;0,0207;-0,5347;0,5364;22,4982
0,0120;-0,0164;0,4464;0,4469;22,5620
0,0596;-0,0298;1,0575;1,0596;22,6177
0,2704;-0,0666;1,0485;1,0849;22,6783
0,1303;-0,0251;0,9899;0,9988;22,7377
0,0183;-0,0652;1,0671;1,0692;22,7979
-0,0234;0,0012;1,2176;1,2179;22,8587
0,0090;-0,1172;-2,6735;2,6761;22,9179
-0,0615;-0,0044;0,8120;0,8143;22,9805
-0,0444;-0,0112;0,9406;0,9417;23,0406
0,1408;0,0249;-0,2585;0,2954;23,0976
0,2355;-0,0710;0,8276;0,8634;23,1583
0,2609;-0,0605;1,6301;1,6520;23,2220
0,2804;-0,0517;1,0256;1,0645;23,2776
0,1179;-0,0251;1,0114;1,0186;23,3386
-0,4635;-0,0293;1,1249;1,2170;23,3982
0,1438;-0,0024;0,8245;0,8369;23,4573
0,0742;-0,0129;0,3070;0,3161;23,5200
-0,0456;-0,0395;0,9519;0,9538;23,5785
0,1499;-0,0220;0,9680;0,9797;23,6388
0,1560;-0,1079;0,9838;1,0019;23,6984
0,1718;0,1069;0,2560;0,3263;23,7588
0,2179;-0,0486;1,6733;1,6881;23,8180
0,3212;-0,0298;1,0517;1,1000;23,8779
0,1089;-0,0188;1,0361;1,0419;23,9379
-0,1469;-0,1369;1,3167;1,3320;23,9995
0,4835;-0,0037;2,4819;2,5286;24,0717
0,6646;0,0708;0,8318;1,0670;24,1180
-0,0683;-0,0456;0,9392;0,9427;24,1782
0,1369;-0,0149;0,9433;0,9533;24,2414
0,2306;0,0239;2,2991;2,3108;24,2982
0,0493;0,0115;0,6988;0,7006;24,3580
0,0225;-0,0273;1,0444;1,0450;24,4181
0,2436;-0,0459;1,1176;1,1447;24,4825
0,0969;-0,0117;0,9865;0,9913;24,5377
0,4830;-0,1862;1,8493;1,9204;24,5981
-1,3367;0,0085;0,2323;1,3568;24,6575
-0,0220;0,0808;0,4867;0,4938;24,7177
-0,0786;-0,0325;1,0578;1,0612;24,7773
0,1704;0,0137;0,9072;0,9231;24,8396
0,0232;0,0154;0,0610;0,0671;24,8968
0,7756;-0,0920;2,0604;2,2035;24,9577
0,4710;-0,2282;2,8131;2,8614;25,0214
0,2863;-0,0993;1,0317;1,0752;25,0819
0,1396;-0,0251;1,0524;1,0619;25,1374
-0,1137;0,0222;1,1063;1,1124;25,1972
-0,0781;-0,1411;0,9636;0,9770;25,2590
0,1391;-0,0024;0,4825;0,5022;25,3172
-0,0622;-0,0405;0,9426;0,9455;25,3773
0,0810;-0,0164;0,9560;0,9596;25,4402
0,0988;0,0217;0,6934;0,7007;25,4997
-0,1445;0,0039;0,6048;0,6218;25,5570
0,1665;0,1164;3,1704;3,1769;25,6180
0,3461;-0,0649;1,5225;1,5627;25,6767
0,1250;-0,0154;1,0234;1,0311;25,7379
0,9167;-0,0076;2,4892;2,6527;25,7977
0,1147;-0,0588;1,6116;1,6167;25,8574
-0,2018;-0,0791;-1,6340;1,6483;25,9171
-0,1152;-0,0234;0,8950;0,9027;25,9772
-0,1057;-0,0530;0,9897;0,9967;26,0383
0,0332;-0,0098;0,7542;0,7550;26,0967
-0,0286;-0,0317;0,5179;0,5197;26,1573
-0,2860;0,2243;-0,1298;0,3860;26,2175
-0,1130;-0,0164;1,2657;1,2709;26,2765
0,0669;-0,0408;1,1115;1,1142;26,3378
0,0085;-0,0217;1,0880;1,0883;26,3996
-0,1010;-0,1584;1,7570;1,7670;26,4576
0,5921;-0,0339;1,7009;1,8013;26,5171
-0,0615;0,0774;0,5948;0,6029;26,5781
-0,1313;-0,0381;0,9953;1,0046;26,6374
-0,0325;-0,0671;0,9719;0,9747;26,6978
0,0659;0,0759;0,7952;0,8015;26,7575
0,0693;-0,2380;-3,0057;3,0159;26,8166
-0,1508;-0,0510;1,3284;1,3380;26,8772
0,1416;-0,0227;1,0973;1,1066;26,9372
0,0237;-0,0225;1,0822;1,0827;26,9961
-0,0264;-0,1267;0,9672;0,9758;27,0581
-0,4425;-0,0757;0,4730;0,6521;27,1177
-0,0466;-0,0181;0,5638;0,5660;27,1779
-0,0493;0,0002;0,9880;0,9892;27,2370
0,0268;0,0071;0,9868;0,9871;27,2973
0,0178;-0,0164;0,2192;0,2205;27,3564
-0,0788;-0,1147;-0,0381;0,1443;27,4172
0,1408;-0,0730;2,0767;2,0828;27,4773
0,2006;-0,0378;1,0182;1,0385;27,5374
0,0215;-0,0469;1,0646;1,0659;27,5971
-0,1286;0,0073;1,0483;1,0561;27,6577
-0,1350;0,0408;0,8464;0,8581;27,7192
0,0369;0,0059;0,3322;0,3343;27,7810
-0,0134;-0,0488;0,9724;0,9737;27,8371
-0,2153;-0,0198;0,6963;0,7291;27,8967
0,0481;-0,0525;0,9367;0,9394;27,9565
0,1335;-0,0737;2,0843;2,0899;28,0165
0,1899;-0,0530;1,0495;1,0678;28,0776
0,0630;-0,0210;1,0082;1,0104;28,1370
-0,0078;-0,0303;1,1144;1,1148;28,1970
-0,0849;-0,0432;1,6299;1,6326;28,2566
0,8728;-0,2182;1,6679;1,8951;28,3172
0,0461;0,0525;0,7058;0,7093;28,3768
-0,0190;-0,0127;0,9907;0,9909;28,4367
0,0085;-0,0393;0,9621;0,9629;28,4968
-0,2597;0,1564;3,5248;3,5378;28,5663
-0,2043;0,0344;3,1384;3,1453;28,6173
-0,1208;-0,0547;1,0273;1,0358;28,6791
0,2753;-0,0349;1,0492;1,0853;28,7365
0,0840;-0,0383;1,0365;1,0406;28,7970
-0,0412;-0,0315;1,2301;1,2312;28,8602
-0,0161;-0,0871;1,3680;1,3708;28,9209
-0,5169;0,1918;-1,7194;1,8057;28,9768
-0,0185;0,0020;0,8335;0,8337;29,0397
0,0085;-0,0207;0,9858;0,9860;29,1030
-0,1904;0,0037;0,6704;0,6970;29,1565
0,4625;0,0383;2,1361;2,1859;29,2162
0,1521;-0,1850;2,3765;2,3885;29,2769
0,2987;-0,0740;1,0339;1,0787;29,3366
0,0761;-0,0422;1,0343;1,0380;29,3963
-0,2262;-0,0376;1,4834;1,5011;29,4593
0,0061;-0,1203;1,3006;1,3062;29,5165
-0,1074;-0,1455;1,3848;1,3966;29,5770
-0,1286;-0,0110;0,8454;0,8552;29,6368
-0,0137;-0,0281;1,0134;1,0138;29,6976
0,0059;0,0032;0,3061;0,3061;29,7578
-0,0156;0,1193;1,2784;1,2841;29,8177
-0,0354;-0,1579;1,8437;1,8508;29,8807
0,3161;-0,0483;0,9987;1,0486;29,9367
0,0740;-0,0310;1,0490;1,0521;29,9987
0,0627;-0,1777;1,5820;1,5932;30,0620
0,8884;-0,1098;2,1497;2,3287;30,1174
0,2031;0,0498;0,4454;0,4920;30,1794
-0,0659;-0,0134;0,9875;0,9898;30,2402
0,0459;-0,0215;0,9570;0,9583;30,2972
0,0991;0,0381;-0,1726;0,2026;30,3568
0,1467;0,0298;-0,8188;0,8324;30,4220
0,0625;-0,0766;1,2606;1,2645;30,4774
0,2321;-0,0286;1,0566;1,0821;30,5387
0,1896;-0,0718;1,4566;1,4706;30,5983
0,0032;-0,0476;1,5037;1,5044;30,6574
-0,8752;0,0808;-4,5508;4,6349;30,7178
-0,0920;0,0710;0,9426;0,9497;30,7799
-0,0935;-0,0359;0,9706;0,9758;30,8372
0,0840;-0,0166;0,8984;0,9025;30,8974
-0,0317;-0,1486;2,9725;2,9763;30,9575
-0,6626;-0,8608;6,2368;6,3307;31,0170
0,4310;-0,1706;1,3018;1,3819;31,0774
0,0996;-0,0366;1,0275;1,0330;31,1418
-0,6168;0,0576;1,2843;1,4258;31,1984
0,0466;-0,0012;0,9868;0,9879;31,2572
-0,0105;-0,0966;0,2363;0,2555;31,3171
-0,0676;-0,0095;0,8096;0,8124;31,3790
-0,0461;-0,0339;0,9897;0,9913;31,4369
-0,3136;0,0066;0,9746;1,0238;31,5150
0,3327;0,0383;1,3458;1,3868;31,5578
0,0281;-0,1091;1,9857;1,9889;31,6172
0,2494;-0,0593;1,0524;1,0832;31,6766
0,0420;-0,0308;1,0622;1,0634;31,7378
-0,1225;-0,1235;1,0148;1,0296;31,7977
-0,3585;0,1913;0,2758;0,4911;31,8573
0,3661;-0,0132;0,4400;0,5726;31,9174
-0,1179;0,0203;0,9382;0,9458;31,9778
-0,0740;-0,0469;0,9929;0,9967;32,0368
0,0478;-0,0127;0,3234;0,3272;32,0975
-0,3290;-0,0244;0,3065;0,4503;32,1578
0,0957;-0,0161;1,3018;1,3055;32,2165
0,1499;-0,0366;0,9404;0,9530;32,2766
-0,0159;-0,0210;1,0285;1,0288;32,3409
-0,0674;-0,0940;1,1361;1,1420;32,3969
0,3683;-0,0300;1,4102;1,4578;32,4569
0,3019;0,0071;0,4471;0,5396;32,5190
-0,1772;-0,0452;0,9848;1,0016;32,5772
0,0769;-0,0154;0,9865;0,9896;32,6366
0,1599;0,0081;0,8601;0,8749;32,6967
-0,2485;-0,1501;-0,7019;0,7596;32,7568
-0,0891;-0,1042;1,3245;1,3316;32,8207
0,2382;-0,0322;1,1508;1,1756;32,8762
0,0283;-0,0100;1,1388;1,1392;32,9368
0,0134;0,0840;1,8788;1,8807;33,0008
0,1340;0,2934;2,9251;2,9428;33,0602
0,0537;0,0537;0,6687;0,6730;33,1167
-0,1298;-0,0615;1,0199;1,0300;33,1773
0,0232;-0,0625;0,9284;0,9308;33,2398
0,0203;-0,2255;2,6471;2,6568;33,2967
-0,3083;0,0674;-1,2318;1,2716;33,3566
-0,2170;0,0020;0,9990;1,0223;33,4167
0,1970;-0,0403;1,0426;1,0618;33,4787
0,1718;0,0322;1,3985;1,4094;33,5361
-0,1247;-0,0949;1,0021;1,0143;33,5986
-0,0203;0,0212;1,0300;1,0304;33,6564
-0,0971;0,0393;-0,4955;0,5064;33,7172
-0,0347;-0,0256;0,8559;0,8570;33,7768
0,0610;0,0278;0,9394;0,9418;33,8370
0,3358;-0,0452;-0,6841;0,7634;33,8978
-0,8718;-0,1962;-3,4652;3,5786;33,9613
-0,0698;-0,0439;1,0287;1,0320;34,0176
0,2223;-0,0261;1,0856;1,1084;34,0770
0,0813;-0,0156;1,1691;1,1720;34,1368
0,0320;-0,0510;1,3668;1,3681;34,1972
0,8371;-0,0476;2,8133;2,9356;34,2568
0,0725;0,0166;0,7051;0,7090;34,3161
-0,0700;-0,0242;0,9499;0,9528;34,3764
0,0574;-0,0271;1,0036;1,0056;34,4388
0,1276;-0,0120;0,4942;0,5106;34,4958
0,2328;-0,0342;2,0279;2,0415;34,5562
-0,0100;-0,0264;1,1286;1,1289;34,6162
0,1159;-0,0366;1,0497;1,0567;34,6759
0,0312;-0,0217;1,0844;1,0850;34,7366
0,0493;-0,0620;1,2184;1,2209;34,7959
0,5120;0,0195;1,8095;1,8807;34,8560
0,0779;0,0325;0,7676;0,7722;34,9196
-0,0532;0,0049;0,9201;0,9217;34,9760
0,0974;0,0083;0,9858;0,9906;35,0365
-0,2150;0,0886;-0,7874;0,8210;35,0978
-1,2233;0,0505;0,5836;1,3563;35,1565
-0,0569;-0,0117;0,9389;0,9407;35,2166
0,1352;-0,0493;1,1017;1,1111;35,2782
0,0298;-0,0329;0,9643;0,9653;35,3361
-0,1604;-0,0373;0,7456;0,7636;35,3974
-0,3502;0,1508;0,8847;0,9634;35,4606
-0,0452;-0,0329;0,0508;0,0755;35,5177
0,0554;0,0415;0,7913;0,7943;35,5772
0,0788;0,0410;0,9911;0,9951;35,6407
-0,0622;-0,0347;0,9318;0,9346;35,6986
-0,0122;0,1562;0,0332;0,1602;35,7570
0,1950;-0,0737;1,6347;1,6480;35,8171
0,2128;-0,0581;1,0507;1,0736;35,8791
0,0493;-0,0415;1,0370;1,0390;35,9368
0,0742;-0,1406;1,3690;1,3782;35,9967
-0,2526;0,0547;1,0361;1,0678;36,0577
-0,0315;-0,0112;0,9265;0,9271;36,1220
-0,0425;-0,0308;0,9907;0,9920;36,1771
0,2375;0,0517;0,3886;0,4583;36,2369
0,3954;-0,0635;0,7732;0,8707;36,2967
0,7974;-0,1582;1,9659;2,1274;36,3573
0,5448;-0,0596;1,5991;1,6904;36,4176
0,2316;-0,0144;1,0707;1,0956;36,4769
0,6792;-0,0984;2,3301;2,4291;36,5369
0,1445;-0,0642;1,5771;1,5851;36,5983
0,1028;-0,1562;0,2497;0,3119;36,6575
-0,1987;-0,0193;0,9611;0,9816;36,7174
-0,0056;-0,0339;1,0407;1,0413;36,7769
0,0930;-0,0215;1,0312;1,0356;36,8381
0,3927;0,1357;1,0485;1,1278;36,8967
-0,2555;0,0439;-0,8047;0,8454;36,9571
-0,1045;-0,1123;1,3941;1,4025;37,0161
0,3817;-0,0134;1,0231;1,0921;37,0777
0,0940;-0,0166;1,1164;1,1204;37,1371
0,1301;-0,1091;1,5061;1,5157;37,1965
0,5936;-0,1684;1,8395;1,9402;37,2566
-0,1984;-0,0229;0,4022;0,4491;37,3185
-0,0364;0,0144;0,9558;0,9566;37,3764
0,0715;0,0146;0,9741;0,9768;37,4366
0,2611;0,1218;-0,7063;0,7628;37,5022
-0,0661;0,1059;-0,4427;0,4600;37,5565
-0,1218;-0,1069;1,4490;1,4580;37,6178
0,2680;-0,0412;1,0419;1,0766;37,6756
0,0422;-0,0325;1,0490;1,0503;37,7364
-0,0259;-0,0210;1,4019;1,4023;37,8006
0,7756;-0,2909;3,3159;3,4178;37,8562
0,1254;0,0781;0,5960;0,6141;37,9164
-0,1008;-0,0090;0,9763;0,9815;37,9804
0,0888;-0,0061;1,0019;1,0058;38,0369
0,4017;0,0366;0,2160;0,4576;38,1008
0,2206;0,1855;1,6067;1,6323;38,1576
-0,4305;-0,0949;1,7414;1,7963;38,2163
0,1279;-0,0547;1,4832;1,4897;38,2764
0,1669;-0,0676;1,0732;1,0882;38,3362
-0,3881;-0,1084;1,3492;1,4081;38,3966
0,1957;-0,4110;2,4228;2,4652;38,4596
0,2724;0,0769;0,5560;0,6239;38,5169
-0,0835;-0,0100;0,9704;0,9740;38,5785
0,1147;0,0693;0,7883;0,7996;38,6376
-0,3141;0,1174;-0,5848;0,6741;38,6996
-0,6158;-0,1201;1,4807;1,6082;38,7560
-0,2699;-0,0359;1,7543;1,7753;38,8175
0,2258;-0,0239;1,0548;1,0790;38,8764
0,0659;-0,0315;1,0121;1,0148;38,9355
0,1137;-0,0822;1,1242;1,1329;38,9964
-0,4696;0,1450;0,0247;0,4921;39,0601
0,1008;0,0381;0,6719;0,6805;39,1181
-0,1567;-0,0046;0,9421;0,9550;39,1769
0,0417;-0,0298;0,9411;0,9425;39,2393
0,1211;-0,0517;1,7231;1,7281;39,2975
0,1818;0,0620;0,4310;0,4719;39,3572
0,2175;-0,0713;1,6377;1,6536;39,4194
0,3539;-0,0622;1,0336;1,0943;39,4768
0,0925;-0,0596;1,0441;1,0499;39,5369
-0,1347;-0,0259;1,1998;1,2076;39,6010
-0,2350;0,0666;0,8496;0,8840;39,6568
0,0254;-0,0134;0,8347;0,8352;39,7191
-0,0398;0,0095;0,8608;0,8618;39,7804
0,0398;0,0085;0,9904;0,9913;39,8416
0,3397;0,0085;0,6194;0,7065;39,8980
0,2179;0,0454;-0,2961;0,3704;39,9590
-0,1110;-0,1081;1,6562;1,6635;40,0173
0,2658;-0,0322;1,0058;1,0408;40,0887
0,0979;-0,0454;1,1134;1,1186;40,1364
-0,5570;0,0576;0,5460;0,7821;40,1968
-0,2043;0,2326;0,2502;0,3980;40,2576
0,2453;0,0259;0,3964;0,4668;40,3176
-0,1830;-0,0542;1,0278;1,0453;40,3766
0,0803;-0,0278;1,0107;1,0142;40,4376
0,4598;0,0586;1,4141;1,4881;40,4977
0,1054;0,0403;-0,4078;0,4232;40,5617
-0,0447;-0,0735;1,4231;1,4257;40,6164
0,2392;-0,0522;1,0531;1,0812;40,6771
0,1340;-0,0305;1,0688;1,0776;40,7366
0,0605;-0,0473;1,4490;1,4510;40,7963
-0,3971;0,2365;0,0391;0,4638;40,8576
0,0920;0,0708;0,4874;0,5010;40,9213
-0,0117;-0,0044;0,9113;0,9114;40,9775
0,1272;-0,0068;0,9599;0,9683;41,0368
-0,0503;-0,1494;-0,0032;0,1576;41,0982
0,1562;0,0386;0,9104;0,9245;41,1573
0,2526;-0,1418;1,2115;1,2457;41,2168
0,3136;-0,0156;1,0263;1,0733;41,2794
0,1089;-0,0103;1,2445;1,2493;41,3366
0,3073;-0,0095;1,7299;1,7570;41,3979
0,3153;-0,0798;1,6904;1,7214;41,4571
-0,1962;-0,0588;0,9274;0,9498;41,5167
-0,0261;-0,0405;0,9711;0,9723;41,5805
0,1628;0,0090;0,7957;0,8122;41,6361
-0,1408;0,1601;-0,4293;0,4793;41,6966
-1,1854;0,3261;-0,0798;1,2320;41,7573
0,0161;-0,0327;1,2025;1,2031;41,8207
0,2048;-0,0491;0,9907;1,0128;41,8804
0,0969;-0,0244;1,0243;1,0292;41,9375
-0,2299;-0,0517;0,9687;0,9969;41,9993
1,8700;-0,4191;3,7903;4,2473;42,0577
-0,0393;0,0090;0,5164;0,5180;42,1172
-0,0327;-0,0383;0,9907;0,9919;42,1772
0,1162;-0,0259;0,9733;0,9806;42,2373
0,0671;-0,0198;0,9338;0,9364;42,2978
0,1686;-0,0452;1,2067;1,2192;42,3582
0,0852;-0,0071;1,5869;1,5892;42,4175
0,2089;-0,0200;0,9999;1,0217;42,4778
0,0927;-0,0181;1,0717;1,0758;42,5374
0,2006;-0,0910;1,8068;1,8202;42,5978
-2,1619;-0,0132;0,1142;2,1650;42,6573
0,1059;-0,0073;0,5594;0,5694;42,7167
0,0256;-0,0142;1,0121;1,0126;42,7778
0,1835;0,0085;0,9499;0,9675;42,8382
0,9450;-0,2497;0,8735;1,3109;42,9001
-0,7239;0,1037;2,4631;2,5694;42,9578
0,3078;-0,0242;1,3121;1,3479;43,0209
0,2035;-0,0400;1,0097;1,0308;43,0783
0,0095;-0,0229;1,0446;1,0449;43,1373
0,1172;-0,0083;1,1583;1,1643;43,1980
0,2138;-0,0090;0,6868;0,7194;43,2569
0,0085;0,0085;0,7705;0,7706;43,3199
-0,0149;0,0059;0,9458;0,9459;43,3771
0,2990;0,0098;0,1823;0,3503;43,4371
0,2155;-0,2326;2,4333;2,4539;43,5066
-0,5594;0,0857;1,2747;1,3947;43,5570
0,3878;-0,0339;1,1566;1,2204;43,6172
0,1921;-0,0242;1,0104;1,0288;43,6786
-2,7494;0,1325;0,0791;2,7537;43,7389
0,1294;0,0334;1,4773;1,4834;43,7966
-0,0039;-0,0112;0,4715;0,4717;43,8569
-0,0183;-0,0327;0,9270;0,9277;43,9214
0,1167;-0,0205;1,0182;1,0251;43,9777
0,0339;-0,0261;0,5682;0,5698;44,0372
-0,0908;-0,0203;0,3702;0,3818;44,0977
0,1577;-0,0698;1,6760;1,6848;44,1592
0,3483;-0,0466;1,1173;1,1713;44,2165
0,2111;-0,0173;1,1132;1,1332;44,2768
0,0952;-0,0713;1,4610;1,4658;44,3371
0,0129;0,1381;0,9626;0,9725;44,3981
0,0434;0,0305;0,5745;0,5770;44,4564
-0,0071;-0,0168;0,9501;0,9503;44,5175
0,1086;-0,0264;0,9909;0,9972;44,5785
0,2646;-0,0544;0,7032;0,7532;44,6381
-0,3390;0,1010;0,5208;0,6296;44,6973
0,2026;-0,0588;1,6650;1,6783;44,7576
0,2887;-0,0295;1,0583;1,0973;44,8164
0,1367;-0,0222;1,0492;1,0583;44,8785
0,1059;-0,1181;1,6467;1,6543;44,9374
-0,3544;0,2411;0,1367;0,4499;44,9974
0,3371;-0,0327;0,0691;0,3456;45,0595
-0,1023;-0,0615;0,9836;0,9908;45,1187
0,1418;-0,0146;0,9914;1,0016;45,1777
-0,1935;0,0556;0,3285;0,3853;45,2410
0,0510;-0,0176;0,8940;0,8956;45,3003
0,9621;-0,5706;5,2637;5,3813;45,3568
0,2636;-0,0632;1,1095;1,1421;45,4168
0,2006;-0,0403;1,0854;1,1045;45,4777
0,1464;-0,0830;1,9742;1,9814;45,5407
-0,4127;0,2053;0,5596;0,7250;45,5993
0,3327;0,0471;0,4845;0,5896;45,6567
-0,0200;-0,0471;0,9902;0,9915;45,7203
0,1433;-0,0466;0,9936;1,0049;45,7775
-0,2282;-0,1345;1,6633;1,6843;45,8361
0,1967;-0,0347;-1,4048;1,4190;45,8988
0,0325;-0,0146;1,2284;1,2289;45,9566
0,2338;-0,0349;1,0302;1,0570;46,0167
0,1435;-0,0115;1,0514;1,0612;46,0944
0,0022;-0,0083;0,7503;0,7503;46,1456
-0,2289;0,0605;0,7808;0,8159;46,1966
0,2248;0,0098;0,7837;0,8154;46,2564
0,0305;-0,0461;0,9372;0,9388;46,3170
0,1862;-0,0268;0,9904;1,0081;46,3766
0,0381;0,0002;1,0583;1,0589;46,4366
-1,0097;0,1711;-1,6726;1,9612;46,4964
0,0083;-0,0315;1,2762;1,2766;46,5566
0,2941;-0,0229;1,0187;1,0606;46,6179
0,1433;-0,0203;1,0336;1,0437;46,6796
0,1662;-0,2360;2,3904;2,4077;46,7405
-0,0657;0,0515;0,8081;0,8124;46,7971
0,0420;0,0137;0,5118;0,5137;46,8565
0,0090;-0,0293;0,8657;0,8662;46,9162
0,1892;-0,0283;0,9553;0,9742;46,9798
-0,1848;-0,2536;0,9828;1,0317;47,0384
0,5823;-0,2014;1,7199;1,8270;47,0976
0,1911;0,0303;1,0356;1,0535;47,1577
0,2507;-0,0498;0,9931;1,0255;47,2200
0,1201;-0,0400;1,0998;1,1070;47,2791
0,0078;-0,0095;0,8955;0,8956;47,3391
1,4720;-0,1716;2,5995;2,9923;47,3976
0,0666;0,0215;0,6463;0,6501;47,4571
0,0535;-0,0261;0,9267;0,9286;47,5171
0,2331;-0,0164;0,9589;0,9870;47,5775
0,0927;-0,1848;1,3741;1,3895;47,6422
0,5714;-0,2092;2,0060;2,0962;47,6962
0,1445;0,0039;1,0749;1,0845;47,7572
0,2604;-0,0583;0,9826;1,0182;47,8189
0,1530;-0,0437;1,0390;1,0511;47,8770
0,5794;-0,1579;1,8756;1,9694;47,9371
0,1940;-0,1086;1,8859;1,8990;47,9975
0,1904;-0,0681;0,8589;0,8823;48,0566
-0,0244;-0,0203;0,8523;0,8529;48,1175
0,1203;-0,0129;1,0012;1,0084;48,1773
-0,3873;0,0644;0,0349;0,3942;48,2374
-0,0556;0,0966;-0,1045;0,1528;48,2972
0,2792;-0,3986;2,2442;2,2963;48,3575
0,2299;-0,0876;1,2035;1,2284;48,4223
0,1794;-0,0354;1,0090;1,0254;48,4771
0,1135;-0,0417;0,9907;0,9980;48,5371
0,0415;-0,0942;1,1754;1,1799;48,5966
1,3336;-0,0949;2,4158;2,7610;48,6572
0,0027;-0,0332;0,5086;0,5097;48,7173
0,0298;-0,0207;0,9982;0,9989;48,7768
0,2655;0,0747;0,0442;0,2794;48,8369
0,2287;0,0788;1,2574;1,2805;48,8995
0,1872;-0,0825;1,1932;1,2106;48,9592
0,7144;-0,0408;1,7165;1,8597;49,0171
0,2550;-0,0144;0,9992;1,0313;49,0862
0,1010;-0,0146;1,1381;1,1426;49,1364
-0,3837;0,0259;0,7151;0,8119;49,1978
0,0117;-0,1089;1,8861;1,8893;49,2572
0,0434;0,0088;0,7471;0,7484;49,3163
-0,0178;-0,0166;0,9785;0,9788;49,3769
0,1296;0,0251;0,9501;0,9593;49,4366
0,0940;0,0810;0,6399;0,6519;49,4972
0,0005;0,0515;0,3815;0,3849;49,5635
0,3619;-0,0024;2,4626;2,4891;49,6167
0,1777;-0,0718;1,2423;1,2570;49,6770
0,1874;0,0059;1,0714;1,0877;49,7376
-0,4379;0,1481;0,9155;1,0256;49,7966
-0,0925;0,1103;0,4371;0,4602;49,8559
-0,4398;-0,1042;-1,7116;1,7703;49,9166
0,0005;0,0242;0,8806;0,8809;49,9768
0,0988;-0,0029;1,0536;1,0583;50,0377
0,1250;0,0454;0,8259;0,8365;50,0999
0,1430;0,0759;-0,1838;0,2449;50,1566
0,1708;-0,1525;1,8588;1,8729;50,2164
0,2331;-0,0696;1,1178;1,1440;50,2773
0,2001;-0,0198;1,0214;1,0410;50,3363
0,3217;-0,1064;1,6936;1,7271;50,3965
0,1850;0,0347;1,5867;1,5978;50,4570
0,7647;0,0098;1,2401;1,4569;50,5201
0,0029;0,0769;0,7764;0,7802;50,5765
-0,0083;-0,0085;1,0444;1,0444;50,6361
0,1264;0,0420;0,9626;0,9718;50,6996
-0,0144;-0,0195;0,8193;0,8197;50,7625
0,0564;0,1445;-0,0884;0,1785;50,8162
0,0981;-0,0969;1,4759;1,4823;50,8770
0,3144;-0,0527;1,0402;1,0879;50,9363
0,1823;-0,0117;1,0680;1,0835;50,9964
-0,1172;-0,1076;1,6157;1,6235;51,0574
0,4544;-0,1542;2,2351;2,2861;51,1195
0,2965;0,0547;0,5543;0,6310;51,1772
-0,1198;-0,0810;1,0692;1,0790;51,2369
0,1467;-0,0349;1,0041;1,0153;51,3030
-0,5950;0,0195;0,5062;0,7815;51,3569
-1,3453;0,3522;-1,6330;2,1449;51,4172
-0,4757;0,1367;0,7778;0,9219;51,4823
0,3368;0,0002;1,0173;1,0716;51,5366
0,1852;-0,0105;1,1044;1,1199;51,5978
0,1865;-0,0325;1,4212;1,4337;51,6573
-0,1972;-0,0371;0,9467;0,9678;51,7179
0,2697;0,0303;0,8974;0,9376;51,7822
0,0093;-0,0525;1,0143;1,0157;51,8373
0,1359;-0,0151;0,9370;0,9469;51,9010
0,5511;-0,0207;0,4591;0,7176;51,9578
-0,3417;0,3497;-2,3438;2,3942;52,0197
-0,1296;-0,0215;1,6704;1,6755;52,0782
0,3722;0,0044;1,0068;1,0734;52,1412
0,5840;-0,0005;1,5544;1,6605;52,2022
0,2492;0,0952;1,6286;1,6503;52,2573
-0,5589;0,0149;-1,6321;1,7252;52,3175
0,1120;0,0439;0,8110;0,8199;52,3772
0,0422;-0,0054;0,9909;0,9918;52,4394
0,1291;0,0500;0,8203;0,8319;52,4966
0,0081;-0,0581;0,8340;0,8360;52,5575
0,2057;-0,2436;1,1112;1,1561;52,6172
0,1887;-0,1774;1,0766;1,1073;52,6775
0,1884;-0,2231;1,0038;1,0454;52,7368
0,3026;-0,0076;1,1691;1,2076;52,8008
0,1994;0,0010;0,9555;0,9761;52,8567
0,1706;-0,0293;0,9443;0,9600;52,9173
0,1152;0,0266;1,1308;1,1369;52,9770
-0,3112;0,2494;0,5777;0,7020;53,0380
0,2980;0,0083;1,0771;1,1176;53,0979
0,2206;-0,0046;0,8193;0,8485;53,1570
0,4896;0,0835;0,9911;1,1086;53,2170
0,3912;0,1438;1,2521;1,3196;53,2785
0,1887;-0,0744;0,7720;0,7982;53,3369
0,6719;-0,1079;2,9568;3,0341;53,3976
0,0344;-0,0142;0,8674;0,8682;53,4580
0,1596;-0,0464;0,9890;1,0028;53,5180
0,2748;-0,0193;0,8964;0,9378;53,5816
-0,2853;0,0901;-0,0854;0,3111;53,6380
0,9233;-0,3087;1,9403;2,1709;53,6988
0,9909;-0,5279;3,2422;3,4311;53,7593
0,4032;-0,0796;1,0836;1,1590;53,8214
0,2219;-0,0364;1,0243;1,0487;53,8773
0,0452;0,0176;0,9726;0,9738;53,9438
0,5426;-0,1425;1,8537;1,9367;53,9988
0,2258;0,0415;0,6377;0,6778;54,0586
-0,0493;-0,0608;0,9365;0,9397;54,1291
0,1440;-0,0137;1,0038;1,0142;54,1779
0,3602;0,0632;0,6988;0,7887;54,2388
-0,0659;-0,0161;0,9504;0,9528;54,3027
0,2126;-0,1789;1,0483;1,0845;54,3578
0,3622;-0,0598;1,1793;1,2351;54,4175
0,2785;-0,0056;1,0131;1,0507;54,4771
0,1611;-0,0310;1,6662;1,6743;54,5375
-0,5958;0,1340;-0,5806;0,8426;54,5978
-0,0698;-0,0613;0,1064;0,1412;54,6581
0,0454;-0,0005;0,8589;0,8601;54,7202
0,0852;-0,0266;1,0229;1,0268;54,7777
0,1711;-0,0105;0,8796;0,8962;54,8385
0,0459;0,0127;0,5247;0,5269;54,8978
-0,6197;0,1445;-1,6269;1,7469;54,9580
0,2438;-0,1711;1,1481;1,1861;55,0177
0,3017;-0,0198;0,9443;0,9915;55,0773
0,1113;-0,0537;1,1217;1,1285;55,1393
0,1862;-0,1481;1,2682;1,2903;55,1971
1,1039;0,0635;2,0584;2,3366;55,2570
-0,1054;0,0559;0,6726;0,6831;55,3207
0,0171;0,0005;0,9265;0,9266;55,3774
0,1772;0,1684;0,5797;0,6291;55,4377
-0,3937;-0,0027;0,2924;0,4904;55,5030
0,0969;0,0859;0,4132;0,4330;55,5569
0,0627;-0,0879;1,7045;1,7080;55,6177
0,3876;-0,0278;1,0885;1,1558;55,6809
0,1655;-0,0210;1,1273;1,1396;55,7390
0,1843;-0,2480;1,3568;1,3915;55,7974
0,4420;-0,0391;1,7434;1,7989;55,8581
0,3549;0,0393;0,8420;0,9146;55,9189
0,0510;-0,0168;0,9833;0,9848;55,9790
0,1667;0,2392;0,3712;0,4720;56,0372
-0,4976;0,0859;-0,7337;0,8907;56,0979
0,4017;0,0569;1,7097;1,7572;56,1613
-0,3900;-0,0063;1,0622;1,1315;56,2172
0,3331;-0,0203;1,0138;1,0674;56,2779
0,1596;-0,0168;1,0856;1,0974;56,3371
-0,2780;-0,2077;0,3485;0,4918;56,3972
-0,2206;0,0408;0,8162;0,8464;56,4633
0,1928;0,0674;0,6448;0,6764;56,5180
0,0639;-0,0059;0,9289;0,9311;56,5781
0,1535;-0,0032;1,0802;1,0911;56,6371
0,0254;0,0122;0,1564;0,1590;56,6969
0,5543;0,2187;0,1948;0,6269;56,7607
-0,1335;-0,0417;1,1681;1,1764;56,8170
0,3729;-0,0144;1,0375;1,1026;56,8770
0,1740;-0,0347;1,0671;1,0817;56,9385
0,3951;-0,0759;1,4744;1,5283;56,9968
-0,4400;0,1713;-0,4544;0,6554;57,0571
0,0481;0,0203;0,4911;0,4938;57,1211
0,0444;0,0127;0,8672;0,8684;57,1768
0,1403;0,0085;1,0131;1,0228;57,2366
-0,7957;0,0574;-0,9738;1,2588;57,2973
-0,3707;-0,0378;-0,4061;0,5512;57,3571
0,5313;-0,1123;1,1100;1,2357;57,4191
0,2419;-0,0447;1,0041;1,0338;57,4833
0,1694;-0,0356;1,1225;1,1357;57,5366
0,0720;0,0232;1,2362;1,2385;57,5995
-0,1223;-0,0217;0,8493;0,8584;57,6565
-0,2758;-0,0459;0,1303;0,3085;57,7173
0,0617;0,0068;0,8677;0,8699;57,7801
0,2060;0,0405;0,9894;1,0115;57,8383
-0,3048;-0,0437;0,0090;0,3081;57,8970
0,4615;-0,2233;1,8146;1,8857;57,9594
0,3822;-0,1215;1,1740;1,2406;58,0182
0,2538;-0,0605;0,9767;1,0110;58,0778
0,1628;-0,0535;1,0924;1,1058;58,1387
0,0730;-0,1547;1,5010;1,5107;58,1992
0,2299;-0,0198;1,7866;1,8014;58,2577
0,0076;0,0486;0,2765;0,2809;58,3175
0,0344;0,0049;0,9409;0,9415;58,3800
0,0869;0,0505;0,8718;0,8776;58,4378
0,1333;0,0854;2,4614;2,4665;58,4972
0,0049;0,0984;0,4374;0,4483;58,5580
0,4828;-0,1272;1,1361;1,2410;58,6237
0,2475;-0,0151;0,9994;1,0297;58,6782
0,6255;-0,0303;1,8222;1,9268;58,7421
0,0427;0,0403;1,0395;1,0411;58,7990
-0,2436;0,1464;-0,4247;0,5110;58,8577
0,0278;0,0510;0,7783;0,7805;58,9176
0,0205;0,0178;0,9641;0,9644;58,9786
0,0161;0,2128;-0,0417;0,2175;59,0372
0,2038;-0,1184;0,7878;0,8223;59,1030
0,2699;-0,2377;1,2962;1,3452;59,1612
0,3070;-0,0515;1,2223;1,2613;59,2200
0,2685;-0,0159;1,0148;1,0499;59,2774
0,8052;-0,1052;2,0538;2,2085;59,3380
0,1215;0,1113;1,2145;1,2256;59,3974
-0,5728;0,3029;-2,5539;2,6348;59,4574
0,0005;0,0276;0,8108;0,8113;59,5178
0,0527;-0,0002;1,0109;1,0123;59,5780
-0,1574;-0,2638;1,4036;1,4368;59,6396
-0,0598;-0,1416;2,4494;2,4542;59,6973
0,4115;-0,1779;2,0135;2,0628;59,7573
0,1794;-0,0893;1,3997;1,4140;59,8196
0,3197;-0,0220;0,9831;1,0340;59,8773
0,1208;-0,0369;1,1591;1,1659;59,9379
0,3007;-0,0164;1,5486;1,5776;59,9984
-0,7068;0,0281;-0,6416;0,9550;60,0633
0,0535;0,0554;0,7734;0,7773;60,1183
0,0110;-0,0105;0,9860;0,9861;60,1803
0,1596;0,2148;0,2382;0,3583;60,2424
0,0561;0,0200;2,7975;2,7981;60,2976
0,2140;-0,0361;0,3722;0,4309;60,3611
0,3053;-0,0683;1,1686;1,2097;60,4199
0,2655;-0,0159;0,9714;1,0071;60,4797
0,5753;0,0864;1,6670;1,7655;60,5373
0,1647;0,0766;1,2977;1,3104;60,5974
-0,6038;0,0615;-1,5498;1,6644;60,6573
0,0347;0,0388;0,8130;0,8146;60,7175
0,1245;0,0000;1,0224;1,0299;60,7773
0,6246;-0,1569;0,1333;0,6576;60,8372
0,0437;0,4086;0,1015;0,4233;60,8964
-0,0954;-0,0676;1,1830;1,1887;60,9618
0,3886;-0,0244;0,9704;1,0456;61,0164
0,1479;-0,0398;1,1220;1,1324;61,0773
0,5255;-0,2829;1,8571;1,9506;61,1376
-0,0239;0,0327;0,7249;0,7260;61,1971
0,0661;0,0588;0,7420;0,7472;61,2629
0,0359;0,0046;0,9987;0,9994;61,3169
-0,0232;-0,2768;1,7165;1,7388;61,3796
0,5682;-0,0527;2,0719;2,1490;61,4366
0,1259;-0,0920;1,7763;1,7831;61,4975
0,3534;-0,0920;1,1610;1,2171;61,5574
0,3173;0,0373;0,9375;0,9904;61,6170
0,4095;0,1328;1,5969;1,6539;61,6767
0,2165;0,1623;1,3067;1,3344;61,7384
0,3434;-0,1330;2,2822;2,3118;61,7969
0,0447;0,0400;0,8164;0,8186;61,8568
0,0798;-0,0034;1,0214;1,0245;61,9188
0,3868;-0,0976;0,5213;0,6565;61,9787
0,1123;-0,0805;0,4635;0,4836;62,0382
0,3368;-0,0559;2,3603;2,3849;62,0979
0,3283;-0,0488;1,0368;1,0886;62,1578
0,1257;-0,0600;1,0563;1,0655;62,2193
-0,2651;-0,0522;0,1948;0,3330;62,2811
-0,1235;-0,1420;1,8263;1,8360;62,3376
0,0044;0,0085;0,3668;0,3670;62,3972
0,0476;0,0207;0,9113;0,9128;62,4571
0,1828;0,0137;0,9907;1,0075;62,5171
-0,1774;0,0981;0,5748;0,6095;62,5783
-2,0379;0,1564;0,2548;2,0598;62,6375
-0,1040;-0,0596;1,3299;1,3353;62,6974
0,3256;-0,0247;1,0300;1,0805;62,7574
0,1342;-0,0403;1,0243;1,0339;62,8173
0,2665;-0,1289;1,4429;1,4730;62,8782
0,5230;-0,1721;1,0785;1,2109;62,9408
0,1023;0,0535;0,6643;0,6743;62,9972
0,0286;0,0002;1,0170;1,0174;63,0578
0,2316;0,0085;0,7825;0,8161;63,1259
-0,3095;-0,1496;-0,4227;0,5448;63,1781
0,8152;-0,0581;0,5418;0,9805;63,2378
0,4879;-0,0554;1,1176;1,2207;63,2980
0,3183;-0,0127;0,9963;1,0459;63,3579
0,2345;-0,0495;1,0954;1,1213;63,4175
0,2311;-0,0822;1,5120;1,5318;63,4771
-0,8401;0,1569;-1,7236;1,9238;63,5379
0,1025;0,0305;0,7102;0,7182;63,5991
0,0844;-0,0007;1,0107;1,0142;63,6583
0,1462;-0,0310;0,2482;0,2897;63,7202
0,3195;0,0930;1,6428;1,6762;63,7774
1,6960;-0,6150;5,3006;5,5992;63,8378
0,4318;-0,0076;1,0102;1,0986;63,9013
0,2245;-0,0041;1,0685;1,0919;63,9592
-0,9968;-0,0740;1,5513;1,8454;64,0169
0,6631;-0,4073;1,8041;1,9648;64,0828
0,2014;0,1118;0,4671;0,5208;64,1383
-0,0195;0,0085;0,9228;0,9231;64,1974
0,0969;0,0349;0,9960;1,0013;64,2568
0,1579;0,0337;0,4064;0,4373;64,3183
0,1462;-0,1150;0,7805;0,8024;64,3779
1,4734;-0,3166;4,0803;4,3497;64,4367
0,4376;-0,0881;1,0490;1,1400;64,4970
0,2399;-0,0351;1,0480;1,0757;64,5574
-3,1404;0,2397;0,8686;3,2671;64,6181
-0,0991;0,1450;0,6299;0,6539;64,6776
-0,1096;-0,0844;0,6553;0,6698;64,7371
0,0124;0,0273;0,8752;0,8757;64,7976
0,0884;0,0005;0,9897;0,9936;64,8583
0,2331;0,0417;0,4796;0,5349;64,9169
0,3571;0,0686;1,3755;1,4228;64,9775
2,0328;-0,4496;7,0654;7,3658;65,0407
0,4469;-0,0500;1,0095;1,1051;65,0999
0,2065;-0,0498;1,0304;1,0521;65,1571
0,1743;-0,0161;0,9846;1,0000;65,2169
0,0669;-0,1450;2,3784;2,3838;65,2774
0,4315;-0,3475;1,9772;2,0533;65,3372
-0,0225;0,0207;0,0996;0,1042;65,3969
-0,0159;0,0037;0,8537;0,8539;65,4599
0,1445;0,0893;0,9050;0,9208;65,5176
0,7590;0,0598;1,9374;2,0816;65,5767
0,3688;-0,0222;1,4036;1,4514;65,6372
0,5018;-0,1325;1,0834;1,2013;65,6970
0,2128;-0,0264;0,9931;1,0160;65,7589
0,0879;-0,0222;0,9902;0,9943;65,8167
0,2189;-0,0561;1,6814;1,6965;65,8774
0,1862;-0,2035;1,4173;1,4439;65,9369
-0,0364;0,0085;0,4474;0,4489;65,9968
0,0117;0,0298;0,8769;0,8775;66,0566
0,1884;0,0181;0,9062;0,9258;66,1173
0,4986;0,1533;2,3650;2,4218;66,1763
-0,8198;0,0561;1,1295;1,3968;66,2386
0,3690;-0,0642;1,1452;1,2049;66,2966
0,2245;-0,0525;1,0671;1,0917;66,3565
0,1245;-0,0254;1,1156;1,1228;66,4167
0,0344;-0,3012;1,4766;1,5074;66,4781
-0,6099;-0,1735;1,4170;1,5525;66,5381
0,1350;0,0720;0,7861;0,8009;66,5980
-0,0305;-0,0264;0,9782;0,9790;66,6563
-0,3807;0,0749;0,6207;0,7320;66,7170
0,1745;-0,0771;1,6482;1,6592;66,7804
0,4676;-0,1484;3,4411;3,4759;66,8366
0,3737;-0,0905;1,1173;1,1816;66,8969
0,1533;-0,0195;1,0146;1,0263;66,9576
0,5389;0,1291;1,7509;1,8365;67,0184
0,2311;0,1191;2,1265;2,1424;67,0792
-0,0027;0,0962;2,2420;2,2440;67,1379
0,0261;0,0735;0,8264;0,8301;67,1995
-0,0144;-0,0205;1,0231;1,0234;67,2574
0,1162;-0,1564;0,8569;0,8788;67,3173
0,0793;0,0146;1,2743;1,2768;67,3814
0,2192;0,0137;1,2355;1,2548;67,4371
0,2397;-0,0742;1,2386;1,2638;67,4976
0,1999;-0,0200;1,0087;1,0285;67,5631
0,0752;-0,0083;1,0746;1,0773;67,6174
0,0171;0,0720;1,2130;1,2153;67,6781
-0,4156;-0,1184;-1,1005;1,1823;67,7372
-0,0156;0,0437;0,8879;0,8891;67,7974
-0,0093;-0,0103;1,0234;1,0235;67,8618
0,2541;-0,2570;1,2084;1,2612;67,9175
0,0151;-0,0849;1,1859;1,1890;67,9766
0,6106;-0,0574;2,4248;2,5012;68,0376
0,2851;-0,0876;1,0795;1,1199;68,1063
0,2155;-0,0400;1,0734;1,0955;68,1577
0,6499;0,0898;2,4653;2,5511;68,2164
0,1252;-0,0678;1,4617;1,4686;68,2771
-0,0085;-0,0574;-0,0266;0,0638;68,3371
-0,0127;0,0300;0,8964;0,8970;68,4049
0,0107;-0,0024;1,0002;1,0002;68,4574
0,1579;-0,0535;0,6626;0,6833;68,5173
0,1760;0,0085;1,3082;1,3200;68,5792
1,4956;-0,2770;1,2152;1,9469;68,6367
0,4220;-0,0898;1,1456;1,2242;68,6974
0,2543;-0,0164;0,9396;0,9736;68,7593
0,5328;-0,0395;1,8449;1,9207;68,8172
0,0576;0,0090;1,4236;1,4248;68,8783
-0,1018;-0,0586;-0,0947;0,1509;68,9373
0,0129;0,0254;0,6617;0,6623;68,9973
0,0185;0,0190;0,9658;0,9661;69,0567
-0,1172;-0,0234;0,8225;0,8311;69,1197
0,0942;0,0769;0,6568;0,6679;69,1766
0,4122;0,1145;0,5831;0,7232;69,2368
0,2568;-0,1228;1,2167;1,2495;69,2970
0,3004;-0,0085;0,9975;1,0418;69,3579
0,9272;0,0500;2,8048;2,9545;69,4175
-0,1591;0,0405;-0,0910;0,1878;69,4769
-0,2941;0,1333;-2,2566;2,2796;69,5368
0,0068;0,0085;0,7683;0,7684;69,6007
0,0664;0,0078;0,9929;0,9951;69,6569
0,2890;-0,1003;0,8132;0,8688;69,7169
0,2946;0,0430;0,9658;1,0106;69,7806
0,8144;-0,2985;2,8663;2,9947;69,8377
0,3041;-0,1157;1,0980;1,1452;69,8968
0,2524;-0,0007;1,0143;1,0453;69,9569
0,2724;-0,0676;2,4348;2,4509;70,0167
0,6592;-0,0298;2,5388;2,6231;70,0771
0,0969;0,0664;0,4762;0,4904;70,1558
0,0205;0,0105;0,9436;0,9438;70,1999
0,1987;-0,0864;0,5106;0,5546;70,2563
-0,0749;-0,0571;0,8615;0,8667;70,3191
0,5765;-0,0005;2,2808;2,3525;70,3835
0,3285;-0,0705;1,0793;1,1303;70,4368
0,1789;-0,0249;1,0507;1,0661;70,4972
0,1962;0,0513;1,2987;1,3144;70,5581
0,1845;0,2148;1,4241;1,4520;70,6177
0,0610;0,1045;0,6075;0,6194;70,6762
0,1518;0,0425;0,6934;0,7111;70,7371
0,0959;-0,0183;0,9885;0,9933;70,7971
-0,0120;-0,0761;0,3410;0,3496;70,8562
-0,1772;0,4115;-1,8319;1,8859;70,9171
0,0576;-0,0317;1,0683;1,0703;70,9769
0,3034;-0,0459;0,9907;1,0371;71,0370
0,1181;-0,0466;1,0951;1,1025;71,0990
0,1403;-0,0393;1,2723;1,2806;71,1564
0,1057;0,1064;1,3265;1,3349;71,2209
-1,2848;0,0888;-3,5763;3,8011;71,2766
0,1618;0,0530;0,9343;0,9497;71,3372
0,0544;-0,0293;1,0080;1,0099;71,3989
0,0552;-0,1125;0,6617;0,6734;71,4567
0,1460;0,0120;0,9445;0,9558;71,5168
0,5645;0,5059;2,5759;2,6851;71,5768
0,2258;-0,0373;1,2794;1,2997;71,6364
0,1938;-0,0151;0,9875;1,0064;71,6987
0,0761;-0,0173;0,9975;1,0005;71,7581
0,0874;-0,1726;1,2926;1,3070;71,8175
0,3187;0,0259;1,9515;1,9776;71,8777
-0,0581;0,0044;0,3663;0,3709;71,9380
0,0400;0,0278;0,9716;0,9728;71,9974
0,1779;0,0300;1,0014;1,0175;72,0594
0,4598;-0,0264;0,6099;0,7643;72,1205
0,1150;-0,0259;0,0988;0,1538;72,1786
0,1953;-0,0383;1,0224;1,0416;72,2405
0,3083;-0,0581;1,1500;1,1920;72,3008
0,2184;-0,0168;1,0075;1,0310;72,3578
0,1320;-0,0349;1,1273;1,1356;72,4184
0,1460;-0,0195;1,2181;1,2270;72,4774
0,0112;0,0752;-0,1686;0,1850;72,5397
0,0142;-0,0166;0,7273;0,7276;72,5977
0,0571;-0,0366;0,9982;1,0005;72,6583
0,2316;-0,0159;0,9065;0,9357;72,7210
0,2878;0,0098;-0,4850;0,5640;72,7773
0,4083;-0,1474;1,3367;1,4055;72,8367
0,1635;0,0085;1,1815;1,1928;72,8974
0,2755;-0,0242;1,0099;1,0471;72,9575
0,1196;-0,0012;1,0317;1,0386;73,0209
0,0788;-0,0181;1,0912;1,0942;73,0768
0,1340;0,0122;1,3719;1,3785;73,1396
-0,2604;0,0027;1,5720;1,5934;73,1972
0,0635;0,0085;0,8657;0,8681;73,2578
0,1006;0,0020;0,9975;1,0025;73,3196
0,2590;-0,0869;0,0398;0,2760;73,3775
0,0427;-0,1828;0,3322;0,3815;73,4381
0,1569;-0,0195;1,1383;1,1493;73,4980
0,3292;-0,0329;1,0082;1,0611;73,5624
0,1286;-0,0298;1,0226;1,0311;73,6184
0,0740;-0,0259;1,2049;1,2075;73,6776
0,1015;-0,0464;1,2628;1,2677;73,7380
0,6304;-0,0666;1,4192;1,5544;73,8042
0,1042;0,0090;0,8335;0,8400;73,8580
0,1989;0,0071;1,0185;1,0377;73,9181
0,1621;-0,0642;1,0292;1,0439;73,9785
0,3371;-0,1308;0,6241;0,7212;74,0424
0,0471;-0,0024;0,9948;0,9959;74,0976
0,2929;-0,0403;1,0541;1,0948;74,1588
0,1896;-0,0164;1,0378;1,0551;74,2176
0,1938;-0,0840;1,4585;1,4737;74,2780
-0,1977;-0,1076;-0,1208;0,2555;74,3374
-0,0278;0,0976;-0,9382;0,9437;74,3979
0,0674;-0,0305;0,9365;0,9394;74,4578
0,1804;-0,0305;0,8943;0,9128;74,5208
-0,0620;0,1416;1,2474;1,2570;74,5780
0,0452;-0,0874;1,1903;1,1944;74,6376
0,3744;-0,0840;1,1935;1,2536;74,6978
0,2670;-0,0376;0,9314;0,9696;74,7598
0,1425;-0,0488;1,0263;1,0373;74,8179
0,1147;0,0339;1,0424;1,0492;74,8777
0,1652;-0,0117;1,2962;1,3068;74,9421
-0,3136;-0,0876;0,3641;0,4885;74,9975
0,1110;0,0085;0,7402;0,7486;75,0588
0,1040;-0,0400;1,0436;1,0496;75,1204
0,0498;-0,0361;1,6208;1,6220;75,1777
0,1762;-0,0803;0,4596;0,4987;75,2373
0,2253;-0,0918;1,4785;1,4984;75,2980
0,4249;-0,0444;0,9887;1,0771;75,3577
0,1933;-0,0395;1,0819;1,0998;75,4171
0,2177;-0,0029;1,0819;1,1036;75,4778
0,2101;-0,0366;1,5525;1,5671;75,5375
0,0308;-0,1403;2,0204;2,0255;75,5977
-0,0276;-0,0327;0,7813;0,7824;75,6638
0,0735;-0,0010;0,9150;0,9179;75,7183
0,1870;0,0032;0,9331;0,9516;75,7777
-0,2426;0,2077;2,3023;2,3243;75,8384
0,3380;-0,0027;1,1525;1,2010;75,8981
0,3922;-0,0742;1,8695;1,9117;75,9576
0,3192;-0,0207;0,9235;0,9774;76,0177
0,1430;-0,0347;1,0312;1,0416;76,0775
0,0066;-0,0798;0,9209;0,9243;76,1386
-0,0012;-0,0869;0,6336;0,6395;76,1976
-0,0610;0,0100;0,4657;0,4698;76,2574
0,0617;-0,0110;0,9470;0,9490;76,3180
0,1450;-0,0227;0,9807;0,9916;76,3777
0,0393;-0,0237;1,0302;1,0312;76,4377
0,3295;-0,1252;1,6894;1,7258;76,5000
0,2097;-0,0337;1,3150;1,3321;76,5573
0,3095;-0,0520;1,0019;1,0499;76,6177
0,1291;-0,0244;0,9833;0,9921;76,6779
0,0107;-0,1142;0,9990;1,0055;76,7370
0,7551;-0,3300;2,1900;2,3399;76,7971
0,0027;-0,0178;0,5247;0,5250;76,8573
0,0476;-0,0251;0,9304;0,9319;76,9172
0,1550;-0,0364;0,9977;1,0104;76,9774
0,1130;0,0522;0,5621;0,5757;77,0397
0,1364;-0,1694;1,3602;1,3775;77,0968
0,3944;-0,0576;1,3021;1,3617;77,1585
0,3285;-0,0205;1,0116;1,0638;77,2202
0,1196;-0,0410;0,9924;1,0004;77,2782
0,1157;-0,0156;1,5093;1,5138;77,3380
0,3866;-0,2714;1,8446;1,9042;77,3993
0,0988;0,0347;0,5008;0,5117;77,4573
0,0105;-0,0256;0,9894;0,9898;77,5208
0,1435;-0,0456;0,9709;0,9825;77,5782
-0,0088;0,0278;0,2450;0,2468;77,6379
0,0976;-0,0593;1,6984;1,7023;77,6993
0,2328;-0,0449;1,2894;1,3110;77,7571
0,2419;-0,0149;1,0034;1,0322;77,8186
0,0964;-0,0220;1,0041;1,0089;77,8780
0,2797;-0,0146;1,8932;1,9138;77,9385
0,5133;-0,0476;2,2312;2,2900;77,9984
0,0427;0,0237;0,6668;0,6686;78,0590
-0,0337;-0,0022;0,9626;0,9632;78,1231
0,1513;-0,0154;0,7944;0,8089;78,1780
0,2160;-0,1303;1,4156;1,4379;78,2398
-0,0239;-0,0227;0,7017;0,7025;78,2981
0,2939;-0,0554;1,4236;1,4547;78,3579
0,3268;-0,0539;1,0007;1,0541;78,4180
0,1557;-0,0286;1,0336;1,0457;78,4827
-0,2707;-0,0757;0,2065;0,3487;78,5381
-0,2238;-0,0910;0,1433;0,2809;78,5992
-0,0844;0,1972;2,0841;2,0951;78,6578
0,0403;0,0254;0,9091;0,9104;78,7181
0,1042;0,0088;0,9811;0,9867;78,7828
-0,0112;0,0837;0,2241;0,2394;78,8376
0,4754;-0,2299;1,7761;1,8529;78,8976
0,0398;-0,0881;1,3904;1,3938;78,9572
0,3429;-0,0600;0,9816;1,0415;79,0179
0,2077;-0,0432;1,0353;1,0568;79,0780
-0,1599;0,0554;0,9909;1,0052;79,1456
0,1904;-0,1076;1,6030;1,6179;79,1984
0,1591;-0,0425;0,9382;0,9525;79,2584
0,0593;-0,0063;0,7478;0,7502;79,3175
0,0862;-0,0222;1,0173;1,0211;79,3773
0,0923;-0,0412;0,3202;0,3358;79,4390
0,5592;0,0513;1,6779;1,7694;79,4976
0,0024;0,0957;0,0642;0,1152;79,5583
0,3146;-0,0586;1,1781;1,2208;79,6219
0,3571;-0,0159;1,0351;1,0951;79,6794
0,7158;-0,0342;1,9061;2,0364;79,7376
0,1882;0,0037;1,0585;1,0751;79,7973
-0,4674;0,0840;-0,1738;0,5057;79,8571
0,0620;-0,0034;0,7866;0,7891;79,9228
0,0408;-0,0303;1,0558;1,0570;79,9784
0,1408;-0,0373;0,1589;0,2156;80,0379
0,2223;0,0849;0,9453;0,9748;80,0974
0,1247;-0,0544;1,1659;1,1738;80,1570
0,4703;-0,0334;1,4353;1,5108;80,2187
0,3144;-0,0329;0,9670;1,0173;80,2826
0,2309;-0,0210;1,1915;1,2139;80,3377
0,1377;0,0627;1,1642;1,1740;80,3976
0,5379;0,0520;0,6326;0,8320;80,4583
0,0574;-0,0176;0,7876;0,7899;80,5176
0,0825;-0,0393;1,0627;1,0666;80,5776
0,2365;-0,0710;0,2179;0,3294;80,6374
0,1262;0,0500;1,2718;1,2790;80,6992
0,1606;-0,0759;1,4778;1,4884;80,7572
0,4149;0,0037;1,3431;1,4057;80,8172
0,2890;-0,0261;1,0414;1,0811;80,8819
0,1352;-0,0400;1,0602;1,0696;80,9378
0,1652;0,0342;1,3743;1,3846;80,9977
0,6424;0,0730;1,9469;2,0514;81,0575
0,0686;0,0088;0,6800;0,6835;81,1196
0,0444;-0,0290;1,0661;1,0674;81,1768
0,3222;-0,0659;-0,5230;0,6178;81,2381
0,3400;0,0730;0,7778;0,8520;81,2974
0,4698;-0,0625;2,7411;2,7818;81,3570
0,3217;-0,0503;1,0175;1,0683;81,4174
0,2577;-0,0129;1,0290;1,0608;81,4783
0,1948;0,0185;1,0517;1,0697;81,5375
0,2572;-0,0234;1,4790;1,5014;81,6010
0,5369;-0,0871;2,2617;2,3262;81,6601
-0,0212;0,0093;0,6175;0,6179;81,7173
0,0264;-0,0154;0,9811;0,9816;81,7780
-0,2209;-0,0740;0,1828;0,2961;81,8372
0,3915;-0,0056;-0,2651;0,4728;81,8967
-0,0642;-0,0249;1,2525;1,2544;81,9579
0,3959;-0,0408;1,0444;1,1176;82,0190
0,1430;-0,0322;1,0192;1,0297;82,0798
0,0381;-0,0251;1,0036;1,0046;82,1366
0,1098;-0,0325;1,2157;1,2211;82,2012
0,8816;-0,1674;2,2459;2,4185;82,2570
0,0881;0,0417;0,7437;0,7500;82,3173
-0,0076;-0,0329;0,9985;0,9990;82,3770
0,1167;-0,0166;0,9470;0,9543;82,4369
0,0871;-0,0888;1,0226;1,0302;82,5022
0,2321;-0,0835;1,5152;1,5351;82,5570
0,2992;-0,0449;1,3746;1,4075;82,6175
0,2841;-0,0471;0,9836;1,0249;82,6769
0,6944;-0,0151;1,4236;1,5840;82,7369
0,1189;-0,0015;1,2757;1,2813;82,8007
0,1992;-0,0854;1,2023;1,2216;82,8589
-0,0447;-0,0722;0,4867;0,4940;82,9179
0,0793;0,0022;0,8625;0,8662;82,9769
0,0491;-0,0115;0,9921;0,9934;83,0369
0,0945;-0,0027;0,9619;0,9665;83,0974
0,0598;-0,0781;0,3502;0,3638;83,1580
-1,0580;0,0298;1,3375;1,7056;83,2165
-0,0842;-0,0705;1,0485;1,0542;83,2780
0,5635;-0,0103;1,0590;1,1997;83,3365
0,2526;-0,0261;1,1183;1,1468;83,3969
-0,0093;0,0110;0,6424;0,6425;83,4607
0,0613;0,0259;0,7363;0,7393;83,5172
-0,0766;-0,0415;0,9160;0,9201;83,5775
0,0974;-0,0051;0,6526;0,6599;83,6380
0,0588;-0,0386;0,9938;0,9963;83,6970
0,2060;-0,1074;0,8603;0,8911;83,7593
-0,0659;-0,0862;0,7576;0,7653;83,8169
-0,3356;-0,0164;0,9216;0,9809;83,8767
0,3251;-0,0173;0,9899;1,0421;83,9372
0,2577;-0,0215;1,0959;1,1260;83,9973
0,2053;-0,0154;1,2089;1,2263;84,0570
-0,6856;0,1462;0,6065;0,9269;84,1166
0,1042;0,0264;0,7105;0,7186;84,1764
0,1306;-0,0505;0,9953;1,0051;84,2414
0,1835;-0,1879;0,7251;0,7712;84,2967
0,2809;-0,0290;0,8191;0,8664;84,3565
0,1252;-0,0332;1,0156;1,0238;84,4171
0,3685;-0,0554;1,0348;1,0999;84,4848
0,3429;0,0381;1,2350;1,2823;84,5363
0,1572;0,0122;1,7194;1,7266;84,5972
-0,1972;-0,0090;0,2223;0,2973;84,6579
0,5106;-0,0788;1,9652;2,0320;84,7162
0,0840;0,0000;0,8640;0,8681;84,7766
0,1557;-0,0129;1,0214;1,0333;84,8363
0,5062;-0,1828;1,0902;1,2158;84,8965
-0,9204;0,0183;-0,2885;0,9647;84,9562
0,2333;-0,0212;1,3160;1,3367;85,0173
0,2931;-0,0605;1,0302;1,0728;85,0787
0,1425;-0,0347;1,0356;1,0459;85,1392
0,1760;-0,0037;1,6164;1,6260;85,1978
0,2428;-0,0532;1,0944;1,1223;85,2569
0,1464;-0,0945;1,0048;1,0198;85,3162
0,0608;0,0103;0,7693;0,7718;85,3767
0,1506;-0,0076;0,9999;1,0112;85,4363
0,1389;0,0305;-0,4357;0,4583;85,4969
0,0847;-0,0637;1,1481;1,1530;85,5590
0,6058;-0,1933;2,3852;2,4685;85,6224
0,2753;-0,0945;1,1373;1,1740;85,6766
0,1784;-0,0486;1,0151;1,0318;85,7391
0,0735;-0,0537;1,0998;1,1035;85,7961
-0,0290;-0,0142;1,0529;1,0534;85,8560
0,1804;-0,0517;1,0304;1,0474;85,9160
-0,4503;-0,1074;-0,1967;0,5030;85,9766
0,1784;0,0547;0,6463;0,6727;86,0362
0,1813;0,0239;0,9960;1,0127;86,0960
0,0068;-0,0090;0,5443;0,5444;86,1565
0,1203;0,0220;0,7185;0,7289;86,2196
0,2948;0,0178;1,2945;1,3278;86,2780
0,2248;-0,0478;1,0746;1,0989;86,3370
0,2123;0,0190;0,9907;1,0133;86,3971
0,0288;-0,0051;0,7783;0,7789;86,4599
0,0996;0,0364;0,8764;0,8828;86,5179
0,1440;-0,0498;1,0954;1,1059;86,5775
0,1030;-0,0107;0,8242;0,8307;86,6376
0,2375;-0,0049;1,0019;1,0297;86,7021
0,1594;-0,0744;0,8999;0,9169;86,7570
0,1196;0,0010;-0,0310;0,1235;86,8170
0,2856;-0,0810;1,4590;1,4889;86,8769
0,2843;-0,0483;1,0053;1,0459;86,9373
0,1298;-0,0383;1,0141;1,0231;86,9968
0,1262;-0,0783;1,6714;1,6779;87,0566
0,1206;0,0325;0,9846;0,9924;87,1213
0,0334;-0,1325;1,4683;1,4746;87,1768
-0,0744;0,1042;-0,1618;0,2064;87,2394
0,1335;-0,0156;0,9418;0,9514;87,3001
-0,1242;0,1147;-0,6419;0,6638;87,3566
0,1152;-0,0317;0,9994;1,0066;87,4179
0,1279;-0,0293;1,1124;1,1202;87,4816
0,2790;-0,0442;1,0158;1,0543;87,5380
0,1047;-0,0442;1,0402;1,0464;87,5977
0,0276;0,0081;1,7324;1,7326;87,6581
0,0862;0,0498;0,9931;0,9981;87,7196
0,3002;-0,0002;1,2267;1,2629;87,7774
-0,0366;-0,0459;0,8740;0,8760;87,8363
0,2026;0,0635;0,7725;0,8011;87,8968
0,2299;0,0271;0,8918;0,9214;87,9626
0,3139;-0,1125;0,8037;0,8701;88,0166
0,8379;-0,0364;0,5711;1,0147;88,0774
0,3629;-0,0078;1,2970;1,3468;88,1392
0,1994;-0,0256;0,9772;0,9977;88,1967
0,0383;-0,0452;1,0419;1,0436;88,2574
0,1540;-0,1686;1,4666;1,4843;88,3161
-0,0600;-0,0110;0,8013;0,8036;88,3766
-0,0388;0,3112;0,1472;0,3464;88,4366
0,0888;-0,0085;0,8542;0,8589;88,4992
0,2314;0,0212;1,0063;1,0328;88,5575
0,1020;-0,0200;0,6836;0,6915;88,6165
-1,2672;0,1699;-0,2609;1,3049;88,6759
0,2909;-0,0783;1,4017;1,4337;88,7394
0,3349;-0,0488;1,0514;1,1045;88,7974
0,0918;-0,0718;1,1264;1,1324;88,8564
0,1955;-0,0176;1,4219;1,4354;88,9186
-0,6797;0,1108;-2,0936;2,2040;88,9761
0,0693;0,0110;0,7354;0,7387;89,0367
0,1298;0,0073;0,9443;0,9532;89,0965
0,2465;0,0027;0,9426;0,9743;89,1563
0,1201;-0,1150;0,6077;0,6300;89,2186
0,4854;0,0740;-0,0744;0,4967;89,2776
0,3275;-0,0530;1,1818;1,2275;89,3362
0,3436;-0,0510;1,0644;1,1196;89,3964
0,1054;-0,0657;1,0505;1,0578;89,4606
0,1025;-0,1215;1,1034;1,1148;89,5167
0,2594;-0,0630;1,7138;1,7345;89,5762
0,1418;0,0713;0,4937;0,5186;89,6363
0,1154;0,0173;0,8857;0,8934;89,6975
0,1640;-0,0227;0,9943;1,0080;89,7563
0,1804;0,0149;0,7954;0,8157;89,8164
0,2526;-0,0271;1,2098;1,2362;89,8762
0,4069;0,1181;1,6072;1,6621;89,9363
0,3190;-0,0688;1,3165;1,3563;89,9962
0,0913;-0,0408;0,9850;0,9901;90,0562
0,1286;-0,1176;2,1241;2,1312;90,1161
0,1926;-0,0940;1,1076;1,1281;90,1762
0,3983;-0,3629;2,1805;2,2461;90,2372
0,0085;-0,0322;0,8508;0,8515;90,2967
0,0918;0,0017;0,9670;0,9713;90,3577
0,2465;0,0693;0,8101;0,8496;90,4181
0,2043;-0,0051;0,7466;0,7741;90,4774
0,6992;-0,1945;1,6282;1,7826;90,5371
0,0954;-0,0637;1,3809;1,3857;90,5983
0,3058;-0,0232;0,9894;1,0359;90,6578
0,1084;-0,0422;0,9831;0,9899;90,7171
0,1179;0,0098;1,2303;1,2360;90,7767
-0,1623;0,0886;-0,3788;0,4215;90,8394
-0,9375;0,2043;-3,7933;3,9127;90,9019
0,1079;0,0039;0,8557;0,8625;90,9565
0,2260;0,0000;1,0368;1,0611;91,0170
0,5142;-0,1157;2,0609;2,1272;91,0772
0,2409;-0,0249;1,3802;1,4013;91,1382
0,0837;-0,0491;1,0502;1,0547;91,2056
0,2348;-0,0347;0,9958;1,0237;91,2569
0,0874;-0,0361;1,0219;1,0263;91,3170
-0,1755;-0,0408;0,4793;0,5121;91,3771
-0,0454;0,0520;0,9570;0,9595;91,4368
0,3473;-0,0254;0,7651;0,8407;91,4968
0,1228;0,0107;0,8657;0,8744;91,5576
0,1833;0,2387;-1,8925;1,9163;91,6188
0,2111;-0,0503;0,6399;0,6757;91,6778
0,2341;-0,0561;1,0954;1,1215;91,7388
0,2619;-0,0549;1,0919;1,1243;91,8033
0,1391;-0,0156;1,0370;1,0464;91,8588
0,1015;-0,1030;1,1959;1,2046;91,9183
0,6292;-0,0710;2,6964;2,7698;91,9828
0,1135;0,0549;0,7127;0,7237;92,0387
0,1101;-0,0007;0,9091;0,9158;92,0982
0,1901;-0,0207;0,9797;0,9982;92,1595
0,1264;0,0447;1,2596;1,2667;92,2201
-0,0395;-0,0166;0,5840;0,5856;92,2794
0,2485;-0,0391;1,0783;1,1072;92,3395
0,2577;-0,0510;0,9667;1,0018;92,3994
0,1296;-0,0383;1,0202;1,0291;92,4589
-0,0473;0,0146;1,5322;1,5330;92,5196
0,0830;0,0068;0,8557;0,8597;92,5787
-0,3266;0,0598;-0,0410;0,3345;92,6385
0,0981;0,0115;0,8413;0,8471;92,7002
0,2221;0,0010;0,9811;1,0060;92,7589
0,7832;-0,0764;2,5995;2,7160;92,8195
0,2773;-0,0181;1,8402;1,8611;92,8784
0,3593;-0,0647;1,3406;1,3895;92,9389
0,2143;-0,0271;0,9663;0,9901;92,9982
0,1132;-0,0293;1,0182;1,0249;93,0585
0,1667;-0,0303;1,7578;1,7659;93,1274
0,1140;-0,0320;0,8820;0,8900;93,1782
-0,0303;-0,1684;0,8403;0,8576;93,2412
0,0862;0,0220;0,8064;0,8113;93,2982
0,2182;-0,0068;0,9907;1,0144;93,3583
0,6646;-0,2956;0,9218;1,1742;93,4192
0,8093;-0,0847;1,5391;1,7410;93,4806
0,3986;-0,0205;1,2801;1,3409;93,5433
0,3136;-0,0156;0,9907;1,0392;93,5984
0,1430;-0,0212;1,0002;1,0106;93,6597
0,2111;-0,0718;1,4283;1,4456;93,7189
0,0598;0,0491;0,7332;0,7372;93,7789
-0,4069;0,1291;-0,1428;0,4501;93,8381
0,1242;0,0229;0,8135;0,8232;93,8984
0,1662;0,0088;0,8025;0,8196;93,9600
-0,0393;-0,0266;1,0912;1,0922;94,0186
0,2436;-0,0605;1,1740;1,2005;94,0807
0,2716;-0,0571;1,0714;1,1068;94,1453
0,1028;-0,0432;1,0129;1,0190;94,2000
-0,1303;-0,0559;0,8947;0,9059;94,2579
0,1965;-0,0139;1,4619;1,4752;94,3209
-0,3846;0,0808;0,6780;0,7837;94,3783
-0,0129;0,0132;0,8337;0,8339;94,4393
0,1240;-0,0073;1,0119;1,0195;94,4986
0,2936;0,0500;-0,3380;0,4505;94,5619
-0,0444;0,0181;0,0134;0,0498;94,6192
0,2834;-0,0178;1,6167;1,6414;94,6797
0,3419;-0,0647;1,0651;1,1205;94,7428
0,1608;-0,0266;1,0073;1,0204;94,7984
-0,5928;0,0510;0,4195;0,7281;94,8612
0,1967;-0,0754;1,6252;1,6388;94,9187
0,3627;-0,1545;2,0101;2,0484;94,9788
0,0381;0,0142;0,7598;0,7609;95,0388
0,1176;-0,0027;1,0314;1,0381;95,0987
-0,0288;-0,2638;1,2713;1,2987;95,1597
-0,9968;0,2233;0,7966;1,2954;95,2191
-0,2267;-0,0574;1,2525;1,2742;95,2810
0,2331;-0,0364;1,0465;1,0728;95,3402
0,0561;-0,0242;1,0544;1,0561;95,4000
-0,1023;0,0813;1,5623;1,5677;95,4588
0,0605;-0,0400;1,0631;1,0656;95,5188
-0,2204;-0,0608;-2,1341;2,1463;95,5820
0,0200;0,0298;0,8806;0,8813;95,6392
0,1018;0,0178;0,9907;0,9960;95,6997
0,1438;-0,0076;1,9093;1,9147;95,7593
0,2358;0,0178;2,1397;2,1527;95,8227
0,2297;-0,0369;1,0131;1,0395;95,8799
0,0935;-0,0020;1,0236;1,0279;95,9407
-0,0498;-0,0312;1,0558;1,0575;95,9993
0,0954;-0,1330;1,4156;1,4250;96,0588
0,1355;-0,0620;1,5444;1,5516;96,1194
0,2302;0,0910;0,6250;0,6723;96,1792
-0,0227;-0,0129;0,9040;0,9044;96,2392
0,1257;0,0923;-0,7766;0,7921;96,2994
0,0742;0,0671;0,8799;0,8855;96,3583
0,1918;-0,0405;1,3370;1,3513;96,4193
0,1867;-0,0249;1,0636;1,0802;96,4795
0,0854;0,0044;1,0026;1,0063;96,5383
-0,0132;-0,0117;1,0524;1,0526;96,5989
0,0737;0,0032;1,2699;1,2720;96,6587
-0,0488;0,0017;1,1027;1,1038;96,7298
-0,0261;0,0183;0,5967;0,5976;96,7791
0,0198;0,0105;0,8306;0,8309;96,8414
0,2031;0,0203;0,8811;0,9044;96,8980
0,5101;0,0393;2,0267;2,0903;96,9590
0,4259;0,1550;1,8564;1,9109;97,0211
0,2260;-0,0417;1,2669;1,2876;97,0783
0,1608;0,0054;1,0373;1,0497;97,1395
0,2194;-0,0181;1,2433;1,2626;97,1980
0,1870;0,0876;1,1159;1,1348;97,2647
-0,4449;0,0552;-0,9321;1,0343;97,3189
-0,0146;-0,0632;2,9017;2,9024;97,3780
0,0154;0,0105;0,8054;0,8056;97,4383
0,1711;0,0164;1,0021;1,0168;97,5011
0,6966;-0,2663;1,4471;1,6279;97,5601
0,7600;0,0988;4,9955;5,0540;97,6188
0,4967;-0,0725;1,4961;1,5781;97,6783
0,2192;-0,0137;1,0226;1,0459;97,7383
0,1264;-0,0464;1,1164;1,1244;97,7999
0,0730;-0,0700;1,3092;1,3131;97,8620
-0,4093;0,1762;-0,9128;1,0158;97,9188
0,0405;0,0183;0,7156;0,7170;97,9808
0,0239;-0,0207;0,9982;0,9987;98,0383
0,1311;0,0276;0,8359;0,8466;98,1003
-1,3929;0,2658;-0,0159;1,4181;98,1593
-0,0427;-0,0461;1,3077;1,3092;98,2202
0,2909;-0,0405;1,0187;1,0602;98,2805
0,0559;-0,0334;0,9853;0,9874;98,3393
-0,2629;-0,0395;0,9565;0,9927;98,4010
-0,0237;-0,1730;1,3485;1,3597;98,4629
0,1545;0,2111;-1,3978;1,4220;98,5202
-0,0039;0,0425;0,7908;0,7919;98,5792
-0,0657;-0,0010;0,9897;0,9919;98,6393
-0,6019;0,0293;0,4808;0,7709;98,7021
-0,0259;-0,1352;1,6228;1,6286;98,7590
0,0681;0,0020;1,1383;1,1404;98,8191
0,1716;-0,0210;1,0026;1,0174;98,8832
0,1316;-0,0483;1,2420;1,2499;98,9392
0,0249;-0,0412;1,1559;1,1569;98,9991
-0,0171;0,1643;-0,5030;0,5294;99,0588
-0,0647;0,0007;0,4737;0,4781;99,1235
0,0232;0,0095;0,9843;0,9846;99,1789
0,1391;0,0093;1,0043;1,0140;99,2392
0,2824;-0,0539;1,7748;1,7980;99,2991
-0,2970;0,1647;0,7446;0,8184;99,3595
0,4435;-0,0505;1,2525;1,3297;99,4198
0,1511;-0,0249;1,0702;1,0811;99,4788
0,0007;0,0278;1,5725;1,5728;99,5390
0,0735;0,0273;1,2196;1,2221;99,5992
0,2292;0,0630;0,4576;0,5157;99,6593
-0,0369;-0,0195;0,9477;0,9486;99,7237
0,0410;-0,0500;1,0070;1,0091;99,7803
0,1010;0,0078;0,6021;0,6106;99,8395
0,4215;0,0247;1,4363;1,4971;99,8988
0,5626;-0,0593;2,8270;2,8830;99,9590
0,3515;-0,0510;1,2633;1,3122;100,0206
0,1528;-0,0190;1,0446;1,0559;100,0783
-1,3067;0,1008;-0,1416;1,3182;100,1387
0,2555;-0,2716;2,5114;2,5390;100,1988
0,2077;0,0652;0,4933;0,5392;100,2587
-0,0517;-0,0395;0,9489;0,9512;100,3200
0,1345;-0,0293;1,0351;1,0442;100,3788
0,2380;0,0371;0,7866;0,8227;100,4412
0,5169;0,0771;2,1937;2,2551;100,5011
0,4508;-0,0979;2,5451;2,5866;100,5587
0,3295;-0,0434;1,3209;1,3620;100,6188
0,2099;-0,0347;1,0260;1,0479;100,6808
-0,6458;0,0505;1,6008;1,7269;100,7405
0,2033;-0,0825;1,4090;1,4260;100,8000
0,5831;-0,0720;-0,5640;0,8144;100,8586
-0,0168;-0,0098;0,8281;0,8283;100,9185
0,1191;-0,0020;0,9907;0,9978;100,9810
0,2045;-0,0134;0,6512;0,6827;101,0386
0,2431;-0,0059;0,9575;0,9879;101,0992
0,3720;-0,0483;2,1568;2,1892;101,1589
0,3495;-0,0744;1,2030;1,2549;101,2233
0,1320;-0,0381;1,0629;1,0717;101,2799
0,0598;0,0085;1,6389;1,6400;101,3384
-0,4069;0,1501;-0,2626;0,5070;101,3996
0,3046;0,0020;0,4269;0,5244;101,4581
-0,1913;-0,0705;1,0895;1,1084;101,5198
0,0942;-0,0530;0,9785;0,9844;101,5786
0,0988;0,0081;-0,4586;0,4692;101,6384
0,2953;-0,0329;0,3886;0,4892;101,6991
0,2460;-0,0500;1,4207;1,4427;101,7609
0,2131;-0,0588;1,1571;1,1780;101,8183
0,0893;-0,0310;1,0380;1,0423;101,8785
-0,0137;0,0354;1,6130;1,6135;101,9408
0,0486;0,0085;1,3714;1,3723;101,9983
0,2963;0,0347;0,0986;0,3142;102,0585
-0,0022;0,0137;0,8628;0,8629;102,1235
0,0132;-0,0027;1,0053;1,0054;102,1836
0,1618;0,0044;0,9423;0,9561;102,2384
0,2575;-0,0322;1,1593;1,1880;102,3006
0,8391;-0,2814;3,7576;3,8604;102,3586
0,2990;-0,0720;1,1576;1,1978;102,4189
0,1691;-0,0281;0,9907;1,0054;102,4806
0,6634;0,0664;2,9256;3,0006;102,5382
0,0393;-0,0525;1,1488;1,1507;102,5979
0,1611;-0,0432;0,4972;0,5244;102,6585
-0,0578;-0,0100;0,9172;0,9191;102,7185
0,0322;-0,0486;1,0129;1,0145;102,7814
-0,3871;0,0288;0,6617;0,7671;102,8393
-0,9506;0,0840;-1,2843;1,6000;102,8985
0,1054;-0,0415;1,3018;1,3068;102,9582
0,2404;-0,0442;1,0907;1,1178;103,0189
0,0937;-0,0193;1,0126;1,0171;103,0782
-0,1196;-0,0410;1,8405;1,8448;103,1562
0,0483;-0,0210;1,7365;1,7373;103,1998
0,1391;0,1367;-0,0481;0,2009;103,2592
-0,0273;0,0083;0,7085;0,7091;103,3174
-0,0188;-0,0037;0,9904;0,9906;103,3795
0,1469;0,0139;0,9387;0,9502;103,4380
-0,4408;0,1640;-0,7881;0,9178;103,4982
-0,0161;-0,0456;-0,0054;0,0487;103,5585
0,2587;-0,0615;1,3111;1,3378;103,6174
0,2075;-0,0578;1,1708;1,1904;103,6778
0,1950;0,0671;1,7900;1,8018;103,7390
0,1316;0,0869;3,1787;3,1826;103,7983
0,0837;0,0783;0,6085;0,6192;103,8604
-0,2997;-0,1269;1,0295;1,0797;103,9183
0,0803;-0,0869;1,0209;1,0278;103,9782
0,1686;-0,0342;0,8935;0,9099;104,0384
0,0049;0,0173;1,1891;1,1892;104,0981
0,2375;-0,0720;-0,1833;0,3085;104,1587
0,3956;-0,6219;2,3655;2,4776;104,2181
0,3051;-0,0039;0,8947;0,9453;104,2785
0,2514;-0,0215;1,0963;1,1250;104,3381
0,1833;-0,0383;1,2945;1,3080;104,3979
-0,0383;0,0288;0,7261;0,7277;104,4579
0,3126;0,0259;1,2430;1,2820;104,5178
0,0532;-0,0164;0,8537;0,8556;104,5844
0,1755;0,0100;0,9450;0,9612;104,6381
-0,0857;0,0649;0,0090;0,1079;104,6976
0,1023;0,0220;0,9323;0,9382;104,7578
-0,2477;-0,0347;0,8003;0,8385;104,8178
0,0945;0,0085;1,2001;1,2038;104,8782
0,3192;0,0273;0,9897;1,0403;104,9377
-0,0024;-0,0249;1,0812;1,0815;104,9980
0,1743;-0,0691;1,2882;1,3017;105,0593
0,2936;-0,0283;0,8686;0,9173;105,1176
0,0422;-0,0832;0,8872;0,8921;105,1789
0,1335;-0,0649;1,0055;1,0164;105,2380
0,2118;-0,1157;0,9858;1,0149;105,2972
0,2226;-0,0632;0,9167;0,9455;105,3574
0,2433;-0,0403;0,9987;1,0287;105,4171
0,1523;0,0686;0,5582;0,5826;105,4771
0,1613;0,0063;0,9553;0,9688;105,5374
1,1022;0,2970;3,4550;3,6387;105,5983
0,3829;-0,0098;1,3260;1,3802;105,6586
0,3761;-0,1152;1,4253;1,4786;105,7173
0,6741;-0,0264;0,6619;0,9451;105,7777
-0,0561;-0,0935;0,9814;0,9874;105,8376
0,1157;0,0188;0,7849;0,7936;105,8973
0,2673;0,0242;1,0290;1,0634;105,9570
0,0256;0,0764;0,4120;0,4198;106,0199
0,1711;0,1413;1,2513;1,2708;106,0782
0,2729;0,0137;0,9911;1,0281;106,1447
0,2982;-0,0764;1,1671;1,2070;106,1972
0,1916;-0,0144;1,0856;1,1025;106,2576
0,4667;-0,0215;1,4441;1,5178;106,3213
-0,2860;0,1218;-0,4359;0,5354;106,3803
-0,0044;-0,0268;0,8789;0,8793;106,4370
0,1586;-0,0439;0,9767;0,9905;106,4972
0,2550;-0,0381;0,9511;0,9855;106,5573
0,2018;0,0020;1,1105;1,1287;106,6170
0,8230;0,2006;3,0584;3,1735;106,6773
0,3639;-0,0337;1,2323;1,2853;106,7427
0,2082;-0,0103;0,9663;0,9885;106,7970
0,1521;0,0081;1,0578;1,0687;106,8573
0,1015;-0,0361;1,2298;1,2346;106,9210
-0,6128;-0,0078;-1,2643;1,4050;106,9773
0,0510;-0,0349;0,8127;0,8151;107,0374
0,0935;-0,0635;0,9331;0,9399;107,1017
0,2665;-0,0364;0,9094;0,9483;107,1591
0,2787;0,0678;0,7791;0,8302;107,2196
0,2897;-0,0886;1,4900;1,5205;107,2801
0,3283;-0,0586;1,0885;1,1385;107,3430
0,1974;-0,0315;1,0221;1,0415;107,3968
-0,0434;-0,0193;1,5008;1,5015;107,4582
0,7022;-0,0361;3,0188;3,0996;107,5172
-0,0874;-0,0098;0,6741;0,6798;107,5805
-0,0156;-0,0195;0,9126;0,9129;107,6371
0,1091;-0,0408;1,0002;1,0069;107,6973
0,1211;0,0068;0,4947;0,5094;107,7569
0,5728;-0,0117;-0,7966;0,9813;107,8170
0,0637;-0,0027;1,1195;1,1213;107,8793
0,2177;-0,0254;1,0548;1,0774;107,9362
0,0966;-0,0078;1,0036;1,0083;107,9972
0,0732;-0,0952;1,4988;1,5036;108,0593
0,3754;-0,0654;0,6248;0,7318;108,1177
0,0876;-0,0239;0,7944;0,7996;108,1767
0,0203;-0,0688;0,9697;0,9723;108,2391
0,0600;0,0037;0,6480;0,6508;108,2970
-0,4198;0,1118;-0,0351;0,4358;108,3568
0,0947;-0,0278;1,1818;1,1859;108,4220
0,3285;-0,0366;1,1024;1,1509;108,4767
0,1230;-0,0371;1,0634;1,0711;108,5375
0,6426;-0,1745;1,8454;1,9618;108,5987
-0,9602;0,3310;-1,1537;1,5370;108,6570
0,0617;0,0093;0,5596;0,5631;108,7167
0,0127;-0,0420;0,8186;0,8198;108,7768
0,1235;-0,0361;0,9872;0,9956;108,8380
-0,6951;0,1328;1,1903;1,3848;108,8965
0,1899;0,0256;1,8276;1,8376;108,9566
0,1089;0,0034;1,0146;1,0204;109,0213
0,3178;-0,0493;1,0107;1,0606;109,0804
0,0913;-0,0683;1,0834;1,0894;109,1370
-0,0329;-0,0603;1,1178;1,1199;109,1967
0,2987;-0,0268;1,9025;1,9260;109,2594
0,0049;-0,0073;0,7324;0,7325;109,3162
0,0268;-0,0161;0,8918;0,8924;109,3767
0,2162;-0,0239;0,9001;0,9260;109,4374
0,4808;-0,1586;0,6643;0,8353;109,4960
0,7229;-0,4051;3,4699;3,5675;109,5571
0,4230;-0,0364;1,0636;1,1452;109,6200
0,1957;-0,0203;0,9826;1,0021;109,6766
-1,1049;-0,1067;0,7566;1,3433;109,7370
0,8750;-0,0254;2,3257;2,4850;109,7962
0,2097;0,0032;-1,9764;1,9875;109,8591
0,0495;-0,0027;0,9135;0,9149;109,9172
0,1852;-0,0225;0,9467;0,9649;109,9767
0,1557;-0,0076;0,6058;0,6255;110,0366
-0,5037;0,1999;-1,8783;1,9549;110,0970
0,2209;-0,0273;1,0771;1,0998;110,1657
0,2765;-0,0220;1,1024;1,1368;110,2160
0,1838;0,0339;0,9684;0,9863;110,2767
0,0710;-0,0535;1,3392;1,3421;110,3364
0,4335;-0,0886;1,8090;1,8623;110,3973
0,5694;0,1023;2,6676;2,7296;110,4561
0,0666;-0,0032;0,8889;0,8914;110,5164
0,2338;0,0032;0,9907;1,0179;110,5792
0,9316;-0,0398;1,5564;1,8143;110,6362
1,0519;-0,2077;4,1474;4,2838;110,6962
0,3507;-0,0659;1,1815;1,2342;110,7564
0,2563;-0,0076;0,9521;0,9860;110,8171
0,0442;-0,0229;1,0456;1,0468;110,8765
0,2712;-0,0156;1,2001;1,2304;110,9388
-0,3241;0,0608;0,7861;0,8525;110,9964
0,1008;0,0024;0,8059;0,8122;111,0577
0,0744;-0,0210;0,9699;0,9730;111,1161
0,0112;0,0901;-0,5887;0,5956;111,1765
0,3390;-0,0364;1,4407;1,4805;111,2368
1,3572;-0,1389;3,8516;4,0861;111,2985
0,3246;-0,0554;1,2318;1,2751;111,3564
0,2524;-0,0107;0,9804;1,0124;111,4160
0,0254;-0,0373;2,4419;2,4423;111,4772
0,2216;0,0063;1,1593;1,1803;111,5371
-0,3920;0,0332;-0,5709;0,6933;111,5962
0,0788;0,0366;0,7349;0,7400;111,6561
0,0974;0,0193;0,9340;0,9393;111,7197
0,2514;0,0254;0,8845;0,9199;111,7764
0,5897;-0,2328;1,4888;1,6182;111,8362
0,1460;0,0300;1,2301;1,2391;111,8986
0,4852;-0,0591;1,3365;1,4231;111,9559
0,2550;-0,0168;0,9848;1,0174;112,0175
0,5411;-0,0422;1,7404;1,8231;112,0761
0,1943;0,0464;1,6404;1,6525;112,1357
-0,1128;-0,0378;0,5806;0,5927;112,1977
0,0229;0,0203;0,8581;0,8587;112,2562
0,0574;-0,0115;0,9689;0,9707;112,3172
0,1794;0,0020;0,8440;0,8628;112,3759
0,3983;-0,0747;1,4793;1,5338;112,4388
0,6180;-0,2963;2,8426;2,9241;112,4964
0,3041;-0,0652;1,1483;1,1897;112,5584
0,2448;0,0110;1,0051;1,0345;112,6157
0,0395;0,0071;1,0365;1,0373;112,6757
0,1750;0,0237;0,5194;0,5486;112,7352
-0,0749;-0,0447;0,6348;0,6408;112,7956
0,0076;-0,0088;0,9184;0,9185;112,8567
0,1113;0,0093;0,8735;0,8806;112,9159
0,1918;-0,0073;0,7383;0,7628;112,9761
0,2773;-0,0439;1,1869;1,2196;113,0390
0,9797;-0,0049;2,8426;3,0067;113,0957
0,2792;-0,0417;1,1725;1,2060;113,1560
0,2856;-0,0015;1,0688;1,1063;113,2158
0,8340;-0,1913;2,3201;2,4728;113,2764
0,2106;0,0281;1,3079;1,3251;113,3365
0,0491;0,0266;0,3236;0,3284;113,3955
-0,0146;-0,0037;0,9309;0,9310;113,4601
0,1560;-0,0161;0,9799;0,9924;113,5156
0,4213;-0,0556;0,8672;0,9657;113,5754
0,3500;0,0303;1,2386;1,2875;113,6376
0,5101;-0,1655;2,1758;2,2409;113,6956
0,4159;-0,0508;1,0871;1,1650;113,7564
0,2980;0,0005;1,0029;1,0462;113,8168
1,2440;0,0466;2,7264;2,9972;113,8766
-0,6531;-0,0305;-1,1722;1,3423;113,9375
0,0649;-0,0686;0,4933;0,5022;113,9962
-0,0005;-0,0571;0,8474;0,8493;114,0568
0,1020;-0,0369;0,9226;0,9289;114,1210
0,1630;0,0193;-0,0168;0,1650;114,1768
0,0339;-0,0630;-0,7732;0,7765;114,2385
0,2541;-0,0505;1,2030;1,2306;114,3000
0,3080;-0,0237;1,0329;1,0781;114,3585
0,1674;-0,0176;0,9929;1,0070;114,4166
-0,1972;-0,0613;1,4163;1,4313;114,4788
0,1296;-0,0185;1,8288;1,8335;114,5360
-0,5555;-0,0903;0,1613;0,5855;114,5978
0,1176;0,0422;0,7251;0,7358;114,6592
0,0639;-0,0122;0,9252;0,9275;114,7174
-0,4501;-0,0229;-1,0021;1,0988;114,7759
-1,1093;0,0959;-0,8430;1,3965;114,8367
0,2948;-0,0266;1,1522;1,1896;114,8966
0,4249;0,0068;1,0912;1,1710;114,9563
0,2082;0,0054;1,0109;1,0321;115,0155
0,5074;0,0190;1,1688;1,2744;115,0788
0,3302;-0,1323;1,4610;1,5037;115,1393
0,1599;0,0322;0,8279;0,8438;115,1969
0,0674;-0,0017;0,8218;0,8245;115,2565
0,1987;-0,0117;0,9558;0,9763;115,3172
-0,1350;0,0715;0,5448;0,5658;115,3768
0,0146;0,0471;0,1218;0,1314;115,4402
0,2243;-0,0412;1,0522;1,0766;115,4962
0,2431;-0,0459;1,1515;1,1778;115,5580
0,1645;-0,0171;1,0956;1,1080;115,6163
-0,0498;0,0344;0,5787;0,5818;115,6758
0,5894;-0,1335;1,6909;1,7956;115,7359
0,0669;0,0000;0,9062;0,9087;115,7965
0,0605;-0,0132;0,8332;0,8355;115,8567
0,1699;-0,0059;0,9619;0,9768;115,9186
-0,3519;0,0962;-0,0718;0,3718;115,9757
-0,1772;0,0513;-0,3478;0,3937;116,0367
0,2734;-0,0632;1,4285;1,4558;116,0994
0,2814;-0,0398;1,1539;1,1884;116,1607
0,2148;0,0085;1,0946;1,1155;116,2160
0,5306;0,0090;1,6299;1,7141;116,2773
0,3263;0,0498;2,1185;2,1440;116,3358
0,0471;0,0207;0,7222;0,7240;116,3965
-0,0156;-0,0093;0,9179;0,9181;116,4586
0,1750;0,0073;0,9653;0,9810;116,5166
-0,1206;0,1296;1,4480;1,4588;116,5797
-0,2067;0,0024;-1,9113;1,9224;116,6392
0,2499;-0,0884;1,3184;1,3448;116,6963
0,2809;-0,0444;1,0751;1,1121;116,7562
0,1438;-0,0327;1,1068;1,1166;116,8173
0,2243;-0,0764;1,7324;1,7485;116,8758
-0,1079;-0,1162;1,0334;1,0455;116,9366
-0,0796;0,0281;0,6822;0,6874;116,9979
0,0041;0,0185;0,8852;0,8854;117,0570
0,1037;0,0093;0,9907;0,9961;117,1159
-0,3986;0,0178;0,5975;0,7184;117,1764
0,1108;-0,0403;1,0893;1,0956;117,2356
0,4327;0,0286;1,7294;1,7830;117,2955
0,2519;-0,0693;1,4336;1,4572;117,3558
0,2389;-0,0315;1,0863;1,1127;117,4165
-0,7461;0,0190;0,9296;1,1922;117,4771
-0,0261;-0,0578;0,9694;0,9715;117,5380
0,2841;-0,0244;3,5267;3,5382;117,5976
-0,0010;0,0129;0,8144;0,8145;117,6568
0,0703;0,0071;0,9602;0,9627;117,7169
0,1081;0,0154;0,8242;0,8314;117,7771
0,3017;-0,0532;1,0639;1,1071;117,8367
0,7295;0,1318;2,5922;2,6961;117,8993
0,3873;-0,0398;1,3699;1,4242;117,9577
0,3183;-0,0295;1,0563;1,1036;118,0167
0,2248;-0,0371;1,2679;1,2882;118,0765
0,1013;-0,0815;1,3914;1,3975;118,1366
0,6675;0,0173;2,9263;3,0016;118,1965
0,0564;0,0256;0,7678;0,7703;118,2564
0,0276;0,0100;0,9174;0,9179;118,3194
0,1542;-0,0020;0,9367;0,9493;118,3766
0,0842;0,2775;1,7177;1,7420;118,4360
0,6961;-0,1084;0,7800;1,0511;118,4994
-0,0674;-0,0210;0,8450;0,8479;118,5560
0,2775;-0,0344;1,0661;1,1021;118,6171
0,1337;-0,0046;0,9631;0,9723;118,6797
0,0696;-0,1743;1,1037;1,1195;118,7435
0,3080;0,0083;-0,0940;0,3221;118,7967
0,0378;-0,0430;0,8223;0,8242;118,8565
0,0381;-0,0454;0,9592;0,9610;118,9177
0,1738;-0,0334;0,8669;0,8848;118,9772
0,3849;0,0300;1,6494;1,6940;119,0379
0,2319;0,0815;1,0385;1,0672;119,0975
0,3444;-0,0222;1,3577;1,4009;119,1577
0,2287;-0,0290;0,9946;1,0209;119,2167
0,1484;-0,0185;1,0151;1,0260;119,2787
0,3615;-0,1081;1,6594;1,7017;119,3362
0,1035;-0,0017;0,9653;0,9708;119,3963
0,3832;0,0625;0,4466;0,5918;119,4561
0,0278;0,0168;0,8491;0,8497;119,5156
0,0085;-0,0185;0,9555;0,9557;119,5768
0,1159;0,1970;-2,0611;2,0738;119,6396
0,2563;-0,0993;1,1142;1,1476;119,6966
0,5894;-0,1740;2,7677;2,8351;119,7617
0,4530;-0,0901;1,1996;1,2854;119,8164
0,3546;-0,0171;0,9924;1,0540;119,8763
0,1635;-0,0422;1,0658;1,0791;119,9361
0,0808;-0,0061;1,1539;1,1568;119,9963
-0,0449;-0,0598;1,0114;1,0142;120,0566
0,3878;0,0552;1,5427;1,5917;120,1187
0,0554;0,0222;0,7810;0,7833;120,1846
0,1132;0,0098;0,8479;0,8555;120,2371
0,1911;0,0288;0,8091;0,8318;120,3009
0,3380;-0,1704;0,9167;0,9918;120,3569
0,3607;-0,0671;1,3658;1,4142;120,4176
0,3654;-0,0315;1,0390;1,1018;120,4772
0,5560;0,1025;1,5344;1,6353;120,5380
0,0244;-0,4535;0,8572;0,9700;120,5989
0,2504;-0,1469;0,8969;0,9428;120,6586
0,3676;-0,0825;0,8183;0,9009;120,7180
0,3280;-0,0225;0,8684;0,9285;120,7821
0,1359;0,1652;1,3651;1,3817;120,8382
