0,1308;-0,0376;0,9909;1,0002;0,1158
0,1316;-0,0339;0,9994;1,0086;0,1405
0,1223;-0,0398;0,9907;0,9990;0,3597
0,1201;-0,0373;0,9990;1,0068;0,3615
0,1140;-0,0373;0,9997;1,0069;0,3629
0,1213;-0,0395;0,9907;0,9988;0,3645
0,1223;-0,0366;0,9972;1,0054;0,4263
0,1179;-0,0373;0,9914;0,9991;0,4816
0,1179;-0,0388;0,9943;1,0020;0,5417
0,1215;-0,0366;0,9907;0,9988;0,6034
0,1215;-0,0364;0,9948;1,0029;0,6617
0,1208;-0,0393;0,9921;1,0002;0,7248
0,1235;-0,0386;0,9938;1,0022;0,7839
0,1281;-0,0393;1,0014;1,0103;0,8428
0,1342;-0,0400;0,9911;1,0010;0,9030
0,1464;-0,0395;0,9907;1,0022;0,9631
0,1713;-0,0264;1,0048;1,0197;1,0237
0,1550;-0,0017;1,1427;1,1532;1,0843
-0,5399;-0,1718;1,6765;1,7696;1,1444
0,1572;0,1989;-1,0138;1,0451;1,2030
-0,0635;-0,1176;0,3280;0,3542;1,2636
-0,1477;-0,0215;0,9763;0,9876;1,3244
0,0268;-0,0388;0,9875;0,9886;1,3862
-0,3917;0,4225;1,6704;1,7669;1,4476
0,4554;0,2053;2,1893;2,2455;1,5055
0,3424;-0,0049;1,1625;1,2119;1,5657
0,1596;-0,0027;0,9863;0,9991;1,6255
0,0603;0,0183;0,9357;0,9379;1,6866
0,2902;0,0359;1,8129;1,8363;1,7456
0,0268;-0,0530;1,1915;1,1930;1,8332
-0,0957;-0,2057;-0,0776;0,2398;1,8642
-0,0700;-0,0044;0,7932;0,7963;1,9253
-0,0478;-0,0271;0,8701;0,8718;1,9843
0,1572;-0,0110;0,8857;0,8996;2,0459
0,6878;-0,1281;-1,9552;2,0766;2,1151
0,2948;-0,0012;1,3216;1,3541;2,1689
0,3593;-0,0173;1,1491;1,2040;2,2251
0,1208;0,0085;1,1103;1,1168;2,2860
0,0288;-0,0281;1,0278;1,0285;2,3474
-0,0444;0,1296;1,6657;1,6714;2,4038
-0,3046;-0,0476;1,3868;1,4206;2,4662
-0,0920;0,0088;0,7895;0,7949;2,5267
-0,0337;-0,0044;0,9716;0,9722;2,5855
0,1193;0,0161;0,9960;1,0033;2,6442
0,2353;0,0100;-0,5567;0,6045;2,7039
0,1347;0,0354;0,9267;0,9371;2,7689
0,2126;-0,0369;1,1720;1,1917;2,8288
0,1689;0,0220;1,0763;1,0897;2,8842
-0,0937;-0,0249;1,8622;1,8647;2,9449
-0,2431;0,0359;-0,3209;0,4042;3,0069
0,0686;0,0237;0,0373;0,0816;3,0639
-0,1176;-0,0144;0,8393;0,8477;3,1399
-0,0740;-0,0056;0,9645;0,9674;3,1839
0,0888;-0,0400;0,9907;0,9954;3,2451
0,3175;0,0747;1,9820;2,0087;3,3063
0,1106;0,0078;1,0656;1,0713;3,3656
0,2924;0,0032;1,2469;1,2808;3,4239
0,0615;0,0034;1,0487;1,0506;3,4836
-0,3812;0,0188;1,9530;1,9900;3,5489
-0,0234;-0,0024;1,4427;1,4429;3,6080
-0,2724;-0,0398;0,7976;0,8438;3,6648
-0,0832;-0,0190;0,7942;0,7988;3,7261
-0,0254;-0,0464;0,9755;0,9770;3,7835
-0,1645;0,0239;-0,5950;0,6178;3,8437
0,0966;0,1213;0,7507;0,7666;3,9078
-0,0290;0,0622;1,1247;1,1267;3,9703
0,2353;-0,0044;1,2059;1,2287;4,0239
0,0632;0,0168;1,0190;1,0211;4,0842
-0,8235;0,0085;0,0544;0,8253;4,1462
1,3865;-0,0305;3,5675;3,8276;4,2047
-0,0915;-0,0393;0,7942;0,8004;4,2698
-0,0822;-0,0383;0,8357;0,8406;4,3248
0,0437;-0,0381;1,0192;1,0209;4,3872
0,2153;-0,0964;0,6853;0,7248;4,4450
0,9675;0,2001;0,9953;1,4024;4,5052
0,1081;0,0510;1,0849;1,0914;4,5679
0,1816;0,0024;0,9990;1,0153;4,6248
-0,0059;-0,0171;1,0524;1,0526;4,6847
-0,4613;0,0222;1,3336;1,4113;4,7460
-0,5892;0,3905;1,0583;1,2726;4,8077
-0,0844;0,0103;0,8071;0,8116;4,8647
-0,0986;-0,0234;0,8757;0,8815;4,9249
0,0308;-0,0542;1,1051;1,1069;4,9873
0,1667;-0,1308;0,5567;0,5957;5,0468
-0,8650;-0,0034;2,8714;2,9989;5,1067
0,2763;0,0215;1,2787;1,3083;5,1651
0,0652;-0,0452;1,0649;1,0678;5,2244
-0,1769;-0,0417;1,3057;1,3183;5,2853
0,0393;-0,0085;0,8662;0,8671;5,3464
0,0325;0,1284;-0,8389;0,8492;5,4045
-0,1154;-0,0515;0,6719;0,6837;5,4672
-0,0925;-0,0203;0,9843;0,9889;5,5257
0,2289;-0,0732;0,3700;0,4412;5,5855
-0,3395;0,3392;2,6064;2,6502;5,6458
0,5579;-0,1774;2,9566;3,0140;5,7049
0,2492;-0,0483;1,3177;1,3419;5,7675
0,1342;-0,0312;1,0463;1,0553;5,8266
-0,1616;-0,0127;1,6858;1,6935;5,8853
-0,4710;-0,2302;1,8239;1,8977;5,9453
0,4515;0,0327;0,7476;0,8740;6,0081
-0,2116;-0,0327;0,9148;0,9395;6,0729
-0,0561;-0,0364;0,9743;0,9766;6,1283
0,5062;-0,3346;-1,7927;1,8926;6,1869
0,2441;-0,0356;1,4915;1,5117;6,2492
0,0234;-0,0630;1,3782;1,3799;6,3063
0,1733;-0,0361;1,2611;1,2734;6,3647
0,0256;-0,0112;1,0871;1,0874;6,4269
-0,3458;0,1796;1,5252;1,5742;6,4894
0,1589;-0,2887;1,6025;1,6361;6,5479
-0,1367;0,0232;1,1530;1,1613;6,6122
-0,1464;-0,0247;0,8708;0,8834;6,6654
-0,0017;-0,0386;0,9494;0,9502;6,7269
-0,9519;-0,1215;2,2046;2,4044;6,7851
0,1865;-0,1596;1,9867;2,0018;6,8453
0,1047;0,0178;1,1032;1,1083;6,9050
0,1957;-0,0200;0,9909;1,0102;6,9647
0,0185;-0,0059;1,2638;1,2639;7,0247
-0,0788;0,1172;1,1652;1,1737;7,0882
-0,4225;-0,6541;-2,8739;2,9775;7,1453
-0,2399;-0,0188;0,9133;0,9445;7,2060
-0,0613;-0,0674;1,0819;1,0858;7,2647
0,1394;-0,0342;0,9907;1,0010;7,3248
-0,0625;0,1025;1,2152;1,2211;7,3878
0,3854;-0,0556;4,5643;4,5808;7,4449
0,4635;-0,0378;1,2889;1,3702;7,5051
0,1572;-0,0276;1,0258;1,0381;7,5674
0,2104;-0,0566;1,4737;1,4897;7,6248
0,0347;-0,0244;1,3904;1,3911;7,6860
0,0698;-0,0124;3,4110;3,4118;7,7473
-0,0639;-0,0081;0,7168;0,7197;7,8063
-0,0959;-0,0369;0,9436;0,9491;7,8650
0,0454;-0,0442;0,9621;0,9642;7,9248
0,0981;-0,1003;1,1534;1,1620;7,9848
0,2192;0,0657;-2,5207;2,5311;8,0446
-0,1150;0,0085;0,7320;0,7410;8,1046
0,2177;-0,0288;1,1779;1,1982;8,1646
0,3073;0,0473;1,7556;1,7829;8,2260
-0,0671;0,0247;0,5296;0,5344;8,2859
0,2314;0,0142;0,7383;0,7738;8,3449
-0,1337;-0,0247;0,8347;0,8457;8,4054
-0,0034;-0,0461;1,0097;1,0108;8,4651
0,1337;-0,0635;0,9370;0,9486;8,5264
0,3912;-0,1123;0,1513;0,4342;8,5862
-0,2321;-0,1040;-3,7542;3,7628;8,6452
0,1391;0,0264;0,9284;0,9392;8,7072
0,1328;-0,0520;1,1415;1,1504;8,7704
0,1167;-0,1115;2,0807;2,0869;8,8247
0,2978;0,2458;2,3459;2,3775;8,8847
-0,0847;-0,0491;0,7532;0,7595;8,9474
-0,0937;-0,0342;0,9228;0,9282;9,0066
0,0505;-0,0322;0,9897;0,9915;9,0655
0,3073;-0,0581;0,5628;0,6439;9,1272
0,0547;0,0325;-0,0605;0,0878;9,1860
-0,1521;-0,0095;0,7637;0,7787;9,2446
0,2219;-0,0286;1,1805;1,2015;9,3056
0,1845;0,0076;1,3680;1,3804;9,3675
-0,0195;-0,0376;1,4109;1,4116;9,4266
-0,0686;0,0654;-1,5030;1,5059;9,4845
-0,0876;0,0085;0,8306;0,8352;9,5468
-0,0949;-0,0447;1,0014;1,0069;9,6041
0,0954;-0,0327;1,0048;1,0099;9,6648
-0,5972;-0,0073;2,6266;2,6937;9,7295
-0,3056;-0,0415;2,4909;2,5099;9,7880
0,3595;-0,0947;1,4068;1,4551;9,8447
0,1604;-0,0491;1,0309;1,0445;9,9050
-2,0277;0,0103;0,3795;2,0629;9,9680
-0,5714;0,1633;0,2197;0,6335;10,0245
0,2565;0,1267;0,6475;0,7079;10,0851
-0,1682;-0,0456;0,8428;0,8606;10,1484
0,0085;-0,0290;0,9540;0,9545;10,2044
-0,2499;-0,0273;1,7570;1,7749;10,2650
0,0705;-0,0249;-0,4147;0,4214;10,3254
0,0764;0,0020;0,9555;0,9586;10,3877
0,2577;-0,0312;1,1083;1,1383;10,4459
0,1030;-0,0249;1,0946;1,0997;10,5051
-0,0759;0,0847;1,9769;1,9802;10,5641
0,7041;0,2978;-0,1284;0,7752;10,6269
-0,1164;-0,0329;0,5809;0,5933;10,6839
-0,0820;-0,0452;0,9853;0,9897;10,7445
0,0818;-0,0456;0,9111;0,9159;10,8070
-0,1706;-0,2660;1,8649;1,8915;10,8671
0,4959;-0,4737;3,2021;3,2748;10,9243
0,2682;-0,0864;1,2323;1,2641;10,9842
0,1579;0,0039;1,1002;1,1115;11,0454
-0,6604;-0,0137;0,6260;0,9101;11,1038
-0,7205;-0,3141;0,0864;0,7907;11,1656
0,2182;-0,0403;0,5081;0,5545;11,2255
-0,1613;-0,0473;0,9387;0,9536;11,2872
0,0039;-0,0466;0,9933;0,9944;11,3449
0,2009;-0,1418;0,5135;0,5693;11,4061
0,0090;-0,0261;0,9375;0,9379;11,4687
0,1894;0,0020;1,1661;1,1814;11,5260
0,2316;-0,0115;1,0851;1,1096;11,5850
0,0840;0,0259;1,2484;1,2515;11,6449
0,0234;0,0893;1,6792;1,6817;11,7057
0,2570;-0,4798;-2,5978;2,6542;11,7652
-0,2431;-0,0212;0,9667;0,9971;11,8262
-0,0801;-0,0954;0,9929;1,0006;11,8853
0,0857;-0,0705;-1,7077;1,7113;11,9449
0,2643;0,0088;0,8842;0,9229;12,0050
0,1584;-0,0520;1,5415;1,5505;12,0669
0,2287;-0,0327;1,1874;1,2096;12,1248
0,2023;0,0085;1,2435;1,2599;12,1844
-0,0078;0,1142;1,6389;1,6429;12,2449
-0,3068;0,2690;3,9844;4,0052;12,3075
-0,0366;0,0046;0,8415;0,8423;12,3647
-0,1484;-0,0549;1,0478;1,0596;12,4249
0,2040;0,0366;0,1586;0,2610;12,4847
-0,5594;0,0696;-1,3851;1,4954;12,5457
0,4576;-0,6814;7,0681;7,1156;12,6071
0,2873;-0,0927;1,1613;1,1999;12,6649
0,2079;-0,0207;1,0336;1,0545;12,7271
0,2072;0,0473;1,5391;1,5537;12,7865
0,4359;-0,0159;3,4696;3,4969;12,8452
-0,2380;0,2533;0,6077;0,7001;12,9084
-0,1618;-0,0583;0,8620;0,8790;12,9646
0,1228;-0,0142;0,6512;0,6628;13,0243
0,5096;-0,2790;2,6408;2,7039;13,0870
0,7488;-1,2872;5,5608;5,7567;13,1447
0,4771;-0,1015;1,2213;1,3151;13,2062
0,2292;-0,0137;0,9694;0,9962;13,2677
0,0676;0,0212;1,1808;1,1829;13,3255
0,0088;-0,3158;-0,1335;0,3430;13,3852
0,1337;-0,0757;0,3170;0,3523;13,4461
-0,0822;-0,0495;0,8630;0,8683;13,5098
0,0801;-0,0642;0,8977;0,9035;13,5656
0,7993;-0,2389;1,0197;1,3175;13,6253
-0,4437;0,1530;0,4061;0,6207;13,6854
0,0447;0,0207;1,2865;1,2874;13,7457
0,2843;-0,0303;1,0649;1,1026;13,8057
0,1162;0,0696;1,4378;1,4441;13,8704
0,2114;-0,2060;1,7353;1,7602;13,9251
0,1694;-0,0288;0,6492;0,6716;13,9861
-0,0393;-0,0415;0,8938;0,8956;14,0490
0,1001;-0,0403;0,9387;0,9449;14,1045
0,3641;0,0373;0,4103;0,5498;14,1654
0,5687;-0,2943;5,1561;5,1957;14,2276
0,4610;-0,0676;1,1749;1,2640;14,2856
0,1987;-0,0010;0,9770;0,9970;14,3457
0,1169;0,1777;1,8966;1,9085;14,4055
-0,0661;0,0722;0,7717;0,7779;14,4696
0,6272;0,2011;1,1925;1,3623;14,5252
0,1101;0,0927;0,7149;0,7292;14,5864
0,0988;0,0085;0,9687;0,9738;14,6448
0,1579;-0,0034;0,9621;0,9750;14,7065
0,1557;0,0215;0,8037;0,8189;14,7654
0,2546;-0,0844;1,7912;1,8112;14,8249
0,2082;-0,0120;1,2730;1,2900;14,8887
0,0212;-0,0854;1,1840;1,1872;14,9502
0,1281;0,0400;0,6636;0,6771;15,0049
0,0329;-0,0508;1,0031;1,0049;15,0654
-0,0439;-0,1411;1,8344;1,8403;15,1371
-0,0766;0,0046;0,3017;0,3113;15,1849
-0,0361;-0,0056;1,1225;1,1230;15,2461
0,3310;-0,0325;1,1769;1,2230;15,3051
0,1220;0,0112;0,9201;0,9282;15,3662
0,0915;0,0500;-0,2228;0,2460;15,4258
0,6087;0,1233;0,5914;0,8576;15,4905
-0,1142;0,0090;0,7993;0,8075;15,5449
-0,0068;-0,0432;0,9699;0,9709;15,6052
0,0027;0,0647;-1,9098;1,9109;15,6659
0,2802;-0,0498;1,5122;1,5388;15,7245
-0,2016;-0,2858;1,5701;1,6086;15,7892
0,2353;-0,0383;1,1945;1,2180;15,8446
0,1752;0,0005;1,0051;1,0202;15,9068
-0,0434;0,0161;0,6080;0,6097;15,9650
0,7532;0,1608;2,7823;2,8870;16,0251
-0,0537;-0,0835;0,7583;0,7648;16,0869
-0,0347;-0,0334;0,8618;0,8631;16,1500
0,0937;-0,0349;0,9775;0,9826;16,2052
0,5062;-0,0840;0,9309;1,0629;16,2694
0,1843;-0,0337;0,8188;0,8400;16,3244
0,0957;-0,0727;1,3690;1,3742;16,3848
0,2172;-0,0542;1,1022;1,1247;16,4448
0,2299;-0,0456;1,5959;1,6131;16,5044
0,0793;-0,0185;1,2481;1,2508;16,5653
-0,0871;0,0530;0,8071;0,8135;16,6250
-0,0769;-0,0364;0,5589;0,5653;16,6856
-0,0578;-0,0613;1,0148;1,0183;16,7463
0,1381;-0,0369;0,9702;0,9806;16,8127
-0,0032;-0,0432;0,1887;0,1936;16,8649
-0,4630;0,0432;1,2757;1,3578;16,9250
0,4098;-0,0661;1,3738;1,4352;16,9846
0,1206;-0,0256;0,9907;0,9983;17,0453
0,4466;-0,0412;1,6862;1,7449;17,1061
0,4728;-0,1962;2,2066;2,2652;17,1653
0,4003;0,0947;0,5008;0,6481;17,2251
-0,0068;-0,0041;0,9626;0,9626;17,2842
0,0493;-0,0273;0,9572;0,9589;17,3452
0,0976;-0,0483;0,9487;0,9549;17,4056
0,1550;-0,0081;0,9389;0,9517;17,4644
0,0825;-0,6582;7,9885;8,0160;17,5247
0,2734;-0,0617;1,0646;1,1009;17,5930
0,1494;0,0076;1,0168;1,0277;17,6460
-0,0478;-0,0613;1,4866;1,4886;17,7046
1,2777;-0,1272;2,4729;2,7863;17,7728
0,3087;-0,0044;0,5699;0,6482;17,8258
-0,0334;-0,0454;0,8550;0,8568;17,8872
0,1206;-0,0432;0,9282;0,9370;17,9453
0,6038;0,0171;1,6736;1,7792;18,0047
-0,1323;-0,0774;1,6064;1,6137;18,0646
0,3473;-0,0522;1,0627;1,1192;18,1255
0,1574;-0,0229;1,0966;1,1081;18,1845
-0,1003;-0,0259;1,5281;1,5316;18,2494
0,3749;-0,0759;1,6384;1,6825;18,3044
0,1989;-0,1057;0,9082;0,9357;18,3643
-0,0461;-0,0264;0,8684;0,8700;18,4270
0,1106;-0,0290;0,9968;1,0033;18,4919
0,7202;-0,2934;1,1107;1,3559;18,5446
0,6878;-0,1084;0,6858;0,9773;18,6055
0,5765;-0,0586;1,5181;1,6249;18,6644
0,2350;0,0022;0,9911;1,0186;18,7258
0,8269;-0,0237;2,3225;2,4654;18,7847
0,1867;-0,0081;2,0924;2,1007;18,8447
0,0532;-0,1247;0,1362;0,1922;18,9067
-0,0393;-0,0056;0,8428;0,8437;18,9652
0,0642;-0,0295;0,9990;1,0015;19,0242
0,4523;0,0583;0,4064;0,6108;19,0849
-0,0744;0,0495;0,8559;0,8606;19,1456
0,6822;-0,0591;1,6016;1,7418;19,2034
0,1833;-0,0225;0,9997;1,0166;19,2649
0,0329;-0,0371;1,0348;1,0360;19,3260
0,6944;-0,2509;2,1627;2,2852;19,3850
0,2499;0,0308;2,3901;2,4034;19,4441
0,0071;0,0085;0,4095;0,4097;19,5068
-0,0730;-0,0256;1,0336;1,0365;19,5641
-0,0827;0,0286;-0,3214;0,3331;19,6243
0,2311;-0,0674;0,0818;0,2543;19,6880
-0,0420;-0,0264;1,0461;1,0472;19,7494
0,4803;-0,0476;1,0668;1,1709;19,8041
0,0959;-0,0327;1,0612;1,0660;19,8640
0,1657;-0,0849;1,4856;1,4972;19,9286
-0,6585;-0,0029;-0,1223;0,6697;19,9888
0,6429;-0,0239;0,9311;1,1317;20,0516
-0,0730;-0,0110;0,8342;0,8375;20,1049
-0,0254;0,0022;0,8269;0,8273;20,1648
0,2563;0,1067;0,4235;0,5063;20,2235
-0,4928;-0,0242;1,0629;1,1718;20,2842
0,3973;-0,0181;0,9824;1,0598;20,3511
0,0947;-0,0290;1,0199;1,0247;20,4073
0,4159;-0,1159;1,5972;1,6545;20,4644
0,0757;-0,0059;1,5835;1,5853;20,5247
0,0822;0,0556;2,6769;2,6787;20,5837
-0,0869;-0,0032;0,4859;0,4936;20,6439
0,0188;-0,0561;1,0500;1,0516;20,7044
0,7998;-0,2519;0,6751;1,0765;20,7634
0,6075;-0,1743;3,7603;3,8130;20,8240
0,3781;-0,0930;1,0729;1,1414;20,8852
0,2492;-0,0117;1,0839;1,1122;20,9441
0,0015;0,0034;1,2154;1,2154;21,0039
0,0437;0,0835;1,9847;1,9870;21,0661
0,0312;-0,0354;0,5865;0,5884;21,1284
-0,0688;-0,0195;0,7827;0,7860;21,1847
-0,0190;-0,0537;1,0341;1,0357;21,2452
0,0888;0,0278;-0,0371;0,1002;21,3031
-0,0088;0,0625;-0,5579;0,5615;21,3646
0,2155;-0,0054;1,5471;1,5621;21,4237
0,3187;-0,0566;0,9824;1,0343;21,4843
0,0888;-0,0134;1,5349;1,5376;21,5439
0,1010;-0,1008;1,6611;1,6672;21,6037
0,3334;0,0188;1,1666;1,2135;21,6647
-0,0164;0,0005;0,7588;0,7590;21,7237
-0,0605;-0,0530;1,0888;1,0917;21,7838
0,0945;-0,0783;0,1320;0,1803;21,8441
0,3092;-0,0137;1,7092;1,7370;21,9153
0,0713;-0,0276;1,8305;1,8321;21,9631
0,3461;-0,0530;1,0746;1,1302;22,0242
0,2714;-0,0327;1,1447;1,1769;22,0872
0,0203;-0,0515;1,5464;1,5474;22,1505
0,6761;-0,2204;3,7769;3,8433;22,2039
0,2424;0,0405;0,8557;0,8903;22,2635
-0,0491;-0,0522;0,8786;0,8816;22,3253
0,1596;-0,0329;0,8774;0,8924;22,3832
1,1927;-0,0078;2,9842;3,2137;22,4438
-0,4496;0,0027;1,9354;1,9870;22,5070
0,2680;-0,0801;1,1486;1,1821;22,5633
0,0966;-0,0268;0,9909;0,9960;22,6233
0,4964;-0,0593;1,9101;1,9744;22,6860
-0,0966;0,0022;0,1535;0,1814;22,7430
0,7071;-0,1967;1,5862;1,7477;22,8041
-0,0473;-0,0129;0,7820;0,7835;22,8666
0,0454;-0,0476;0,9982;1,0004;22,9238
0,0945;-0,0115;0,7168;0,7231;22,9833
0,4764;0,0874;0,8498;0,9782;23,0475
0,4222;0,0107;1,3785;1,4417;23,1036
0,2345;-0,0220;0,9575;0,9860;23,1637
0,0520;-0,0417;1,0927;1,0947;23,2244
0,5950;-0,2075;2,1741;2,2636;23,2838
-1,0214;0,1879;-1,3143;1,6751;23,3458
0,0022;-0,0181;0,6946;0,6948;23,4035
-0,0749;-0,0469;1,0732;1,0768;23,4646
0,0181;0,0085;-0,2585;0,2592;23,5233
-1,3253;0,1943;-1,5008;2,0116;23,5831
-0,0530;0,0495;1,2059;1,2081;23,6433
0,2072;-0,0278;0,9941;1,0158;23,7057
0,0259;-0,0500;1,0663;1,0678;23,7628
0,2140;-0,1118;1,9623;1,9771;23,8227
-0,6951;0,2270;-3,4562;3,5327;23,8835
0,0542;0,0027;0,2162;0,2229;23,9476
-0,0862;-0,0527;0,9846;0,9897;24,0042
0,1276;-0,0286;0,9255;0,9347;24,0645
0,2670;0,0156;0,6412;0,6947;24,1266
0,0283;-0,1059;1,7060;1,7095;24,1857
0,2829;-0,0603;1,0988;1,1362;24,2442
0,0959;-0,0137;1,0900;1,0943;24,3076
0,2594;-0,0395;1,5586;1,5805;24,3633
0,1560;0,0073;1,6474;1,6548;24,4239
0,3637;0,2233;4,9941;5,0123;24,4837
-0,0849;-0,0149;0,9016;0,9057;24,5494
-0,0139;-0,0744;0,9907;0,9935;24,6044
-0,4244;0,2094;-0,7815;0,9136;24,6640
0,2277;-0,0129;0,5018;0,5512;24,7246
-0,0639;-0,0510;1,2647;1,2674;24,7865
0,2450;-0,0439;1,1627;1,1891;24,8454
0,0871;0,0010;1,1137;1,1171;24,9058
0,0976;-0,0410;1,6479;1,6513;24,9637
-2,0223;0,2428;-3,9829;4,4735;25,0240
-0,1179;-0,0332;0,8647;0,8734;25,0878
-0,0708;-0,0505;1,0038;1,0076;25,1466
0,1372;-0,0244;0,5711;0,5879;25,2042
0,0517;-0,1760;1,4229;1,4347;25,2680
-0,2658;-0,4642;3,3735;3,4156;25,3233
0,5745;-0,1379;1,4017;1,5211;25,3849
0,1423;0,0093;1,1625;1,1712;25,4472
-0,2558;0,1257;1,3494;1,3792;25,5090
0,6853;0,1172;2,4497;2,5464;25,5643
0,0190;-0,0559;0,4581;0,4619;25,6284
-0,1474;-0,0339;0,9362;0,9484;25,6896
0,0617;-0,0325;0,9414;0,9439;25,7448
0,1794;0,1120;0,5191;0,5606;25,8050
0,0508;0,1245;-1,5828;1,5885;25,8644
-0,2094;-0,0364;1,1371;1,1568;25,9249
0,2018;-0,0222;1,0048;1,0251;25,9847
0,0332;-0,0190;1,1308;1,1314;26,0450
-0,1230;-0,1357;1,4815;1,4928;26,1044
0,0835;-0,0185;-1,6982;1,7004;26,1645
-0,0473;-0,0317;0,8376;0,8396;26,2246
0,0176;-0,0251;1,0077;1,0082;26,2847
0,2690;-0,0476;0,2348;0,3602;26,3450
0,2995;0,0569;0,5977;0,6710;26,4047
-0,0610;0,1062;1,0217;1,0290;26,4646
0,2777;0,0034;1,0600;1,0958;26,5273
0,1089;0,0063;1,2503;1,2551;26,5843
0,0112;-0,0447;1,7731;1,7737;26,6445
-0,8801;-0,0676;-3,5636;3,6713;26,7044
-0,1489;-0,0376;0,8535;0,8672;26,7654
0,0024;-0,0278;1,0446;1,0450;26,8252
0,3292;0,0137;0,2939;0,4415;26,8871
0,0183;0,2143;-1,1359;1,1561;26,9439
0,7454;-0,0898;1,3931;1,5825;27,0044
0,2531;-0,0132;1,0016;1,0332;27,0678
0,1025;-0,0264;1,1657;1,1704;27,1242
-1,1527;-0,0093;0,1809;1,1669;27,1844
-0,7952;0,2097;-0,1115;0,8299;27,2449
0,0903;0,0415;0,6961;0,7031;27,3066
-0,0434;-0,0642;0,9870;0,9900;27,3660
-0,0820;-0,0144;0,5850;0,5909;27,4268
-0,1420;0,0171;0,9148;0,9259;27,4865
0,1164;-0,0391;1,2213;1,2275;27,5471
0,3288;0,0085;0,8833;0,9425;27,6071
0,0696;-0,0273;1,1247;1,1271;27,6665
0,1420;-0,1137;2,1070;2,1149;27,7252
-0,4400;0,3449;1,7980;1,8829;27,7849
0,1401;0,0539;0,5289;0,5498;27,8452
-0,0513;-0,0615;0,9755;0,9788;27,9054
0,0395;0,1267;-1,0087;1,0174;27,9654
0,2214;-0,1010;2,1810;2,1945;28,0247
0,1438;-0,0220;1,6855;1,6918;28,0853
0,2963;-0,0041;1,1654;1,2025;28,1544
0,1899;0,0212;1,1671;1,1827;28,2057
0,1840;-0,0476;1,4619;1,4743;28,2655
-1,8271;0,2624;-2,7736;3,3316;28,3298
0,1069;0,0359;0,7605;0,7688;28,3857
-0,0239;-0,0515;1,0038;1,0054;28,4462
0,1430;0,0713;-0,1093;0,1936;28,5096
0,4703;0,0144;0,5858;0,7513;28,5659
0,5570;-0,0720;4,4544;4,4897;28,6263
0,3454;-0,0398;1,2010;1,2503;28,6900
0,3022;0,0259;1,0236;1,0676;28,7467
0,3983;-0,0066;1,6694;1,7163;28,8062
-0,8201;0,0491;-0,3480;0,8922;28,8658
-0,0364;0,0539;0,2245;0,2338;28,9268
-0,0359;-0,0247;0,9191;0,9202;28,9886
0,0893;-0,0547;0,9968;1,0022;29,0454
0,9665;-0,1445;0,7490;1,2313;29,1069
0,1999;-0,0103;1,1459;1,1632;29,1732
0,0932;-0,0347;1,1068;1,1113;29,2258
0,2587;0,0110;1,0778;1,1085;29,2863
0,2292;0,0305;1,5837;1,6005;29,3459
0,4193;-0,0417;1,8666;1,9136;29,4057
0,4120;-0,1169;0,2731;0,5079;29,4653
-0,0754;-0,0417;0,8242;0,8287;29,5255
0,0920;-0,0369;0,9777;0,9827;29,5866
0,5023;-0,1948;0,5704;0,7846;29,6513
0,9235;-0,0827;0,5914;1,0998;29,7059
0,2575;0,0034;1,3380;1,3625;29,7662
0,2314;0,0369;1,1190;1,1433;29,8310
-0,0691;0,0300;1,6055;1,6072;29,8863
0,0766;-0,0095;1,7661;1,7677;29,9457
0,0229;-0,0830;0,2809;0,2938;30,0065
-0,0315;-0,0073;0,9951;0,9956;30,0666
0,2553;0,1535;0,4134;0,5096;30,1257
0,1250;-0,0744;0,9357;0,9470;30,1864
-0,0984;-0,2787;-2,7882;2,8038;30,2464
-0,3551;-0,0090;0,8471;0,9186;30,3062
0,2382;-0,0212;1,0829;1,1090;30,3653
0,1242;-0,0176;1,0934;1,1006;30,4271
0,0312;-0,0683;1,1671;1,1695;30,4854
0,4103;-0,2016;3,1399;3,1730;30,5463
-0,0539;-0,0366;0,6409;0,6442;30,6075
0,0015;-0,0369;0,9628;0,9635;30,6655
-0,0229;-0,0161;-1,8690;1,8693;30,7255
0,0044;-0,1179;2,1426;2,1459;30,7854
0,1594;-0,1306;1,9923;2,0029;30,8455
0,1965;-0,0596;1,1239;1,1425;30,9055
0,1496;-0,0095;1,1161;1,1261;30,9689
0,0088;-0,0949;0,7996;0,8052;31,0254
0,2655;-0,2499;1,6516;1,6914;31,0859
0,2155;0,0552;0,3649;0,4273;31,1494
-0,0127;-0,0391;0,9719;0,9727;31,2092
0,1647;-0,0027;0,9501;0,9643;31,2653
0,1433;0,0478;1,1041;1,1144;31,3260
0,5150;0,1128;1,6923;1,7726;31,3848
0,3517;-0,0852;1,5039;1,5468;31,4457
0,1213;-0,0195;1,0207;1,0280;31,5056
0,1401;-0,0278;1,4004;1,4077;31,5652
0,0979;-0,0495;0,9138;0,9203;31,6250
-0,0361;0,2819;-2,3745;2,3915;31,6883
-0,0891;-0,0273;0,7773;0,7829;31,7465
0,0617;-0,0286;1,0014;1,0037;31,8048
0,0947;-0,1281;1,3570;1,3663;31,8655
0,2123;0,0107;-0,8545;0,8805;31,9252
-0,0798;-0,0315;1,1625;1,1656;31,9851
0,1647;-0,0107;1,1303;1,1423;32,0466
-0,1154;0,0664;0,9706;0,9797;32,1052
-0,0510;0,0776;1,6218;1,6245;32,1660
-0,0693;0,0366;1,5161;1,5182;32,2248
-0,1030;-0,0110;0,8057;0,8123;32,2856
0,0430;-0,0376;0,9746;0,9762;32,3450
-0,0620;-0,0300;0,0098;0,0696;32,4047
0,3737;-0,0537;0,9375;1,0106;32,4655
0,4679;0,1113;2,0785;2,1334;32,5251
0,1726;-0,0315;1,2203;1,2329;32,5844
0,1211;-0,0149;1,0204;1,0277;32,6448
-0,0603;-0,0305;0,8984;0,9009;32,7045
-0,0400;-0,2243;-1,7912;1,8056;32,7650
0,0542;-0,0400;0,6773;0,6806;32,8251
0,0603;-0,0095;1,0343;1,0361;32,8940
-0,0386;0,0491;-0,4945;0,4984;32,9457
0,1938;-0,0966;0,6497;0,6848;33,0068
-0,2885;-0,1870;1,8110;1,8433;33,0678
0,3295;-0,0249;0,9780;1,0323;33,1252
0,0168;-0,0566;1,0878;1,0894;33,1850
0,2131;-0,1535;2,0384;2,0553;33,2456
0,5704;-0,3207;2,1546;2,2518;33,3044
0,0515;-0,0498;0,7193;0,7228;33,3659
0,0161;-0,0447;0,9316;0,9328;33,4263
0,1789;0,0173;0,8115;0,8312;33,4845
0,3417;0,2509;1,2374;1,3080;33,5456
0,3419;0,2270;2,1129;2,1524;33,6073
0,3585;-0,0896;1,3670;1,4161;33,6667
0,1596;-0,0264;1,0392;1,0517;33,7249
-0,1272;-0,0215;1,5576;1,5630;33,7869
0,0159;-0,1669;0,5116;0,5383;33,8443
0,7229;-0,0425;1,4195;1,5935;33,9049
-0,0317;-0,0261;0,9235;0,9245;33,9647
0,0676;-0,0188;0,9894;0,9919;34,0249
0,1323;-0,1213;1,2196;1,2327;34,0846
0,4989;-0,0864;0,6751;0,8438;34,1461
0,0964;-0,0620;1,8651;1,8687;34,2076
0,2455;-0,0556;1,0929;1,1215;34,2640
0,0334;-0,0317;1,0214;1,0225;34,3241
0,1069;0,0215;1,9530;1,9560;34,3848
0,4318;-0,1411;1,3824;1,4551;34,4443
0,0808;0,1608;-0,2123;0,2784;34,5038
0,0476;0,0088;0,8847;0,8861;34,5657
0,0923;0,0415;0,9182;0,9237;34,6244
-0,4632;-0,0796;3,0432;3,0793;34,6873
0,0832;0,0137;1,6325;1,6347;34,7472
0,1318;-0,1169;1,7002;1,7093;34,8055
0,3041;-0,0483;1,0739;1,1172;34,8649
0,0576;-0,0483;1,1022;1,1048;34,9240
-0,0730;-0,1223;1,6511;1,6572;34,9867
-0,3331;0,2255;-1,2398;1,3035;35,0444
-0,0383;-0,0188;0,4632;0,4652;35,1039
-0,0659;-0,0376;0,9811;0,9841;35,1643
0,1799;-0,0288;0,9084;0,9265;35,2239
0,8535;0,0183;1,5227;1,7457;35,2843
0,6224;-0,0264;1,3297;1,4683;35,3444
0,4379;-0,1567;1,2945;1,3755;35,4084
0,2035;-0,0225;0,9426;0,9646;35,4652
0,0432;-0,0088;1,2233;1,2240;35,5260
-0,1901;-0,0044;1,2943;1,3082;35,5842
-0,3073;0,0893;0,4776;0,5749;35,6444
0,4076;-0,1145;-0,0239;0,4240;35,7063
-0,0940;-0,0347;0,9494;0,9547;35,7651
0,0603;-0,0569;0,8955;0,8993;35,8243
-0,1955;0,0549;-0,7334;0,7610;35,8843
0,1132;-0,2885;1,4866;1,5186;35,9433
0,1045;-0,0744;1,4827;1,4882;36,0051
0,2126;-0,0325;1,0402;1,0622;36,0668
0,0959;-0,0247;1,0548;1,0595;36,1239
-0,3136;-0,1037;1,0631;1,1133;36,1845
-0,1594;-0,1316;1,4637;1,4782;36,2440
0,2572;0,0510;0,4759;0,5434;36,3050
-0,0232;-0,0010;0,8469;0,8472;36,3647
0,0996;-0,0022;0,9401;0,9454;36,4241
0,0722;0,0971;1,9935;1,9972;36,4846
-0,5526;0,0862;0,5987;0,8193;36,5441
-0,0459;-0,0569;1,1637;1,1660;36,6046
0,1960;-0,0298;1,0077;1,0271;36,6646
0,0852;-0,0142;1,1615;1,1647;36,7255
0,0332;-0,0813;1,4295;1,4322;36,7853
-0,0395;0,2716;1,4004;1,4271;36,8458
0,1901;0,0259;0,6243;0,6531;36,9060
-0,0139;-0,0417;0,9904;0,9914;36,9647
0,1870;0,0442;0,3766;0,4228;37,0296
-0,2467;-0,0691;0,0566;0,2624;37,0853
-0,4818;-0,0918;-2,6664;2,7111;37,1497
-0,0891;-0,0488;1,2284;1,2326;37,2060
0,1218;-0,0166;1,0656;1,0727;37,2649
0,0718;-0,0215;1,2635;1,2657;37,3262
0,1499;-0,0500;1,6294;1,6370;37,3845
0,8086;0,1213;2,4716;2,6034;37,4454
0,1093;0,0085;0,5811;0,5914;37,5099
-0,0132;-0,0112;0,9321;0,9322;37,5643
0,1425;-0,0076;0,8691;0,8808;37,6256
0,3361;-0,0391;1,3838;1,4246;37,6908
0,1028;0,0522;-0,5286;0,5411;37,7450
0,1989;-0,0605;1,2860;1,3027;37,8049
0,1882;-0,0337;1,1881;1,2034;37,8656
0,1179;0,0076;1,1988;1,2047;37,9252
0,3517;-0,0068;1,6997;1,7357;37,9853
-0,5579;0,0439;-1,8246;1,9085;38,0488
-0,0051;-0,0076;0,9133;0,9133;38,1058
-0,0349;-0,0495;0,9897;0,9915;38,1649
0,0447;-0,0996;1,3765;1,3808;38,2265
0,2358;-0,1003;1,6404;1,6602;38,2849
0,3685;0,0098;0,6602;0,7562;38,3446
0,1999;-0,0278;1,5393;1,5525;38,4045
0,2067;-0,0334;1,1508;1,1697;38,4683
0,5059;-0,0498;1,7756;1,8469;38,5242
-0,1215;-0,0315;1,0397;1,0473;38,5866
0,3639;0,0403;2,0575;2,0898;38,6449
0,0825;-0,0098;0,7839;0,7883;38,7042
0,0466;-0,0356;0,9814;0,9831;38,7652
-0,1918;0,1333;-0,8284;0,8607;38,8247
0,2446;-0,1147;1,1849;1,2153;38,8855
0,1913;-0,0766;2,1385;2,1484;38,9466
0,1594;-0,0603;1,1022;1,1153;39,0048
0,1172;-0,0132;1,0368;1,0435;39,0660
0,3475;0,0088;2,3882;2,4133;39,1244
0,2211;-0,0164;0,1662;0,2771;39,1850
0,8816;-0,0705;0,4073;0,9737;39,2450
-0,0630;-0,0466;0,9970;1,0001;39,3042
0,1064;-0,0083;0,9462;0,9522;39,3639
0,0200;0,0356;0,1953;0,1995;39,4246
0,4156;-0,0517;2,5910;2,6246;39,4861
-0,3759;-0,1408;-1,2286;1,2925;39,5447
0,0979;-0,0456;1,2787;1,2832;39,6041
0,0661;-0,0405;1,2294;1,2318;39,6673
-0,0225;-0,0854;1,1774;1,1807;39,7244
-0,0398;0,0122;1,4720;1,4725;39,7872
0,1345;0,0373;1,1073;1,1161;39,8439
-0,0168;-0,0398;0,9069;0,9080;39,9039
0,1254;-0,0329;0,9775;0,9860;39,9645
0,1342;-0,0801;1,4793;1,4875;40,0294
0,1911;0,0010;0,9209;0,9405;40,0843
-0,0547;-0,0442;1,2008;1,2029;40,1444
0,2819;-0,0156;1,0302;1,0682;40,2045
0,0381;-0,0447;1,1332;1,1347;40,2664
0,0964;-0,0452;1,2301;1,2347;40,3278
-0,9682;0,1618;-0,6905;1,2001;40,3838
0,0420;-0,0249;0,8352;0,8366;40,4461
0,0705;-0,0286;0,8652;0,8685;40,5045
0,0268;0,0149;-0,4442;0,4453;40,5666
0,0693;-0,0024;1,1561;1,1582;40,6269
-0,3654;0,0678;2,5964;2,6228;40,6843
0,5413;-0,1147;1,2704;1,3856;40,7443
0,1684;-0,0281;1,0126;1,0269;40,8053
1,0361;-0,1150;3,2946;3,4556;40,8641
-0,4718;-0,0127;0,5096;0,6946;40,9244
0,0244;0,0225;1,0263;1,0268;40,9847
-0,0542;-0,0300;0,6304;0,6335;41,0487
0,0686;-0,0220;0,9597;0,9624;41,1046
0,0098;0,0493;-0,8227;0,8243;41,1644
0,2306;0,1028;-0,0596;0,2594;41,2243
0,2741;-0,0637;2,1265;2,1451;41,2834
0,2045;-0,0578;1,1227;1,1426;41,3436
0,1652;-0,0124;1,0239;1,0372;41,4047
0,4630;-0,1089;2,2085;2,2592;41,4647
0,8249;-0,1303;1,2723;1,5219;41,5291
0,6353;0,0193;0,2956;0,7010;41,5839
-0,0083;-0,0288;0,9777;0,9782;41,6438
0,1972;0,0100;0,8310;0,8542;41,7051
0,3759;-0,1337;0,6558;0,7676;41,7679
0,0649;-0,0837;1,0356;1,0410;41,8234
1,4803;-0,2448;4,7534;4,9846;41,8839
0,1823;-0,0425;1,0055;1,0228;41,9450
0,1962;0,0081;1,0419;1,0603;42,0048
-0,0227;0,0886;1,5349;1,5376;42,0629
0,3661;-0,0432;1,2313;1,2853;42,1243
0,0798;-0,0583;0,2265;0,2471;42,1848
-0,0508;-0,0464;0,9047;0,9074;42,2433
0,1137;-0,0439;0,9553;0,9630;42,3033
0,3388;-0,1071;1,3082;1,3556;42,3672
0,6475;-0,0591;0,8759;1,0909;42,4243
0,2055;-0,0005;1,1866;1,2043;42,4861
0,1784;-0,0093;1,1369;1,1508;42,5437
0,6272;-0,0056;2,2937;2,3779;42,6048
0,2055;0,0386;2,0113;2,0222;42,6646
-0,2309;0,0359;-0,3883;0,4532;42,7252
0,0776;0,0359;0,7400;0,7449;42,7873
0,0124;-0,0539;1,0265;1,0280;42,8468
0,2004;-0,0161;0,9663;0,9869;42,9055
0,5057;-0,2265;2,8961;2,9486;42,9642
0,4010;0,0813;1,6406;1,6909;43,0250
0,2497;-0,0154;1,1034;1,1314;43,0861
0,3449;-0,0066;1,1095;1,1619;43,1479
0,0966;-0,0039;1,1249;1,1290;43,2046
0,5072;0,0935;1,9530;2,0199;43,2657
0,0715;-0,0115;0,1152;0,1361;43,3243
0,0088;0,0054;0,7817;0,7818;43,3844
0,0095;-0,0278;0,9958;0,9962;43,4446
0,3515;0,0207;1,1037;1,1585;43,5101
0,1552;0,0085;1,0456;1,0571;43,5656
0,0888;-0,0132;1,0239;1,0278;43,6249
0,0696;-0,0432;1,0717;1,0748;43,6843
0,0593;-0,0481;1,1273;1,1299;43,7468
0,1042;-0,0164;1,0075;1,0130;43,8045
0,2097;-0,0041;0,8718;0,8967;43,8654
-0,3319;-0,0088;-0,0132;0,3323;43,9255
-1,0138;-0,0554;-1,1305;1,5195;43,9856
0,0520;-0,0090;1,1425;1,1437;44,0450
0,2721;0,0146;1,2718;1,3007;44,1048
0,0713;0,1435;1,2020;1,2127;44,1836
0,0054;0,1030;2,1363;2,1388;44,2246
0,0232;0,0129;0,6351;0,6356;44,2846
0,0391;-0,0383;1,0148;1,0163;44,3470
0,1186;-0,0696;0,9938;1,0033;44,4041
0,2197;-0,0439;0,9919;1,0169;44,4642
0,0217;0,0107;0,4405;0,4412;44,5246
0,1852;-0,0115;0,4752;0,5102;44,5891
-0,0212;-0,0344;1,0363;1,0371;44,6440
0,1191;-0,0249;1,2813;1,2871;44,7043
-0,3471;-0,0037;0,2131;0,4073;44,7673
-0,2167;0,1369;-0,4227;0,4944;44,8269
0,1032;0,0273;0,8000;0,8071;44,8841
0,0542;-0,0464;1,0141;1,0166;44,9476
0,1757;-0,0698;0,9994;1,0172;45,0042
0,1345;-0,0290;0,6700;0,6839;45,0647
0,3358;0,1135;-0,5360;0,6426;45,1241
0,2882;-0,0461;1,0444;1,0844;45,1841
0,2101;-0,0383;1,0934;1,1141;45,2506
0,1469;-0,0039;1,4532;1,4606;45,3042
-0,0271;-0,0469;1,3121;1,3132;45,3636
-0,1352;-0,0984;0,2585;0,3078;45,4253
0,0603;0,0173;0,7751;0,7777;45,4843
0,0281;-0,0159;0,9416;0,9422;45,5441
0,2040;-0,0068;0,8864;0,9096;45,6051
0,2050;0,0344;0,7007;0,7309;45,6658
0,7022;0,0259;1,9906;2,1110;45,7231
0,3026;-0,0132;1,0983;1,1393;45,7903
0,1052;-0,0249;1,0949;1,1002;45,8439
0,1223;0,0627;1,1408;1,1490;45,9056
-0,0803;-0,0242;1,4568;1,4592;45,9637
0,1096;0,1408;0,5460;0,5744;46,0241
0,0142;0,0142;0,8306;0,8308;46,0926
0,0078;-0,0271;0,9919;0,9923;46,1447
0,1640;-0,0151;0,9218;0,9364;46,2047
0,2294;-0,0398;2,6625;2,6727;46,2636
0,9904;-0,2873;4,2211;4,3452;46,3268
0,5718;-0,1369;1,2386;1,3711;46,3843
0,1699;-0,0271;0,9611;0,9764;46,4440
-0,6189;0,0093;0,8745;1,0714;46,5039
-0,0171;-0,0583;1,2811;1,2825;46,5637
-0,0649;-0,1211;1,1669;1,1749;46,6251
0,0925;0,0093;0,6612;0,6677;46,6842
-0,0176;-0,0227;0,9792;0,9796;46,7435
0,2001;-0,0090;0,9658;0,9863;46,8036
0,6519;-0,1347;1,3411;1,4973;46,8635
-0,9763;-0,0986;2,0396;2,2634;46,9237
0,0508;-0,0732;1,0192;1,0231;46,9859
0,1665;-0,0605;1,1056;1,1197;47,0432
0,0059;-0,0266;1,1617;1,1621;47,1034
-0,0161;-0,0132;1,7138;1,7139;47,1651
-0,1728;0,1386;2,1143;2,1259;47,2233
0,1601;0,0598;0,6460;0,6683;47,2837
0,0454;-0,0132;0,9658;0,9669;47,3461
0,1799;-0,0332;0,9582;0,9755;47,4036
-0,1906;-0,0046;0,3402;0,3900;47,4640
0,4435;-0,0998;-0,8140;0,9323;47,5296
0,2031;-0,0793;1,4202;1,4368;47,5837
0,1765;-0,0459;1,0512;1,0669;47,6440
0,0942;-0,0510;1,1124;1,1176;47,7031
-0,1252;-0,0600;1,7387;1,7443;47,7637
-0,3663;0,0932;-0,0168;0,3784;47,8249
0,0110;-0,0654;0,6949;0,6980;47,8842
-0,0222;-0,0041;0,9128;0,9131;47,9464
0,0515;-0,0535;0,9394;0,9423;48,0031
0,0840;-0,3207;2,7404;2,7603;48,0631
0,0654;-0,2829;1,6843;1,7091;48,1246
0,0866;-0,0722;1,2562;1,2613;48,1922
0,0940;-0,0810;1,0788;1,0859;48,2429
-0,0515;-0,0637;1,0548;1,0580;48,3052
-0,1799;-0,0464;1,2635;1,2771;48,3634
0,1689;0,1174;1,8305;1,8420;48,4245
0,0559;0,0376;0,5550;0,5591;48,4827
-0,0862;-0,0329;0,9462;0,9507;48,5441
0,0844;-0,0303;0,9228;0,9272;48,6069
0,2031;-0,0268;0,2575;0,3290;48,6631
0,3078;-0,1174;1,3404;1,3803;48,7232
0,0142;-0,1413;1,6304;1,6365;48,7987
0,0857;-0,0620;1,1430;1,1478;48,8495
-0,0364;-0,0364;1,1600;1,1612;48,9037
-0,0908;-0,0283;1,1840;1,1878;48,9643
0,0166;-0,0041;0,8325;0,8327;49,0238
0,0710;0,0434;0,6604;0,6657;49,0854
-0,0222;-0,0383;1,0214;1,0224;49,1456
0,1071;-0,0105;0,9584;0,9645;49,2037
-0,1728;-0,0678;0,6668;0,6921;49,2631
0,1669;0,0071;0,1272;0,2100;49,3244
0,1181;-0,1071;1,3333;1,3428;49,3832
0,1528;-0,0637;1,1122;1,1245;49,4436
-0,0232;-0,0317;1,2211;1,2217;49,5035
0,0203;-0,0722;0,9926;0,9954;49,5651
-0,5279;0,0425;1,2264;1,3359;49,6227
0,2194;0,0398;0,6687;0,7049;49,6827
-0,0425;-0,0234;0,9714;0,9726;49,7433
0,0971;-0,0278;0,9633;0,9686;49,8029
0,0093;-0,0217;0,8745;0,8748;49,8629
0,1772;-0,0112;1,0644;1,0791;49,9242
0,3978;-0,2026;2,1937;2,2386;49,9833
0,1542;-0,0783;1,2059;1,2183;50,0432
0,0801;-0,0627;1,1290;1,1336;50,1038
-0,1067;-0,0281;1,0158;1,0218;50,1658
-0,7783;0,0276;-1,5976;1,7774;50,2229
-0,0654;-0,0259;0,6353;0,6392;50,2825
-0,0076;0,0005;0,9438;0,9438;50,3453
0,0830;-0,0127;0,9819;0,9855;50,4033
0,1623;0,1240;-0,8271;0,8520;50,4623
0,1547;0,0251;0,7542;0,7703;50,5227
0,0974;-0,0796;1,7792;1,7837;50,5833
0,1643;-0,0844;1,2213;1,2352;50,6466
0,0320;-0,0361;1,1083;1,1093;50,7025
0,2055;-0,1596;2,0811;2,0973;50,7627
0,7856;-0,2904;2,6330;2,7630;50,8263
0,2280;-0,0249;0,7810;0,8140;50,8838
-0,0456;-0,0061;0,9250;0,9262;50,9430
0,1206;-0,0007;0,9038;0,9118;51,0029
-0,0844;-0,0627;1,1637;1,1684;51,0627
0,2284;0,0039;0,8757;0,9050;51,1235
0,2106;-0,0183;1,3302;1,3469;51,1827
0,1225;-0,0625;1,2013;1,2091;51,2423
0,0444;-0,0249;1,3238;1,3248;51,3028
-0,0332;-0,0764;0,1711;0,1903;51,3656
-0,1450;0,0544;0,6631;0,6810;51,4224
-0,0730;0,0085;0,8042;0,8075;51,4829
0,0388;-0,0166;0,9943;0,9952;51,5455
0,1413;-0,0190;0,8266;0,8389;51,6045
-0,0400;-0,0312;0,4771;0,4798;51,6655
-1,1837;0,1062;-0,1245;1,1950;51,7258
0,0554;-0,0574;1,1608;1,1635;51,7829
0,2016;-0,0510;1,1461;1,1648;51,8425
0,0271;-0,0342;1,0851;1,0860;51,9053
-0,1047;-0,0627;1,1054;1,1121;51,9632
-0,1840;0,0952;-0,7180;0,7473;52,0246
-0,0308;-0,0283;0,9904;0,9913;52,0850
-0,0005;-0,0110;0,9406;0,9407;52,1443
0,1298;-0,0129;0,9084;0,9177;52,2032
-0,0888;-0,0020;0,4691;0,4774;52,2625
-1,5347;0,1162;1,0339;1,8541;52,3224
0,0481;-0,0674;1,2023;1,2051;52,3820
0,1352;-0,0713;1,0702;1,0811;52,4434
0,1186;-0,0730;1,4951;1,5016;52,5018
0,0688;-0,0808;1,1842;1,1889;52,5623
-0,1132;0,0617;-1,5498;1,5552;52,6262
-0,0559;-0,0010;0,8083;0,8103;52,6842
-0,0283;-0,0510;1,0026;1,0043;52,7426
0,1396;-0,0249;0,5613;0,5790;52,8056
-0,2011;-0,0708;-0,4027;0,4557;52,8667
-0,1630;-0,0674;-2,8770;2,8824;52,9228
0,1218;-0,0083;1,1452;1,1516;52,9870
0,1804;-0,0510;1,1588;1,1739;53,0452
0,1286;-0,0805;1,2350;1,2443;53,1031
0,1191;-0,1901;1,1769;1,1981;53,1682
-0,0381;-0,2438;0,7222;0,7632;53,2225
0,0720;0,0039;0,6953;0,6991;53,2855
0,0261;0,0073;0,9704;0,9708;53,3418
0,0588;-0,0910;1,0944;1,0997;53,4032
-0,4073;0,0408;-0,0583;0,4135;53,4663
-0,2150;-0,1242;1,9257;1,9416;53,5224
-0,0329;-0,0698;1,1095;1,1122;53,5824
0,1555;-0,0495;1,0534;1,0659;53,6441
0,0061;-0,0510;1,1234;1,1246;53,7023
0,1840;-0,1460;1,0146;1,0414;53,7637
-0,2775;-0,0686;0,0759;0,2958;53,8220
-0,0522;0,0088;0,9157;0,9173;53,8824
-0,0556;-0,0481;0,9655;0,9683;53,9420
0,1362;-0,0249;1,0234;1,0327;54,0021
-0,0276;-0,0876;0,4728;0,4816;54,0621
-0,0410;-0,0178;-0,3649;0,3676;54,1224
0,0515;-0,0459;1,0007;1,0030;54,1927
0,2031;-0,0561;1,0783;1,0987;54,2419
0,3051;-0,0359;1,4310;1,4636;54,3019
-0,1460;-0,1047;1,0697;1,0847;54,3620
-0,3075;-0,0564;0,3419;0,4633;54,4267
0,0410;0,0181;0,7549;0,7562;54,4817
-0,0461;-0,0220;0,9392;0,9405;54,5441
0,1594;-0,0251;0,8425;0,8578;54,6015
0,4305;-0,1059;3,0574;3,0894;54,6620
0,1264;-0,0654;1,6816;1,6876;54,7221
0,1904;-0,0859;1,1315;1,1506;54,7816
0,1347;-0,0461;0,9763;0,9866;54,8443
0,0600;0,0207;1,0785;1,0804;54,9016
0,1406;-0,1179;1,0282;1,0445;54,9622
0,0127;-0,0932;1,1005;1,1045;55,0229
0,0830;-0,0671;1,0937;1,0988;55,0830
0,2231;-0,2941;1,9103;1,9456;55,1431
-0,3451;-0,0698;0,8264;0,8983;55,2015
1,9403;-0,1369;1,2003;2,2857;55,2614
-0,2853;-0,5301;0,3166;0,6802;55,3226
-0,0515;-0,0471;0,4530;0,4583;55,3821
0,0293;-0,2172;3,1423;3,1500;55,4420
0,6968;-0,0317;1,1947;1,3834;55,5101
0,2563;0,0693;0,7542;0,7995;55,5621
0,0312;0,0859;0,9946;0,9988;55,6230
0,1337;-0,0332;1,1657;1,1738;55,6813
0,1057;-0,0620;1,1076;1,1143;55,7438
0,0671;-0,0615;1,0851;1,0889;55,8014
0,0779;-0,1025;1,3255;1,3318;55,8653
0,2175;0,0410;1,0544;1,0773;55,9228
0,1669;-0,0537;1,6167;1,6262;55,9816
-0,0491;-0,0159;0,5936;0,5958;56,0415
0,1462;-0,0452;0,9665;0,9785;56,1049
-0,0100;-0,0388;-0,6775;0,6787;56,1612
0,1311;0,0588;0,7417;0,7555;56,2236
0,1491;0,0085;1,2811;1,2898;56,2818
0,1684;-0,0132;0,9921;1,0064;56,3448
-0,0093;0,0032;1,2528;1,2528;56,4018
0,5006;-0,0918;1,0426;1,1602;56,4615
0,0178;-0,0342;0,6919;0,6930;56,5224
0,0737;-0,0437;0,9882;0,9919;56,5819
0,0857;-0,0637;0,8613;0,8679;56,6414
0,1923;-0,0247;0,8081;0,8310;56,7026
0,2104;-0,0251;1,5933;1,6073;56,7614
0,2092;-0,0088;1,0858;1,1058;56,8207
0,1123;0,0122;1,0177;1,0240;56,8819
-0,0405;-0,0486;0,9602;0,9622;56,9411
-0,4879;0,0185;0,6065;0,7786;57,0122
-0,1870;0,0117;0,5235;0,5560;57,0609
-0,0893;-0,0432;0,9194;0,9247;57,1215
0,0766;-0,0581;1,0361;1,0405;57,1886
-0,1123;0,1045;0,4269;0,4536;57,2414
0,3715;-0,2170;-2,4126;2,4506;57,3033
0,0200;0,0139;1,2457;1,2459;57,3617
0,2140;-0,0278;1,0836;1,1049;57,4241
0,1225;-0,0005;1,0334;1,0406;57,4807
0,1062;-0,0935;0,8962;0,9073;57,5429
-0,1132;-0,0188;1,4314;1,4360;57,6013
0,1281;-0,0234;0,8694;0,8791;57,6612
0,0300;-0,0410;0,9592;0,9605;57,7234
0,1884;-0,0020;0,8928;0,9125;57,7812
0,1560;0,0615;0,8967;0,9122;57,8411
0,5672;0,0090;0,3305;0,6565;57,9066
0,3483;0,0085;1,2994;1,3453;57,9628
0,1872;-0,0342;1,0507;1,0678;58,0221
0,9492;-0,1291;2,6681;2,8349;58,0841
0,1843;-0,0840;1,4876;1,5013;58,1408
-0,3380;-0,0969;-1,6245;1,6621;58,2023
0,0420;-0,0120;0,8220;0,8232;58,2608
0,0720;-0,0361;0,9885;0,9917;58,3209
-0,2604;-0,0625;-0,1782;0,3217;58,3806
0,1423;0,1186;0,9933;1,0105;58,4410
0,7122;0,2643;2,3606;2,4798;58,5027
0,3100;-0,0566;1,3467;1,3831;58,5607
0,2087;-0,0166;1,0073;1,0288;58,6217
0,1162;-0,0669;1,1515;1,1593;58,6813
1,2081;-0,3873;2,5134;2,8154;58,7417
0,0820;-0,0388;0,5408;0,5484;58,8011
0,0574;-0,0142;0,9479;0,9498;58,8633
0,1633;-0,0220;0,9418;0,9561;58,9205
0,4681;-0,0561;0,4969;0,6850;58,9828
-0,3105;-0,0574;-1,0753;1,1207;59,0412
0,1147;-0,0039;1,0595;1,0657;59,1017
0,2873;0,0085;1,0121;1,0521;59,1616
0,1223;-0,0085;1,0741;1,0811;59,2217
0,4532;0,0198;1,2438;1,3239;59,2802
0,8928;-0,1313;3,0940;3,2229;59,3409
0,0029;-0,1096;1,2098;1,2148;59,4028
0,0578;-0,0273;0,9282;0,9304;59,4623
0,1892;-0,0178;0,9416;0,9606;59,5241
-0,1992;-0,1023;1,1295;1,1515;59,5839
0,1542;-0,0542;1,8427;1,8499;59,6414
0,3051;-0,0124;1,1388;1,1790;59,7031
0,1423;0,0308;1,0592;1,0692;59,7600
0,3466;0,0444;1,2896;1,3361;59,8206
-0,5728;0,1110;0,3148;0,6630;59,8799
0,0505;-0,0447;0,8559;0,8586;59,9411
0,0818;-0,0295;0,8589;0,8633;60,0061
-1,3287;0,0137;0,0793;1,3311;60,0653
-1,1176;-0,0535;-0,6551;1,2965;60,1232
0,0100;-0,0383;1,1869;1,1875;60,1822
0,2463;-0,0303;1,0234;1,0530;60,2403
0,1511;-0,0068;1,1622;1,1720;60,3001
0,1662;0,0176;1,2206;1,2320;60,3612
0,4071;-0,1701;1,3043;1,3769;60,4227
0,1108;-0,0129;1,1376;1,1430;60,4822
0,0039;-0,0674;0,8425;0,8452;60,5405
0,1306;-0,0505;0,9260;0,9365;60,6001
0,0449;-0,0112;0,4852;0,4874;60,6642
-0,0783;-0,1625;-1,4434;1,4546;60,7206
0,2463;-0,0547;1,4085;1,4309;60,7808
0,2321;-0,0491;1,0236;1,0507;60,8395
0,1874;-0,0203;1,0270;1,0442;60,9051
0,3817;-0,0195;1,9264;1,9640;60,9601
0,2143;-0,1181;0,6829;0,7254;61,0198
-0,0591;-0,0395;0,5086;0,5136;61,0808
0,0622;-0,0417;0,8152;0,8186;61,1401
0,1665;-0,0386;0,9404;0,9558;61,1995
0,0730;-0,0530;0,8093;0,8143;61,2604
0,3361;-0,1740;-0,6475;0,7500;61,3202
0,0683;-0,0156;1,0380;1,0404;61,3792
0,2377;-0,0095;1,0795;1,1054;61,4396
-0,3634;0,0410;1,7307;1,7689;61,4999
0,5091;-0,0918;1,3958;1,4886;61,5604
0,4188;0,1203;0,6826;0,8099;61,6196
0,0537;-0,0417;0,9516;0,9540;61,6791
0,1513;-0,0586;0,9955;1,0087;61,7397
0,0098;-0,0681;0,8542;0,8570;61,8006
0,1516;-0,2153;-0,6538;0,7049;61,8597
0,2804;-0,0027;1,0729;1,1090;61,9223
0,2424;-0,0444;1,0763;1,1042;61,9797
0,1987;-0,0161;1,0607;1,0793;62,0399
-0,0059;-0,1137;1,2567;1,2618;62,0991
0,1940;-0,0813;0,1472;0,2567;62,1594
0,0813;0,0054;0,7166;0,7212;62,2194
0,0556;-0,0412;0,9982;1,0006;62,2804
0,1484;-0,0400;1,0248;1,0363;62,3400
0,3590;0,0286;1,2006;1,2534;62,3995
0,1877;0,0093;1,2186;1,2330;62,4590
0,2533;-0,0620;1,7499;1,7693;62,5228
0,3883;-0,0786;1,4166;1,4709;62,5802
0,2511;-0,0017;1,0300;1,0601;62,6396
0,6656;-0,1669;0,9843;1,1999;62,7000
-1,4400;-0,0700;0,2736;1,4674;62,7594
0,0046;0,0000;0,7576;0,7576;62,8193
0,0339;-0,0359;0,9916;0,9929;62,8810
0,0857;-0,0391;1,0585;1,0627;62,9393
0,1147;0,0339;1,1249;1,1312;62,9994
0,1996;0,0991;0,7507;0,7831;63,0607
0,1762;0,0786;0,3654;0,4132;63,1191
0,2172;0,0190;1,0536;1,0760;63,1813
0,4066;-0,0122;1,1259;1,1971;63,2392
0,5238;0,0164;1,2704;1,3742;63,2994
0,1628;-0,0657;1,0446;1,0592;63,3592
0,2604;-0,0132;1,3704;1,3950;63,4189
-0,8369;0,2336;-1,6936;1,9034;63,4799
0,1193;-0,0383;0,7532;0,7635;63,5392
0,0569;0,0037;0,8728;0,8746;63,5992
0,1748;0,0066;0,9902;1,0055;63,6643
0,6665;-0,1569;1,2442;1,4202;63,7208
0,0063;0,1745;-2,3091;2,3157;63,7797
0,1833;-0,0783;1,2289;1,2449;63,8395
0,3280;-0,0635;1,0692;1,1202;63,9034
0,1274;-0,0544;1,1227;1,1312;63,9603
0,1018;-0,0391;1,4100;1,4142;64,0202
-0,2814;-0,0908;0,8457;0,8959;64,0810
0,6753;0,2045;1,8834;2,0113;64,1393
0,0088;0,0100;0,7978;0,7980;64,1990
0,0093;-0,0439;0,9592;0,9602;64,2597
-0,0288;0,0808;0,1521;0,1746;64,3194
0,2572;-0,1215;1,3026;1,3333;64,3806
0,1381;-0,0471;1,3741;1,3818;64,4411
0,2851;-0,0740;1,1583;1,1952;64,4997
0,1623;-0,0361;1,0668;1,0797;64,5591
-0,0532;0,0320;1,2389;1,2404;64,6191
0,1496;0,1374;0,4818;0,5229;64,6814
-0,3241;0,0937;-1,0007;1,0560;64,7392
0,0037;-0,0063;0,8489;0,8489;64,7992
0,0857;-0,0473;0,9921;0,9969;64,8588
0,1606;-0,0139;0,1931;0,2515;64,9218
0,2458;-0,0063;0,4703;0,5307;64,9791
0,6373;-0,1748;2,5558;2,6399;65,0391
0,2597;-0,0898;1,1744;1,2062;65,0995
0,2284;-0,0454;0,9919;1,0189;65,1595
-1,7538;-0,3414;-0,5550;1,8710;65,2193
-0,6602;-0,2077;-0,0430;0,6934;65,2788
0,0564;-0,0539;0,7415;0,7456;65,3389
0,0356;-0,0486;0,8735;0,8756;65,3992
0,1340;-0,0510;0,9782;0,9887;65,4584
-0,4955;0,0761;0,1274;0,5172;65,5187
0,4283;-0,1181;1,9337;1,9841;65,5795
-0,2282;-0,0366;-0,5440;0,5911;65,6394
0,0366;-0,0193;1,0702;1,0710;65,6986
0,2926;-0,0354;1,0922;1,1313;65,7589
0,2280;0,0144;1,2584;1,2790;65,8190
0,2333;0,0398;1,0849;1,1104;65,8790
-0,1142;-0,0349;-1,3611;1,3664;65,9391
0,2106;0,0342;0,7366;0,7669;65,9983
0,0090;-0,0171;0,9911;0,9913;66,0591
0,1765;-0,0139;0,9558;0,9720;66,1188
0,0039;-0,0239;-0,0813;0,0848;66,1921
-0,5401;-0,0654;-0,6695;0,8627;66,2389
0,1377;-0,0566;1,1647;1,1741;66,2984
0,3070;-0,0478;1,1254;1,1675;66,3595
0,2482;-0,0122;1,2477;1,2722;66,4182
-0,2057;0,0183;1,8071;1,8188;66,4789
-0,0864;-0,0925;0,6826;0,6943;66,5404
0,0881;0,0251;0,6490;0,6554;66,5986
0,1113;0,0049;0,9816;0,9879;66,6593
-0,1686;0,1391;-1,8429;1,8559;66,7212
0,2223;-0,0525;1,4248;1,4430;66,7779
0,5477;-0,1557;2,9964;3,0500;66,8393
0,3605;-0,0642;1,2023;1,2568;66,8991
0,1621;-0,0371;1,0278;1,0411;66,9585
0,2560;-0,0693;1,7724;1,7921;67,0184
-0,0383;-0,0107;1,2667;1,2673;67,0786
-0,0852;-0,0744;0,7263;0,7351;67,1378
0,0317;-0,0229;0,8689;0,8698;67,1982
0,1564;-0,0220;0,9702;0,9829;67,2581
0,3610;-0,1945;1,8312;1,8766;67,3187
0,0759;0,1931;0,1838;0,2771;67,3786
0,2299;-0,0515;1,2931;1,3143;67,4379
0,2655;-0,0532;1,0893;1,1224;67,4988
0,1413;-0,0239;1,0341;1,0440;67,5581
-0,4505;0,0664;0,2565;0,5227;67,6178
-0,1711;0,1528;0,0596;0,2370;67,6789
0,0754;0,0432;1,0234;1,0270;67,7380
0,0791;0,0234;0,7466;0,7511;67,7993
0,0908;-0,0193;0,9838;0,9882;67,8578
-0,0918;0,1589;-0,3388;0,3853;67,9178
0,2411;-0,1301;0,1189;0,2987;67,9784
0,3349;-0,0271;1,6335;1,6677;68,0401
0,3195;-0,0478;1,0998;1,1462;68,0979
0,1567;-0,0410;1,0534;1,0658;68,1580
0,4405;-0,1276;1,1920;1,2772;68,2201
0,9209;-0,1935;2,1705;2,3657;68,2787
0,2216;-0,0171;0,8357;0,8647;68,3381
0,0398;-0,0195;0,8432;0,8444;68,3980
0,2075;-0,0227;0,9714;0,9935;68,4625
0,3893;-0,2216;1,3255;1,3992;68,5190
-0,4191;-0,0849;-0,1977;0,4711;68,5791
0,0369;-0,0449;1,1286;1,1300;68,6391
0,2975;-0,0434;1,0251;1,0683;68,6984
0,0637;-0,0478;1,0651;1,0681;68,7584
0,2175;-0,1640;1,8683;1,8881;68,8212
-2,0853;0,0244;-0,1874;2,0938;68,8786
-0,0715;-0,0713;0,8306;0,8367;68,9392
0,0825;-0,0310;0,8864;0,8908;68,9983
0,2150;-0,0317;0,8701;0,8968;69,0588
0,5240;-0,1623;0,7176;0,9032;69,1205
-0,7315;0,2851;-1,0029;1,2736;69,1777
0,1367;-0,0581;1,1539;1,1635;69,2385
0,3024;-0,0376;1,0341;1,0781;69,2987
0,1525;-0,0276;1,0802;1,0913;69,3578
0,6983;-0,1628;1,8908;2,0221;69,4197
0,7671;-0,1272;1,6421;1,8169;69,4908
-0,0210;-0,0217;0,6119;0,6126;69,5379
0,0251;-0,0176;0,9392;0,9397;69,6006
0,1562;0,0176;0,7847;0,8003;69,6575
0,2355;0,0178;0,9155;0,9455;69,7185
0,3190;-0,1181;1,3209;1,3640;69,7778
0,4249;-0,0896;1,2208;1,2957;69,8377
0,2658;-0,0542;1,0324;1,0674;69,8990
0,4569;-0,0205;1,9838;2,0358;69,9575
-0,0515;-0,0476;0,6377;0,6416;70,0179
0,6219;-0,2829;3,2141;3,2859;70,0784
0,1028;-0,0244;0,6524;0,6609;70,1376
0,0718;0,0156;0,9223;0,9252;70,2010
0,1682;-0,0012;0,9165;0,9318;70,2579
0,2321;-0,1979;1,9037;1,9280;70,3252
0,3187;-0,0508;-1,4183;1,4545;70,3799
0,1982;-0,0581;1,3485;1,3642;70,4393
0,2414;-0,0434;1,0976;1,1246;70,4974
0,2126;-0,0029;1,3565;1,3731;70,5580
-0,1611;0,0242;0,4691;0,4966;70,6182
-0,2128;0,1953;-1,0282;1,0680;70,6774
0,0700;0,0098;0,8432;0,8462;70,7379
0,0642;-0,0132;0,8955;0,8979;70,7998
-0,3746;0,0298;0,9194;0,9932;70,8587
0,1455;-0,0373;0,6292;0,6469;70,9190
0,4908;-0,0017;2,2959;2,3478;70,9786
0,2692;-0,0649;1,2953;1,3245;71,0441
0,1611;-0,0361;1,0561;1,0689;71,0990
0,9257;-0,1032;2,9800;3,1222;71,1587
-0,0779;-0,0373;0,2116;0,2285;71,2189
-1,0858;0,2133;-5,4893;5,5997;71,2781
0,0317;-0,0083;0,7261;0,7268;71,3381
0,0666;-0,0151;0,9794;0,9818;71,4030
0,2411;0,0161;-0,0329;0,2439;71,4578
-0,6238;0,0266;-1,0546;1,2256;71,5181
-0,8125;0,1403;0,5094;0,9692;71,5810
0,1045;-0,0549;1,1622;1,1682;71,6406
0,2677;-0,0574;1,1598;1,1917;71,6985
0,5965;-0,0373;1,9000;1,9918;71,7574
0,2053;-0,0112;1,8151;1,8267;71,8173
-0,2792;-0,1345;-4,1972;4,2086;71,8777
0,0805;0,0303;0,8628;0,8670;71,9374
0,0986;-0,0073;0,9750;0,9800;71,9973
0,2353;-0,1247;1,4234;1,4481;72,0578
0,3956;-0,0661;1,1881;1,2540;72,1189
0,2182;-0,0247;1,3831;1,4004;72,1791
0,2441;-0,0620;1,0841;1,1130;72,2385
0,1418;-0,0283;1,0314;1,0415;72,2979
-0,1689;0,0046;0,5518;0,5771;72,3581
0,2116;-0,1787;0,9440;0,9838;72,4189
-0,6848;-0,0908;0,3876;0,7921;72,4782
0,0622;-0,0078;0,7813;0,7838;72,5384
0,1042;-0,0107;0,9645;0,9702;72,5981
0,5621;-0,1957;1,3258;1,4532;72,6575
0,4693;0,0120;1,0431;1,1439;72,7195
0,1740;-0,0259;1,2140;1,2267;72,7780
0,1877;-0,0569;1,1466;1,1633;72,8384
0,4232;-0,0610;1,7421;1,7938;72,8985
0,1176;-0,0740;1,9000;1,9051;72,9608
-0,9255;0,2907;-1,4912;1,7790;73,0197
0,0461;-0,0156;0,6941;0,6958;73,0779
0,0815;-0,0068;0,9401;0,9437;73,1377
-0,0635;-0,0017;0,4039;0,4089;73,1974
-0,4281;-0,0156;-0,9821;1,0715;73,2580
-1,4805;0,2736;-3,7659;4,0557;73,3181
-0,0644;0,0273;0,9789;0,9814;73,3773
0,3334;-0,0339;1,0407;1,0933;73,4378
0,6695;-0,0596;1,9457;2,0585;73,4971
0,0876;0,0081;1,0832;1,0867;73,5580
-0,6563;0,0881;-1,5603;1,6950;73,6174
0,0801;-0,0137;0,8696;0,8734;73,6774
0,0339;-0,0039;0,9331;0,9337;73,7387
0,1186;-0,0181;0,9702;0,9775;73,7980
0,4471;-0,0024;0,0012;0,4471;73,8577
-0,4252;0,0876;-1,2845;1,3559;73,9185
0,0225;-0,0808;1,3414;1,3440;73,9781
0,2736;-0,0178;1,0612;1,0960;74,0378
0,0744;-0,0290;1,0609;1,0640;74,0976
0,0613;-0,0625;1,0512;1,0548;74,1574
0,2177;-0,1047;1,7841;1,8004;74,2177
0,0586;0,0054;0,7861;0,7883;74,2774
0,0303;-0,0124;0,9328;0,9334;74,3375
0,1511;0,0073;0,8003;0,8145;74,3974
0,1193;0,1574;0,6983;0,7257;74,4578
0,2943;0,0200;1,0588;1,0991;74,5185
0,2619;-0,0488;1,3804;1,4059;74,5779
0,2741;-0,0583;1,0348;1,0721;74,6372
0,1135;-0,0290;1,1083;1,1145;74,6972
0,1215;-0,1311;1,2874;1,2998;74,7574
-0,3065;-0,0400;1,6028;1,6323;74,8172
-0,1308;0,0891;2,7133;2,7179;74,8784
0,0698;0,0447;0,8725;0,8765;74,9373
0,0698;-0,0083;0,9582;0,9608;74,9972
-0,0083;0,0117;0,7507;0,7509;75,0577
0,0981;-0,0493;0,8838;0,8906;75,1171
0,4486;0,0259;1,4868;1,5533;75,1774
0,2863;-0,0115;1,1652;1,1999;75,2371
0,2323;-0,0005;1,0163;1,0425;75,2970
-0,1350;-0,0354;1,4824;1,4890;75,3591
-0,3392;0,1091;0,3612;0,5074;75,4173
-0,2253;0,2548;-0,3390;0,4802;75,4777
0,0412;-0,0334;0,7954;0,7972;75,5385
0,0820;-0,0515;0,9709;0,9757;75,5970
-0,7759;-0,0349;0,2690;0,8219;75,6574
0,1452;-0,0034;0,6519;0,6679;75,7212
0,3576;0,1521;1,3965;1,4496;75,7787
0,2431;-0,0513;1,2396;1,2643;75,8385
0,2582;-0,0364;1,0407;1,0729;75,8977
0,1235;-0,0351;1,1010;1,1084;75,9587
-0,1726;-0,0632;0,9658;0,9831;76,0188
0,0051;0,0632;0,9004;0,9026;76,0775
0,0593;-0,0066;0,6870;0,6896;76,1379
0,0578;0,0054;0,8767;0,8786;76,2089
-0,1528;0,1828;-1,6692;1,6861;76,2621
0,0705;-0,0434;0,9343;0,9379;76,3204
0,4693;0,3068;1,5998;1,6953;76,3774
0,2902;-0,0107;1,2560;1,2891;76,4370
0,1584;-0,0178;1,0548;1,0668;76,5012
0,4056;-0,0264;1,6382;1,6878;76,5577
0,1628;-0,1008;2,1092;2,1179;76,6172
-0,5282;0,0525;-1,5325;1,6218;76,6776
-0,0066;-0,0320;0,6038;0,6047;76,7458
0,0764;0,0249;0,9204;0,9239;76,7974
0,1809;0,0254;0,7717;0,7930;76,8594
-0,5675;0,0193;-1,0158;1,1637;76,9174
0,0361;-0,0408;0,9699;0,9714;76,9775
0,1125;-0,0061;0,9113;0,9183;77,0368
0,1643;-0,0002;1,1185;1,1305;77,0966
-0,4544;0,0139;0,6636;0,8044;77,1579
0,2582;-0,0581;1,1537;1,1837;77,2215
0,1874;0,0237;0,9077;0,9271;77,2809
-0,1218;-0,0588;0,9911;1,0003;77,3375
0,0710;-0,0583;0,9333;0,9378;77,3980
0,1567;0,0513;0,6111;0,6330;77,4569
0,3551;-0,1103;1,3155;1,3671;77,5174
0,2677;-0,0383;2,1356;2,1526;77,5766
0,1557;-0,0020;1,0478;1,0593;77,6371
0,1582;-0,0327;1,1076;1,1193;77,6995
-0,3083;-0,0144;1,1434;1,1844;77,7573
-0,1579;-0,1264;1,0502;1,0695;77,8169
-0,9323;0,1984;-2,5051;2,6803;77,8775
0,0317;-0,0090;0,7178;0,7186;77,9385
0,0212;-0,0300;0,8957;0,8965;77,9985
0,1884;-0,0210;0,9760;0,9943;78,0585
-0,0927;0,0095;0,9440;0,9486;78,1172
-1,1830;0,0229;2,1697;2,4714;78,1765
0,1538;-0,0471;1,2140;1,2246;78,2374
0,2646;-0,0247;1,1342;1,1649;78,2987
0,1926;-0,0361;1,4429;1,4562;78,3601
0,5103;-0,2094;2,4223;2,4844;78,4181
0,1452;0,0678;0,4613;0,4883;78,4775
0,0215;-0,0217;0,9753;0,9758;78,5373
0,1416;0,0520;0,8423;0,8557;78,5982
0,0293;0,0600;-0,1303;0,1465;78,6565
0,3861;0,0137;1,4734;1,5232;78,7170
0,2799;-0,2014;0,7432;0,8193;78,7778
0,1577;-0,0249;0,8813;0,8957;78,8416
0,1928;-0,0715;1,0590;1,0788;78,8985
0,0788;-0,0610;1,3228;1,3266;78,9572
-0,3361;-0,1533;0,3683;0,5216;79,0165
0,2970;0,0010;1,7973;1,8217;79,0771
0,1367;0,0469;0,7712;0,7847;79,1372
0,0154;-0,0439;0,9587;0,9598;79,2081
-0,2795;0,1630;-0,9955;1,0468;79,2616
0,1477;-0,0212;0,2682;0,3069;79,3171
0,2275;-0,1240;1,6823;1,7022;79,3812
0,2529;-0,0298;1,0873;1,1167;79,4368
0,2092;0,0081;1,1552;1,1740;79,4967
0,1040;0,0041;1,0570;1,0622;79,5569
0,2856;-0,1464;1,5122;1,5459;79,6174
0,0598;0,0344;0,7981;0,8011;79,6768
0,0083;-0,0410;0,9575;0,9584;79,7381
0,1972;-0,0205;0,9411;0,9618;79,7977
0,4435;-0,0249;1,5027;1,5670;79,8572
-0,2101;-0,0332;0,1259;0,2472;79,9180
0,2311;0,0176;1,0361;1,0617;79,9803
0,1508;-0,0415;1,1015;1,1125;80,0378
0,0696;-0,0332;1,0373;1,0401;80,1004
0,1660;-0,1081;1,5088;1,5218;80,1604
-0,0222;-0,0942;1,4456;1,4488;80,2178
-0,1225;-0,0930;0,8186;0,8329;80,2781
0,0056;0,0012;0,7510;0,7510;80,3375
0,1110;0,0122;0,9865;0,9928;80,3992
-0,4830;0,0505;0,4344;0,6516;80,4573
-0,1037;0,0193;0,4098;0,4231;80,5185
0,3749;0,1506;1,7148;1,7617;80,5807
0,2424;-0,0427;1,2965;1,3196;80,6452
0,1708;-0,0085;1,1349;1,1477;80,6969
-0,1699;0,1303;1,4600;1,4756;80,7576
0,1101;0,1152;0,9416;0,9550;80,8192
-0,0835;0,0081;0,4296;0,4377;80,8778
-0,0486;-0,0720;1,0607;1,0643;80,9381
0,1967;-0,0361;0,9079;0,9297;80,9983
0,3871;-0,1252;1,3580;1,4176;81,0571
0,6499;0,0032;1,3233;1,4743;81,1172
0,2963;0,0405;1,4058;1,4373;81,1792
0,2536;-0,0349;1,1737;1,2013;81,2376
0,1874;-0,0288;1,1176;1,1335;81,3005
0,3578;0,0183;1,9830;2,0151;81,3570
-0,2982;-0,0332;0,9914;1,0358;81,4204
0,0649;0,0144;0,7603;0,7632;81,4779
0,0085;-0,0386;0,8864;0,8873;81,5378
0,1596;0,0378;0,4991;0,5254;81,5976
0,3993;-0,0481;2,2129;2,2492;81,6579
-0,7339;0,0720;-0,2860;0,7910;81,7241
0,2287;-0,0488;1,0221;1,0486;81,7780
0,2773;-0,0188;1,0797;1,1149;81,8387
0,1957;0,0439;1,0514;1,0704;81,8977
0,0959;-0,0061;1,3182;1,3217;81,9568
0,7957;-0,0405;0,5316;0,9577;82,0201
0,0454;0,0144;0,7085;0,7101;82,0797
0,0320;-0,0510;0,9897;0,9915;82,1376
-0,5733;0,1582;-1,0771;1,2303;82,2023
0,5130;0,0913;1,2935;1,3946;82,2579
0,5099;0,1296;2,0260;2,0932;82,3172
0,2482;-0,0417;1,0846;1,1134;82,3774
0,2314;-0,0188;1,1244;1,1481;82,4380
0,1860;-0,0432;0,9982;1,0163;82,4972
0,1970;-0,0598;1,1637;1,1818;82,5573
0,0908;0,0239;0,5225;0,5309;82,6176
0,3993;-0,0103;1,4968;1,5492;82,6771
0,1342;0,0139;0,7590;0,7709;82,7380
0,1257;0,0207;0,8662;0,8755;82,7971
0,4037;-0,0268;1,3126;1,3735;82,8573
-0,0161;-0,0244;-0,3146;0,3160;82,9219
0,3739;0,0864;1,1671;1,2286;82,9770
0,2326;-0,0432;1,1483;1,1724;83,0365
0,1335;-0,0530;0,9914;1,0017;83,0977
0,3864;0,0198;1,0583;1,1268;83,1580
0,4969;-0,1262;1,6760;1,7527;83,2174
0,2651;0,0088;0,3541;0,4424;83,2774
0,2336;0,0190;0,7605;0,7958;83,3366
0,0825;-0,0227;0,8745;0,8787;83,3984
-0,3761;-0,0273;0,4249;0,5681;83,4569
0,1308;-0,0552;1,3094;1,3171;83,5164
1,1991;0,0298;2,1358;2,4496;83,5769
0,2780;-0,0783;1,0922;1,1297;83,6374
0,2167;-0,0332;0,9982;1,0220;83,6989
0,1367;-0,0422;1,2037;1,2122;83,7567
-0,2626;0,2380;0,3798;0,5194;83,8170
0,3024;-0,1147;1,9552;1,9818;83,8787
0,1145;0,0212;0,6285;0,6392;83,9386
-0,0178;-0,0027;0,9587;0,9589;83,9969
0,1047;-0,0181;0,9365;0,9425;84,0577
-0,1032;-0,0229;0,1953;0,2221;84,1177
0,0234;0,2136;-1,2093;1,2283;84,1771
-0,1069;-0,0408;1,1730;1,1785;84,2372
0,1223;-0,0334;1,1112;1,1184;84,2965
-0,0210;-0,0012;1,1649;1,1651;84,3571
0,0132;-0,0073;1,4602;1,4603;84,4167
-0,1049;-0,0871;1,3763;1,3830;84,4762
0,1067;0,0434;0,6714;0,6812;84,5369
-0,1137;-0,0227;1,0231;1,0297;84,5959
0,1294;0,0020;0,9484;0,9572;84,6565
0,6839;-0,0925;0,6324;0,9360;84,7164
-0,0884;0,0754;0,9399;0,9470;84,7777
0,0844;-0,0137;1,1037;1,1070;84,8369
0,0696;-0,0366;0,9972;1,0003;84,8993
0,1525;-0,0229;1,6118;1,6192;84,9560
-0,0100;-0,0459;1,8324;1,8330;85,0163
0,4771;0,0503;3,4198;3,4533;85,0793
-0,0276;0,0171;0,7922;0,7929;85,1359
-0,0290;-0,0420;1,0092;1,0105;85,1970
-0,1401;0,0549;0,3124;0,3468;85,2563
-0,1352;0,0066;0,9531;0,9626;85,3166
0,1630;-0,0945;4,0881;4,0924;85,3770
0,2607;-0,0264;1,2516;1,2787;85,4364
0,1479;-0,0022;1,0583;1,0686;85,4991
-0,0503;0,0913;1,8881;1,8910;85,5574
0,7615;0,0430;2,1666;2,2969;85,6161
0,2087;-0,0493;0,3864;0,4419;85,6768
-0,0761;-0,0166;0,9594;0,9626;85,7364
0,0408;-0,0322;1,0080;1,0093;85,7962
-0,4069;-0,0239;1,5640;1,6162;85,8559
-0,1618;0,0491;1,1332;1,1457;85,9164
0,5296;0,0342;2,2127;2,2754;85,9791
0,2648;-0,0774;1,4702;1,4959;86,0361
0,1228;-0,0366;1,1610;1,1681;86,0968
0,0661;-0,0190;1,5554;1,5569;86,1616
-0,2221;0,2165;0,4645;0,5585;86,2253
-0,1828;-0,0686;0,6028;0,6337;86,2760
0,0439;0,0139;0,9143;0,9154;86,3364
0,1538;0,0083;0,9409;0,9534;86,3964
0,1035;-0,0605;0,6744;0,6849;86,4565
0,3124;-0,0061;1,0729;1,1175;86,5167
0,1008;-0,0556;1,6099;1,6140;86,5762
0,2385;-0,0444;1,0954;1,1219;86,6364
0,0988;-0,0239;1,1132;1,1178;86,6973
0,0139;0,0203;1,4080;1,4082;86,7566
1,4634;-0,2079;2,1609;2,6181;86,8162
0,1130;0,0400;0,8618;0,8701;86,8763
0,0532;0,0151;0,8628;0,8645;86,9359
0,1499;-0,0005;0,9592;0,9708;86,9961
0,0954;0,0852;0,5020;0,5181;87,0563
0,3026;-0,2065;1,7492;1,7872;87,1162
0,0783;-0,0571;1,3294;1,3330;87,1761
0,2302;-0,0412;1,0175;1,0440;87,2377
0,1491;-0,0369;1,0922;1,1029;87,2969
-2,1331;0,0698;-0,5113;2,1947;87,3564
0,4259;-0,1518;2,1063;2,1543;87,4164
0,1242;-0,0493;1,2423;1,2495;87,4789
0,0434;0,0085;0,9438;0,9448;87,5361
0,0957;0,0127;0,9128;0,9179;87,5967
-0,2077;0,0110;0,7715;0,7990;87,6570
0,3561;-0,0735;1,4883;1,5321;87,7164
0,4681;-0,0530;0,7315;0,8700;87,7780
0,2729;-0,0349;1,1337;1,1666;87,8355
0,3031;-0,0361;0,9250;0,9741;87,8969
0,1682;-0,0452;1,0902;1,1041;87,9568
0,1223;-0,0369;1,1674;1,1743;88,0161
0,0322;-0,0029;1,0404;1,0410;88,0775
0,1123;0,0347;1,8590;1,8628;88,1362
0,0945;0,0349;0,7947;0,8010;88,1958
0,0857;-0,0356;0,9865;0,9909;88,2557
0,3312;-0,0752;0,6685;0,7498;88,3158
-0,2277;0,1074;-1,2699;1,2946;88,3753
0,3192;-0,0476;1,1556;1,1999;88,4374
0,2751;-0,0464;0,9975;1,0358;88,4958
0,1611;-0,0469;1,0073;1,0211;88,5596
0,0815;-0,0439;1,0536;1,0577;88,6162
0,0132;-0,0837;2,8058;2,8070;88,6760
-0,1577;0,0061;0,4213;0,4498;88,7358
-0,0676;0,0022;0,4449;0,4500;88,8003
0,0039;-0,0181;0,7820;0,7822;88,8567
0,1491;-0,0312;0,9682;0,9801;88,9166
-0,2160;-0,0676;0,9719;0,9979;88,9755
0,2931;0,0251;1,3458;1,3776;89,0359
0,2463;-0,0574;1,1854;1,2121;89,0992
0,2404;-0,0337;1,0114;1,0401;89,1563
0,1564;-0,0034;1,0722;1,0835;89,2203
-0,0090;0,0183;1,0187;1,0189;89,2753
-0,0137;0,1538;1,3255;1,3345;89,3389
0,1164;0,0103;0,6951;0,7049;89,3968
0,0935;0,0200;0,8584;0,8637;89,4562
0,1584;-0,0293;0,9026;0,9168;89,5164
-0,0864;-0,0400;-0,2106;0,2312;89,5773
-1,9603;0,0583;1,6706;2,5763;89,6356
0,1367;-0,0593;1,1918;1,2010;89,6959
0,2167;-0,0483;1,1076;1,1296;89,7613
0,1484;-0,0139;1,2103;1,2195;89,8192
-0,1779;-0,0166;0,8066;0,8262;89,8751
0,2958;-0,0361;-2,5800;2,5972;89,9356
0,0964;0,0181;0,8098;0,8157;89,9961
0,0415;-0,0237;0,9545;0,9557;90,0584
0,2175;-0,0139;0,6136;0,6511;90,1153
0,5142;-0,1001;2,1468;2,2098;90,1755
0,5355;-0,0830;1,4207;1,5205;90,2368
0,2631;-0,0354;1,1149;1,1461;90,2959
0,2992;-0,0373;1,0927;1,1335;90,3578
0,1743;-0,0037;1,1666;1,1796;90,4153
0,2577;-0,0327;1,0749;1,1058;90,4754
-0,0034;0,0183;-0,0905;0,0924;90,5354
0,0820;0,0286;0,8530;0,8574;90,5953
0,0349;-0,0254;0,9907;0,9916;90,6579
0,2045;-0,0242;1,0019;1,0228;90,7149
0,1931;-0,0347;1,4676;1,4806;90,7765
-0,2621;0,0161;-3,6146;3,6241;90,8354
0,2028;-0,0298;1,1154;1,1341;90,8954
0,2848;-0,0469;1,0797;1,1177;90,9554
0,1657;-0,0356;1,0861;1,0992;91,0151
0,0176;-0,0310;0,8227;0,8235;91,0750
-0,3446;0,0022;0,5081;0,6140;91,1399
0,1909;0,0085;1,7692;1,7795;91,1947
0,1213;0,0115;0,7888;0,7982;91,2563
0,2158;0,0415;0,9416;0,9669;91,3160
-0,2467;0,0622;0,4320;0,5014;91,3792
0,2167;-0,1982;0,4562;0,5425;91,4349
0,3100;0,0024;1,3023;1,3387;91,4966
0,3851;-0,0322;1,1715;1,2336;91,5550
0,1931;-0,0134;0,9907;1,0094;91,6153
0,0603;-0,0444;0,9921;0,9949;91,6748
-0,6656;-0,1052;0,2131;0,7067;91,7353
0,1184;-0,0071;0,7349;0,7444;91,7990
0,0971;-0,0349;0,9599;0,9654;91,8561
0,2536;-0,0439;0,9143;0,9498;91,9148
0,4379;-0,0120;1,6840;1,7401;91,9752
0,2921;-0,0876;0,8642;0,9165;92,0350
0,2809;-0,0708;0,9955;1,0368;92,0979
0,2118;-0,0520;1,1010;1,1224;92,1586
0,4100;-0,0603;1,4012;1,4612;92,2172
0,3375;0,0278;1,3026;1,3459;92,2750
-0,6941;0,0271;-2,6496;2,7391;92,3365
-0,0139;-0,0142;0,7783;0,7786;92,3952
0,0957;-0,0757;1,0080;1,0153;92,4549
-0,1867;-0,0271;-0,7359;0,7597;92,5151
0,5718;0,0271;2,0909;2,1679;92,5776
0,3903;-0,0620;1,1298;1,1969;92,6341
0,2636;-0,0647;1,1207;1,1531;92,6951
0,2843;-0,0464;1,0819;1,1196;92,7572
0,1389;-0,0513;1,1300;1,1397;92,8148
0,3017;0,0210;2,0067;2,0294;92,8747
0,4657;0,1840;2,4343;2,4853;92,9366
0,1174;-0,1030;-1,7043;1,7114;92,9951
0,1272;0,0264;0,8803;0,8899;93,0569
0,2543;-0,0154;0,9782;1,0108;93,1148
0,8325;-0,2921;1,1898;1,4812;93,1751
0,0949;0,0308;1,0919;1,0965;93,2356
0,2790;-0,0229;1,1268;1,1611;93,2965
0,2189;-0,0200;1,0016;1,0255;93,3561
0,1333;0,0078;1,1527;1,1604;93,4158
0,1574;0,1162;1,0321;1,0505;93,4752
-0,2489;-0,1552;-4,0063;4,0170;93,5346
0,0491;0,0112;0,8347;0,8362;93,5937
0,1472;-0,0129;0,9492;0,9606;93,6551
-0,1892;-0,2006;2,1219;2,1397;93,7191
0,0500;-0,0173;0,8833;0,8849;93,7747
0,9279;-0,2277;4,2724;4,3779;93,8359
0,2629;-0,0478;1,1596;1,1899;93,8945
0,2978;-0,0132;1,0043;1,0476;93,9548
0,0842;-0,0154;1,1059;1,1092;94,0144
0,0854;0,1128;1,0397;1,0493;94,0748
0,3619;-0,1364;2,2749;2,3076;94,1354
-0,0464;-0,0520;0,5765;0,5807;94,1957
0,1342;0,0244;0,8423;0,8532;94,2614
-0,1140;0,0603;0,1267;0,1807;94,3178
0,3346;-0,0430;0,1074;0,3540;94,3746
0,4969;-0,0530;1,9581;2,0209;94,4351
0,3202;-0,0927;1,0785;1,1289;94,4966
0,2321;-0,0366;1,0539;1,0797;94,5544
0,1745;-0,0478;1,3716;1,3835;94,6144
0,2177;0,0527;1,4649;1,4819;94,6745
-0,3339;0,2038;1,1217;1,1880;94,7422
0,0085;-0,0678;0,5457;0,5500;94,7952
0,1028;-0,0081;0,8713;0,8774;94,8548
0,2045;-0,0244;0,8013;0,8273;94,9161
0,3493;-0,0146;0,2177;0,4118;94,9747
0,2885;-0,0376;1,5635;1,5903;95,0365
0,3678;-0,0630;1,0688;1,1320;95,0952
0,2448;-0,0173;1,0414;1,0699;95,1564
-0,3693;0,0295;1,6001;1,6424;95,2146
0,3156;-0,0185;1,2411;1,2807;95,2743
0,6241;-0,0054;2,3462;2,4278;95,3367
0,1081;0,0110;0,6765;0,6852;95,3972
0,1787;0,0068;0,8816;0,8995;95,4541
0,1284;-0,0688;1,5286;1,5355;95,5143
0,3353;-0,2038;1,5188;1,5687;95,5744
0,9765;-0,5084;3,2170;3,4002;95,6341
0,3205;-0,0757;1,2355;1,2786;95,6951
0,2294;-0,0417;1,1290;1,1529;95,7544
0,0930;-0,0083;1,2655;1,2689;95,8141
0,1616;0,1320;1,7375;1,7500;95,8741
0,1926;0,0727;0,5245;0,5634;95,9387
0,0681;-0,0122;0,8459;0,8488;95,9947
0,2089;-0,0488;0,6582;0,6923;96,0542
0,2045;-0,0220;1,3895;1,4046;96,1142
-0,0632;0,0525;1,2318;1,2345;96,1738
0,4283;-0,0613;1,1808;1,2576;96,2343
0,2375;-0,0325;0,9965;1,0249;96,2951
0,0905;-0,0432;1,2230;1,2271;96,3547
-0,0356;0,0444;0,9243;0,9260;96,4221
0,9968;0,1455;2,3225;2,5316;96,4752
0,1477;0,0085;0,6812;0,6971;96,5342
0,0866;0,0129;0,8459;0,8505;96,5949
0,2243;0,1032;0,1335;0,2807;96,6583
-0,3146;0,1052;0,7744;0,8425;96,7139
1,0800;-0,0195;3,3715;3,5403;96,7748
0,3702;-0,0154;1,1605;1,2183;96,8351
0,2131;-0,0215;1,0346;1,0565;96,8976
0,1301;0,0422;1,7563;1,7616;96,9546
0,0993;0,0783;0,4911;0,5071;97,0147
0,1784;-0,1064;0,3183;0,3801;97,0766
-0,0188;-0,0364;0,6373;0,6386;97,1361
0,1623;0,0220;0,9245;0,9389;97,1996
0,2985;0,0117;0,9304;0,9772;97,2546
0,2238;0,0061;1,6804;1,6952;97,3149
0,3439;-0,1206;0,9448;1,0126;97,3745
0,2929;-0,0325;1,3123;1,3450;97,4354
0,3141;-0,0420;0,9919;1,0413;97,4949
0,2609;-0,0305;1,1693;1,1985;97,5567
0,2507;-0,0337;1,7922;1,8099;97,6147
-1,9213;-0,2226;-4,5206;4,9169;97,6747
0,1276;0,0264;0,8083;0,8188;97,7394
0,1650;-0,0188;0,9194;0,9343;97,7948
0,3927;-0,2755;0,2619;0,5466;97,8557
0,4479;-0,0576;0,6853;0,8207;97,9184
0,6953;-0,1269;2,5612;2,6570;97,9765
0,3214;-0,0576;1,0365;1,0868;98,0353
0,2738;-0,0303;0,9985;1,0358;98,0946
0,4459;-0,0664;1,5925;1,6551;98,1550
0,1533;-0,0393;1,3470;1,3563;98,2145
0,2145;-0,1325;1,5425;1,5630;98,2764
0,1189;0,0149;0,5179;0,5316;98,3356
0,1652;0,0032;0,9306;0,9452;98,3977
-0,0888;0,2973;-1,0617;1,1061;98,4620
0,4847;-0,1677;1,4800;1,5664;98,5149
0,6097;-0,1899;1,4014;1,5400;98,5752
0,4637;-0,0212;1,3492;1,4268;98,6341
0,3585;-0,0593;1,0866;1,1457;98,6940
0,7317;-0,1096;1,8559;1,9979;98,7549
0,0061;0,0910;0,7141;0,7199;98,8155
0,8140;-0,2768;-0,0771;0,8632;98,8746
0,0993;-0,0178;0,7136;0,7207;98,9344
0,1796;-0,0134;0,9531;0,9699;98,9954
-0,0725;-0,1684;0,6970;0,7208;99,0542
0,0740;0,0932;-0,0383;0,1250;99,1145
0,4540;0,0598;1,5994;1,6636;99,1759
0,2975;-0,0847;1,1500;1,1909;99,2350
0,2636;-0,0400;1,0365;1,0703;99,2947
0,0832;-0,0427;1,1308;1,1346;99,3538
0,0300;0,0083;0,7178;0,7185;99,4151
0,1037;-0,0459;0,6875;0,6968;99,4741
0,0805;0,0205;0,8711;0,8750;99,5347
0,1350;-0,0234;0,9233;0,9334;99,5940
0,4593;-0,2204;0,3388;0,6118;99,6585
0,6006;-0,0154;0,5030;0,7836;99,7140
0,3961;-0,0122;1,6279;1,6755;99,7763
0,3610;-0,0527;1,1049;1,1635;99,8346
0,2438;-0,0249;1,0102;1,0395;99,8938
-0,2048;0,0430;1,0580;1,0785;99,9567
0,1140;0,0107;1,2569;1,2621;100,0140
-0,2084;0,3803;-0,2502;0,5006;100,0743
0,1521;0,0339;0,6719;0,6897;100,1365
0,1023;0,0071;0,9318;0,9375;100,1936
0,2177;-0,0037;0,7939;0,8233;100,2559
0,0854;-0,0393;1,3819;1,3851;100,3134
-0,3707;-0,0974;1,8298;1,8695;100,3737
0,3532;-0,0212;1,1278;1,1820;100,4380
0,2577;-0,0315;1,0846;1,1153;100,4944
0,0598;0,0024;1,2074;1,2089;100,5552
0,1208;0,0700;1,0934;1,1023;100,6136
-0,6070;0,0007;-1,2977;1,4326;100,6762
0,0644;0,0198;0,7856;0,7885;100,7362
0,0708;-0,0444;0,9746;0,9781;100,7938
0,1789;0,1552;0,0627;0,2450;100,8542
0,6978;-0,3397;2,8275;2,9321;100,9147
0,4615;-0,1408;1,1288;1,2276;100,9814
0,3971;-0,0613;1,0946;1,1660;101,0343
0,2714;-0,0437;0,9994;1,0366;101,0941
0,1782;-0,0198;1,1259;1,1401;101,1555
0,0796;-0,0464;1,0805;1,0844;101,2146
-0,6045;-0,0498;-0,5567;0,8233;101,2736
0,0473;-0,0110;0,7698;0,7713;101,3337
0,0984;0,0088;0,8325;0,8383;101,3965
-0,1860;0,2736;-0,5191;0,6156;101,4547
0,1970;-0,0308;0,9694;0,9897;101,5137
0,2094;-0,0896;1,4202;1,4384;101,5739
0,3146;-0,0644;1,0490;1,0970;101,6338
0,1904;-0,0554;1,0451;1,0637;101,6952
0,1140;-0,0500;1,1657;1,1723;101,7576
0,0303;0,0415;1,0397;1,0410;101,8135
0,2504;-0,0947;1,2643;1,2923;101,8738
0,2377;-0,0144;0,2609;0,3533;101,9341
-0,0393;-0,0144;0,8606;0,8616;101,9937
0,1110;-0,1135;0,9904;1,0031;102,0586
0,2987;-0,1616;1,6421;1,6768;102,1137
-0,0046;-0,1892;2,1722;2,1804;102,1749
0,3812;-0,0344;1,0929;1,1580;102,2414
0,1999;-0,0164;0,9850;1,0053;102,2938
0,0952;0,0188;1,4022;1,4055;102,3539
-0,1115;0,0027;0,6392;0,6489;102,4138
0,7673;-0,1867;2,5629;2,6818;102,4740
0,0483;-0,0278;0,7171;0,7192;102,5350
0,1174;0,0149;0,8574;0,8655;102,5935
-0,0569;0,2997;-0,2895;0,4205;102,6560
0,1230;-0,0278;1,3375;1,3434;102,7140
0,3483;-0,0234;0,9431;1,0056;102,7736
0,3126;-0,0005;1,0719;1,1166;102,8361
0,2797;-0,0478;1,0439;1,0817;102,8938
0,2109;-0,0247;1,0980;1,1184;102,9534
0,3053;-0,0395;1,9223;1,9468;103,0160
0,9726;0,0178;2,2517;2,4529;103,0730
0,1228;0,0332;0,5923;0,6058;103,1339
0,1030;-0,0083;0,8384;0,8447;103,1979
0,2575;-0,0437;0,7844;0,8268;103,2549
0,8110;-0,1916;2,3340;2,4783;103,3131
0,3983;-0,0747;1,4602;1,5154;103,3749
0,3436;-0,0039;1,0090;1,0659;103,4353
0,1962;-0,0325;1,0241;1,0432;103,4933
0,4830;-0,2677;1,6509;1,7408;103,5527
-1,7099;0,1057;0,4789;1,7788;103,6141
0,0061;-0,0925;0,8193;0,8246;103,6757
0,1325;-0,0266;0,8740;0,8844;103,7352
0,2514;-0,0107;0,9577;0,9902;103,7941
0,4501;-0,0576;1,1383;1,2254;103,8529
0,2677;0,0386;0,7351;0,7833;103,9133
0,6060;0,0803;1,5986;1,7115;103,9751
0,3087;-0,0715;1,2630;1,3022;104,0363
0,2824;-0,0578;1,0509;1,0898;104,0934
0,2604;-0,1179;1,4551;1,4829;104,1558
-0,1999;-0,0139;0,1916;0,2772;104,2126
-2,5463;0,7417;-2,2151;3,4555;104,2734
0,1774;0,0315;0,7771;0,7977;104,3354
0,1804;-0,0034;0,9587;0,9755;104,3998
-0,3485;-0,0635;1,8442;1,8779;104,4528
0,0242;-0,0046;1,4053;1,4055;104,5153
0,2965;0,0256;1,3499;1,3823;104,5734
0,3449;-0,0188;1,1300;1,1816;104,6346
0,3100;-0,0212;1,0231;1,0693;104,6933
0,4327;-0,0312;1,4920;1,5538;104,7528
0,3292;-0,0349;1,7270;1,7585;104,8142
0,0317;0,0508;0,3380;0,3433;104,8737
0,1445;0,0466;0,9223;0,9347;104,9341
0,1342;-0,0122;0,9072;0,9171;104,9931
0,0412;0,1852;0,0005;0,1898;105,0532
0,0459;-0,0554;0,0332;0,0792;105,1158
1,4444;-0,0610;3,9404;4,1972;105,1752
0,2885;-0,0349;1,1178;1,1550;105,2334
0,2299;-0,0161;0,9807;1,0074;105,2929
0,4386;-0,1150;2,7252;2,7627;105,3541
0,1398;0,0417;1,0668;1,0767;105,4128
-0,0271;-0,1052;0,6055;0,6152;105,4793
0,1264;0,0029;0,6978;0,7091;105,5337
0,1230;-0,0142;0,9404;0,9485;105,5939
-0,7969;-0,2604;3,2348;3,3417;105,6542
-0,1828;0,0537;-0,2087;0,2826;105,7138
0,2882;-0,0598;1,3109;1,3435;105,7728
0,2453;-0,0312;1,0695;1,0977;105,8328
0,1264;0,0110;1,0790;1,0864;105,8945
0,0239;-0,0010;0,7617;0,7621;105,9527
0,8288;-0,1518;2,7301;2,8572;106,0136
0,1037;0,0103;0,6499;0,6582;106,0738
0,0029;-0,0410;0,9584;0,9593;106,1361
0,1555;-0,0622;0,9677;0,9821;106,1939
0,2887;-0,2028;2,8053;2,8274;106,2581
0,2179;-0,0674;1,4568;1,4746;106,3134
0,0742;0,0103;1,1464;1,1488;106,3734
0,1582;-0,0112;1,0417;1,0537;106,4372
0,0652;-0,0017;0,9899;0,9921;106,4952
-0,2553;0,0820;0,4015;0,4828;106,5536
0,2597;-0,0913;1,3231;1,3514;106,6132
0,2106;0,1364;-0,3622;0,4406;106,6734
0,0254;-0,0290;0,8733;0,8741;106,7335
0,0925;0,0076;0,9379;0,9425;106,7932
-0,0757;-0,0373;-0,1379;0,1617;106,8536
0,3890;-0,0205;1,6718;1,7166;106,9153
0,2040;-0,0188;1,1471;1,1653;106,9743
0,1970;-0,0417;1,1583;1,1757;107,0334
0,1462;0,0110;1,0622;1,0722;107,0949
0,0303;-0,0564;1,2860;1,2876;107,1538
-0,3080;-0,1172;1,1747;1,2200;107,2181
-0,0081;0,0854;1,8930;1,8949;107,2791
-0,0815;-0,0229;0,9179;0,9218;107,3336
0,0256;-0,0266;0,9592;0,9599;107,3948
0,2809;0,0386;0,7910;0,8403;107,4544
0,2565;-0,0522;1,3494;1,3746;107,5144
0,1850;-0,0583;1,4759;1,4886;107,5737
0,1184;-0,0625;1,1403;1,1481;107,6335
0,0537;-0,0251;1,0431;1,0448;107,6943
-0,2673;0,0478;1,0134;1,0491;107,7530
0,0176;-0,1120;0,7588;0,7672;107,8134
-0,2387;-0,1811;0,7446;0,8027;107,8731
-0,0322;-0,0181;0,8105;0,8114;107,9363
0,0290;-0,0203;0,9567;0,9574;107,9933
-0,1350;-0,0168;0,4864;0,5051;108,0546
0,1289;-0,0993;1,2430;1,2536;108,1138
-0,8533;-0,0039;1,1898;1,4641;108,1745
0,1638;-0,0449;1,1293;1,1420;108,2397
0,1384;-0,0093;1,0448;1,0540;108,2982
-0,0288;0,0730;1,5178;1,5199;108,3542
0,0090;0,0329;1,1862;1,1866;108,4149
0,2075;-0,1540;2,5607;2,5737;108,4742
-0,4674;-0,0942;0,2529;0,5397;108,5337
0,0403;0,0085;0,9274;0,9284;108,5940
0,1381;-0,0315;0,9531;0,9635;108,6542
0,0776;-0,0901;0,5152;0,5288;108,7142
0,6380;-0,0625;0,2838;0,7011;108,7745
0,2189;0,0276;1,2125;1,2324;108,8339
0,1289;0,0002;0,9748;0,9833;108,8952
0,0835;0,0176;1,1447;1,1478;108,9543
0,0615;0,0593;1,2762;1,2791;109,0138
-0,4015;0,1235;0,3668;0,5577;109,0748
0,0056;-0,0244;0,8525;0,8529;109,1392
0,0779;-0,0344;0,9540;0,9578;109,1940
0,1711;-0,0517;0,8452;0,8639;109,2563
0,0425;0,1074;1,0675;1,0738;109,3147
1,0746;-0,2250;3,2685;3,4480;109,3766
0,6658;-0,1298;1,5652;1,7059;109,4375
0,1333;-0,0242;1,0021;1,0112;109,4939
-0,1616;-0,0112;0,7617;0,7788;109,5547
-0,0195;-0,0410;1,0060;1,0071;109,6140
0,0369;-0,0974;0,5160;0,5264;109,6746
0,1262;0,0332;0,8367;0,8468;109,7349
0,0364;-0,0085;0,7205;0,7214;109,7940
0,1708;0,0105;0,7822;0,8007;109,8538
0,5128;-0,1455;1,1268;1,2465;109,9166
0,2097;-0,0576;1,7912;1,8043;109,9739
0,1840;-0,0874;1,4051;1,4198;110,0334
0,1796;-0,0520;0,9963;1,0137;110,0955
0,0913;-0,0664;1,0334;1,0395;110,1537
0,0927;-0,0539;1,2938;1,2982;110,2144
0,1047;-0,0427;1,2635;1,2686;110,2741
0,4449;0,0478;1,8224;1,8766;110,3335
0,0420;0,0032;0,8423;0,8433;110,3942
0,1013;-0,0754;0,9062;0,9150;110,4533
-0,0615;-0,2219;1,0229;1,0485;110,5134
0,0571;-0,2538;4,3353;4,3431;110,5739
0,4559;-0,0544;1,0883;1,1812;110,6350
0,1743;-0,0007;0,9902;1,0054;110,6939
0,1816;0,0144;1,2899;1,3027;110,7536
-0,1801;0,1377;0,7454;0,7791;110,8136
0,0901;0,0769;0,5897;0,6014;110,8778
-0,0500;-0,0344;0,9467;0,9487;110,9337
0,0847;-0,0703;0,9143;0,9209;110,9935
0,0810;0,0122;0,6499;0,6551;111,0590
0,0325;-0,0002;0,9345;0,9351;111,1195
0,3983;0,0264;1,8669;1,9091;111,1743
0,2736;-0,0622;1,1317;1,1660;111,2431
0,1530;-0,0295;1,0034;1,0154;111,2932
-0,0059;-0,0308;1,2223;1,2227;111,3532
-0,0537;-0,0849;0,7700;0,7766;111,4136
0,2655;-0,0764;1,0180;1,0548;111,4729
0,0434;-0,0615;0,7300;0,7339;111,5470
0,0713;-0,0325;0,9240;0,9273;111,5937
0,1992;-0,0559;0,7363;0,7648;111,6535
0,5123;0,0703;-0,6473;0,8284;111,7130
0,2702;-0,0181;2,0960;2,1134;111,7735
0,2682;-0,0498;1,1115;1,1445;111,8358
0,2035;0,0447;1,0168;1,0379;111,8929
-0,1979;-0,0278;1,0522;1,0710;111,9533
0,5384;0,0727;1,9474;2,0218;112,0182
-0,1071;-0,0686;0,4549;0,4724;112,0733
0,0522;-0,0317;0,9787;0,9806;112,1338
0,1337;-0,0788;1,0104;1,0223;112,1933
0,1772;-0,0674;0,6648;0,6913;112,2567
-1,7560;0,1193;-1,2806;2,1767;112,3132
0,0249;-0,0388;1,1940;1,1949;112,3736
0,1921;-0,0173;1,0212;1,0392;112,4353
0,0927;0,0039;0,9992;1,0035;112,4967
0,1977;-0,0793;1,2267;1,2450;112,5530
1,0815;-0,1101;2,2822;2,5279;112,6140
0,0830;-0,1062;0,3180;0,3454;112,6732
0,0454;0,0017;0,8157;0,8169;112,7339
0,0981;-0,0144;0,9614;0,9665;112,7929
-0,1484;0,1350;-1,9594;1,9696;112,8542
0,3358;0,0508;0,5430;0,6405;112,9131
0,3893;-0,0661;2,0306;2,0687;112,9760
0,2992;-0,0744;1,0697;1,1133;113,0343
0,2341;-0,0081;1,0514;1,0772;113,0926
0,0461;-0,0481;1,4812;1,4827;113,1528
0,0320;0,0703;1,4527;1,4547;113,2132
-0,0276;0,0347;0,4842;0,4862;113,2748
-0,0559;-0,0129;0,8325;0,8345;113,3341
0,0564;-0,0700;0,9543;0,9585;113,3930
0,1284;0,0176;0,5648;0,5794;113,4530
-0,1450;-0,0222;-0,3412;0,3714;113,5132
-0,1887;-0,0168;0,8964;0,9162;113,5731
0,1848;-0,0161;1,0446;1,0609;113,6330
0,1425;0,0156;1,0878;1,0972;113,6940
0,0979;0,0046;1,2152;1,2191;113,7575
-0,5191;-0,0149;0,9479;1,0809;113,8140
0,2050;0,0525;0,9226;0,9465;113,8746
0,0090;-0,0439;0,9494;0,9505;113,9333
0,1408;-0,0503;0,8345;0,8477;113,9938
-0,2160;-0,0151;1,0861;1,1075;114,0538
-0,1323;-0,1037;2,7860;2,7911;114,1148
0,3546;-0,0417;1,2411;1,2914;114,1736
0,0984;-0,0286;1,0048;1,0100;114,2345
0,0617;-0,0073;0,9960;0,9980;114,2945
0,0205;-0,0066;0,8413;0,8416;114,3581
-0,2375;-0,1067;1,7690;1,7880;114,4141
0,0837;0,0081;0,2280;0,2430;114,4761
0,0354;-0,0085;0,8799;0,8806;114,5360
0,1135;-0,0225;0,8840;0,8915;114,5937
0,0171;-0,0420;0,6214;0,6230;114,6544
0,0198;-0,0215;1,2896;1,2900;114,7145
0,2638;-0,0249;1,2823;1,3094;114,7736
0,2033;-0,0471;1,0309;1,0518;114,8336
0,1440;-0,0046;1,1215;1,1307;114,8977
0,1484;0,0822;1,8834;1,8911;114,9530
-0,5164;-0,0247;-1,4815;1,5691;115,0139
0,0722;0,0371;1,0265;1,0297;115,0781
0,0303;-0,0127;0,9184;0,9190;115,1334
0,1550;-0,0376;0,6761;0,6946;115,1943
0,0217;-0,0566;0,2233;0,2314;115,2638
0,4708;-0,2121;0,7813;0,9365;115,3138
0,0842;-0,0493;1,0541;1,0586;115,3738
0,2670;-0,0286;1,0090;1,0441;115,4340
0,1320;-0,0185;1,0736;1,0819;115,4933
-0,1259;-0,0991;0,7583;0,7751;115,5532
0,9887;-0,0351;2,2183;2,4289;115,6135
-0,2829;-0,0464;0,2746;0,3969;115,6735
0,0395;-0,0249;0,9528;0,9540;115,7411
0,1428;-0,0495;0,9704;0,9821;115,7954
0,0700;-0,0600;0,8054;0,8107;115,8543
0,4491;-0,1591;-0,2548;0,5403;115,9145
0,2470;-0,0076;0,9990;1,0291;115,9744
0,2199;-0,0549;1,0732;1,0968;116,0343
0,1372;-0,0300;1,0380;1,0475;116,0946
0,1606;-0,0649;1,2604;1,2722;116,1574
-0,0766;-0,0488;0,7283;0,7339;116,2136
0,0644;-0,0124;0,3837;0,3892;116,2751
0,0515;0,0044;0,8262;0,8278;116,3367
0,1089;-0,0366;0,9472;0,9542;116,3941
0,2136;-0,1628;-0,2011;0,3355;116,4535
0,4518;-0,0844;1,4932;1,5623;116,5135
0,2548;-0,0271;0,9748;1,0079;116,5738
0,2126;-0,0478;1,1012;1,1226;116,6339
0,1506;-0,0093;1,0402;1,0511;116,6977
-0,0576;-0,0190;1,2489;1,2504;116,7539
0,0552;0,0417;0,9977;1,0001;116,8151
0,2411;-0,0720;0,7839;0,8233;116,8741
0,0583;-0,0112;0,9436;0,9454;116,9343
0,0635;-0,0505;0,9516;0,9551;116,9995
-0,2936;0,2194;-1,3626;1,4111;117,0548
0,1308;-0,0798;-0,4876;0,5112;117,1142
0,1765;0,0137;1,5037;1,5141;117,1740
0,1467;-0,0381;1,1581;1,1680;117,2344
0,1159;-0,0093;1,0954;1,1015;117,2951
-0,0947;0,0039;1,3382;1,3416;117,3568
-0,0744;0,0205;0,6299;0,6346;117,4134
-0,1132;0,0639;2,1797;2,1836;117,4749
0,0779;-0,0320;0,7476;0,7523;117,5381
0,1503;-0,0610;0,9431;0,9569;117,5965
0,3122;-0,1430;0,6665;0,7498;117,6539
0,3371;-0,1154;-0,6602;0,7502;117,7174
0,2746;-0,0134;0,9968;1,0340;117,7748
0,2197;-0,0295;1,0844;1,1068;117,8350
0,1450;-0,0007;1,1383;1,1475;117,8961
0,2018;0,0081;2,0011;2,0113;117,9576
-0,3981;0,0232;0,6578;0,7692;118,0158
0,0100;0,0105;0,6521;0,6523;118,0758
-0,0298;-0,0508;0,9746;0,9763;118,1371
0,1254;-0,0098;0,7227;0,7335;118,2009
0,3746;-0,0134;0,8686;0,9461;118,2614
0,4144;0,0139;2,4131;2,4484;118,3161
0,2221;-0,0976;1,1239;1,1498;118,3958
0,1757;-0,0359;0,9907;1,0068;118,4385
0,0703;-0,0349;1,0985;1,1013;118,4954
0,1167;-0,0652;1,2296;1,2368;118,5580
0,1594;0,0286;1,7817;1,7890;118,6155
-0,0342;-0,0181;0,7539;0,7549;118,6775
-0,0366;-0,0356;0,9370;0,9384;118,7359
0,1030;0,0093;-0,7195;0,7269;118,7962
-0,2228;0,0124;1,3621;1,3803;118,8553
-0,0984;-0,6041;3,8806;3,9286;118,9189
0,3400;-0,0488;1,0256;1,0815;118,9763
0,1855;-0,0212;1,0107;1,0278;119,0351
-0,2192;0,0276;1,0612;1,0839;119,0958
-0,1528;0,1142;0,6668;0,6935;119,1556
0,0713;0,0041;0,8879;0,8908;119,2154
-0,0122;-0,0203;0,9514;0,9517;119,2758
0,0552;-0,0469;0,8442;0,8473;119,3375
0,0247;-0,1430;0,5906;0,6082;119,3970
0,2494;0,0022;1,2528;1,2774;119,4557
0,3622;0,1103;1,6721;1,7144;119,5153
0,2155;-0,0710;1,2557;1,2760;119,5765
0,1708;-0,0249;1,0375;1,0518;119,6353
0,3390;0,0195;1,4019;1,4424;119,6966
0,0476;-0,0254;1,0959;1,0972;119,7598
0,2316;-0,0110;0,7171;0,7536;119,8163
0,0559;0,0229;0,8757;0,8778;119,8772
0,0830;-0,0156;0,9687;0,9724;119,9357
0,2697;-0,0427;-0,0071;0,2731;119,9954
0,4142;-0,0527;1,5474;1,6027;120,0567
0,4181;-0,0932;2,4580;2,4950;120,1161
0,2131;-0,0444;1,2233;1,2425;120,1754
0,2250;-0,0398;1,0290;1,0540;120,2417
0,2641;-0,0674;1,4864;1,5111;120,2955
0,2006;-0,0471;1,6984;1,7109;120,3556
-0,4278;-0,0510;-0,2258;0,4864;120,4150
-0,2765;0,0054;1,5454;1,5700;120,4753
0,0779;0,0207;0,8464;0,8502;120,5366
0,1655;-0,0139;0,8547;0,8707;120,5954
0,2087;-0,0298;1,8803;1,8921;120,6550
0,5374;-0,0432;0,4864;0,7262;120,7174
0,1769;-0,0378;1,2340;1,2472;120,7745
0,2880;-0,0510;1,0561;1,0958;120,8355
0,5557;-0,0642;2,3184;2,3849;120,8959
0,4076;0,0261;0,5938;0,7207;120,9554
0,1784;-0,0049;-0,1538;0,2356;121,0153
0,0198;0,0100;0,8286;0,8289;121,0754
0,0876;-0,0137;0,9228;0,9271;121,1346
0,1411;-0,2082;1,0961;1,1246;121,1952
0,4154;-0,0520;1,3961;1,4575;121,2714
0,1887;-0,0022;1,6142;1,6252;121,3160
0,3883;-0,0525;1,2159;1,2775;121,3776
0,1694;-0,0952;1,0180;1,0364;121,4360
0,2289;-0,0371;0,9753;1,0025;121,4948
0,1169;0,0037;0,9868;0,9937;121,5546
0,1635;-0,0112;0,9077;0,9224;121,6220
0,1621;0,0012;0,9970;1,0101;121,6750
