0,1267;0,0154;1,0617;1,0693;0,1095
0,0232;-0,1018;0,9687;0,9743;0,1340
0,0513;-0,0002;0,9899;0,9913;0,3818
0,0910;0,0085;0,9907;0,9949;0,3839
0,1464;-0,0337;1,0588;1,0694;0,3858
0,1645;-0,0207;1,0751;1,0878;0,3880
0,1469;-0,0203;1,0036;1,0145;0,4320
0,1113;-0,0298;0,9907;0,9973;0,4803
0,1174;-0,0261;1,0063;1,0134;0,5407
0,1101;-0,0259;1,0012;1,0075;0,6010
0,1220;-0,0198;0,9907;0,9983;0,6614
0,0918;-0,0220;0,9855;0,9900;0,7213
0,0837;-0,0271;0,9941;0,9980;0,7862
0,1164;-0,0215;0,9977;1,0047;0,8415
0,1218;-0,0229;1,0068;1,0144;0,9013
0,1342;-0,0198;0,9907;0,9999;0,9616
0,1279;-0,0198;0,9919;1,0003;1,0265
0,1096;-0,0205;0,9948;1,0010;1,0826
0,1113;-0,0200;0,9929;0,9993;1,1449
0,1115;-0,0198;1,0014;1,0078;1,2024
0,0942;-0,0239;0,9977;1,0025;1,2620
0,0962;-0,0222;0,9924;0,9973;1,3285
0,1023;-0,0217;0,9990;1,0044;1,3825
0,1550;-0,0103;1,1027;1,1136;1,4420
-1,3887;0,1386;0,3502;1,4389;1,5046
-0,2611;-0,0495;-0,2558;0,3689;1,5666
0,0088;0,0063;0,5899;0,5900;1,6214
0,0251;0,0059;0,9929;0,9932;1,6815
0,1562;-0,0632;0,0261;0,1705;1,7426
0,6346;-0,1101;3,6046;3,6617;1,8015
0,5269;-0,0293;0,9960;1,1272;1,8762
0,1970;-0,0420;0,9816;1,0021;1,9230
0,0364;-0,0383;0,9880;0,9894;1,9829
0,1398;-0,0359;1,5627;1,5694;2,0414
-0,2404;0,1765;1,3907;1,4223;2,1018
0,1530;0,0085;0,5003;0,5233;2,1617
-0,0657;0,0286;0,8708;0,8738;2,2214
0,0539;-0,0015;0,9465;0,9480;2,2823
-0,3312;0,0393;0,7947;0,8618;2,3415
-0,0852;-0,0295;1,0963;1,1000;2,4018
0,3600;-0,0740;1,0417;1,1046;2,4620
0,2890;-0,0271;1,0165;1,0572;2,5221
0,0854;-0,0459;1,0817;1,0860;2,5846
-0,1743;-0,1267;1,1259;1,1463;2,6417
-0,7654;-0,0671;-1,9955;2,1383;2,7016
-0,0237;0,0349;0,7905;0,7916;2,7619
-0,0154;0,0181;1,0063;1,0066;2,8221
0,0771;0,0137;0,9670;0,9702;2,8812
-0,0305;-0,0727;-0,0596;0,0988;2,9437
-0,0159;0,0120;1,2923;1,2925;3,0025
0,2304;-0,0661;1,0619;1,0886;3,0612
0,1540;-0,0242;1,0204;1,0323;3,1244
0,0447;-0,0730;1,2071;1,2102;3,1818
0,5592;0,0700;1,3009;1,4177;3,2417
0,0002;-0,0083;0,6072;0,6073;3,3082
-0,0815;0,0212;0,9709;0,9745;3,3651
0,0710;0,0300;1,0119;1,0148;3,4218
0,2397;0,0112;0,1586;0,2876;3,4832
-0,4742;-0,0810;1,5720;1,6440;3,5414
0,3659;-0,0876;1,1000;1,1626;3,6017
0,3610;-0,0193;1,1185;1,1755;3,6637
0,0630;-0,0283;1,0226;1,0250;3,7209
0,0205;-0,0822;1,1925;1,1955;3,7815
0,7549;-0,0866;1,8617;2,0108;3,8436
-0,0081;0,0290;0,7564;0,7570;3,9013
-0,0527;0,0085;1,0221;1,0235;3,9615
0,0205;0,0088;0,9936;0,9938;4,0238
0,2704;0,0339;0,3585;0,4504;4,0818
0,5899;-0,0344;0,1657;0,6137;4,1415
0,3095;-0,0537;1,1779;1,2190;4,2014
0,1782;-0,0417;1,0282;1,0444;4,2638
0,0949;-0,0181;1,0998;1,1040;4,3225
0,0266;-0,0591;1,4966;1,4980;4,3814
-0,6373;0,1025;0,6636;0,9257;4,4418
0,0088;0,0369;0,7036;0,7047;4,5010
-0,0542;0,0085;1,0156;1,0170;4,5616
0,0225;0,0085;0,9911;0,9914;4,6262
0,1870;0,0727;0,4191;0,4646;4,6820
0,6892;-0,0918;1,7277;1,8624;4,7416
0,5321;-0,1076;1,1476;1,2695;4,8028
0,2575;-0,0149;1,0029;1,0355;4,8612
0,0522;-0,0395;1,0959;1,0978;4,9217
0,1074;-0,0644;2,1985;2,2021;4,9820
0,2921;0,0207;0,1821;0,3449;5,0432
-0,0949;-0,0012;0,9440;0,9488;5,1012
-0,0229;-0,0076;1,0285;1,0288;5,1638
-0,0090;-0,0032;0,9897;0,9897;5,2220
0,0044;-0,0115;0,9099;0,9100;5,2815
-0,3815;-0,0444;-0,0686;0,3901;5,3442
0,6231;-0,0901;1,2132;1,3669;5,4050
0,1665;-0,0444;1,1034;1,1168;5,4617
0,0300;-0,0300;1,0766;1,0774;5,5213
-0,0683;-0,0742;1,2962;1,3001;5,5807
-0,2614;0,1347;0,0681;0,3019;5,6408
-0,0322;0,0181;0,7132;0,7141;5,7007
-0,0449;-0,0024;1,0246;1,0256;5,7611
0,0085;0,0017;1,0243;1,0244;5,8204
0,0893;0,0115;0,8291;0,8340;5,8821
-0,2121;0,0205;-1,2784;1,2960;5,9436
0,3732;-0,0188;1,4114;1,4600;6,0046
0,5350;0,0103;1,1722;1,2886;6,0607
-0,0364;-0,0417;1,0519;1,0534;6,1215
-0,0229;-0,0544;1,2767;1,2781;6,1805
-0,1325;-0,0295;0,9187;0,9286;6,2408
-0,0273;0,0366;0,6502;0,6518;6,3033
0,0010;0,0142;1,0758;1,0759;6,3644
0,0281;0,0090;1,0297;1,0301;6,4211
0,0171;0,0176;0,9567;0,9570;6,4839
-0,3939;-0,1284;0,7698;0,8742;6,5416
0,1037;-0,0793;2,5763;2,5797;6,6062
0,4103;-0,0979;1,0815;1,1608;6,6609
0,0403;-0,0207;0,9560;0,9571;6,7222
0,0303;-0,0264;1,0854;1,0861;6,7805
0,5687;-0,0974;2,9617;3,0174;6,8415
0,1289;0,0217;0,7278;0,7394;6,9056
-0,1313;-0,0210;0,9980;1,0068;6,9620
-0,0298;-0,0227;1,0319;1,0326;7,0211
0,0002;-0,0142;0,9907;0,9908;7,0807
0,4793;0,1135;-0,5638;0,7487;7,1415
0,0561;-0,1245;3,5526;3,5552;7,2016
0,3036;-0,0783;1,0529;1,0986;7,2605
0,0107;-0,0434;1,1117;1,1126;7,3245
-0,0737;-0,0207;1,0160;1,0189;7,3810
-0,2726;0,2924;1,1866;1,2522;7,4402
0,0188;0,0771;0,6365;0,6415;7,5016
-0,1054;0,0061;1,1142;1,1191;7,5653
-0,0161;0,0061;1,0404;1,0406;7,6218
0,0249;0,0198;0,9606;0,9612;7,6806
-0,2421;0,1203;-1,0517;1,0859;7,7434
-0,6263;-0,0803;1,0893;1,2590;7,8015
0,1745;-0,0061;1,0214;1,0362;7,8605
-0,0093;-0,0303;1,0456;1,0461;7,9223
0,0098;-0,1281;1,4195;1,4253;7,9809
-0,0700;0,1323;1,3670;1,3752;8,0394
0,0207;0,0444;0,5767;0,5788;8,1002
-0,0630;0,0024;1,0734;1,0752;8,1642
0,0083;0,0059;1,0195;1,0195;8,2231
0,0661;0,0127;0,8601;0,8627;8,2804
0,0444;-0,0259;0,4486;0,4515;8,3426
0,1474;-0,0430;1,3358;1,3446;8,4024
0,1203;-0,0273;1,0595;1,0666;8,4609
0,0149;0,0034;1,1774;1,1775;8,5207
-0,0744;-0,1296;1,5701;1,5772;8,5855
-0,3534;0,1064;-1,8976;1,9332;8,6406
-0,0666;0,0290;0,8369;0,8400;8,7004
-0,0525;0,0122;1,0202;1,0216;8,7604
-0,0300;0,0122;1,0312;1,0317;8,8225
0,0083;0,0232;0,9121;0,9124;8,8809
-0,1237;0,0600;-1,7080;1,7135;8,9402
-0,4008;-0,0478;1,2477;1,3113;9,0005
0,1652;-0,0359;1,0641;1,0775;9,0625
0,0251;-0,0217;1,1725;1,1730;9,1207
-0,0879;-0,1423;1,3956;1,4055;9,1801
0,0974;-0,0190;2,2688;2,2710;9,2401
-0,0273;0,0361;0,7088;0,7102;9,3024
-0,1059;0,0085;1,0097;1,0153;9,3601
-0,0371;0,0041;1,0107;1,0114;9,4212
0,0530;0,0024;0,9401;0,9416;9,4812
0,8183;-0,2194;-0,3580;0,9198;9,5435
0,3895;-0,0115;1,2164;1,2773;9,6022
0,2201;-0,0444;1,0978;1,1205;9,6624
0,0085;-0,0349;1,1574;1,1579;9,7223
-0,0766;-0,1672;1,8725;1,8815;9,7833
-0,3234;0,0383;-0,9694;1,0227;9,8434
-0,0535;-0,0061;0,7664;0,7682;9,9023
-0,0542;-0,0188;1,0126;1,0142;9,9644
-0,0132;-0,0061;0,9941;0,9942;10,0215
-0,8803;-0,1613;1,2645;1,5492;10,0823
0,3156;-0,1489;3,6151;3,6319;10,1470
0,6373;-0,1018;1,1801;1,3450;10,2021
0,1132;-0,0276;0,9689;0,9759;10,2621
0,0005;-0,0239;1,1976;1,1979;10,3256
-0,6719;-0,0329;1,4480;1,5967;10,3816
0,0554;0,0266;0,6106;0,6137;10,4424
-0,1157;0,0117;0,9968;1,0035;10,5056
-0,0259;0,0181;1,0346;1,0351;10,5686
-0,0124;0,0090;0,9733;0,9735;10,6225
-0,3507;0,0149;0,6241;0,7160;10,6844
0,1979;-0,0405;3,2561;3,2623;10,7417
0,4027;-0,0925;1,1176;1,1915;10,8020
0,0874;-0,0303;1,0175;1,0217;10,8619
0,0239;-0,0303;1,0321;1,0329;10,9267
-0,0691;-0,0688;2,0370;2,0393;10,9824
-0,4252;0,0225;-2,4167;2,4539;11,0427
-0,0884;0,0117;0,8391;0,8438;11,1011
-0,0732;-0,0139;1,0268;1,0295;11,1639
0,0683;0,0105;0,9611;0,9636;11,2230
-0,1015;-0,0315;-0,1313;0,1689;11,2854
-0,0525;-0,0793;2,4214;2,4232;11,3416
0,2526;-0,0432;1,0653;1,0957;11,4046
0,0998;-0,0176;0,9919;0,9970;11,4634
0,0100;-0,0317;1,2076;1,2081;11,5224
-0,1579;0,1396;0,8945;0,9190;11,5818
-0,0666;0,0381;0,6953;0,6996;11,6418
-0,1430;-0,0012;1,0668;1,0764;11,7016
-0,0232;0,0024;1,0358;1,0361;11,7624
-0,0037;0,0085;0,9526;0,9526;11,8216
-0,2699;0,0068;0,4471;0,5223;11,8839
-0,1996;-0,0574;2,1392;2,1493;11,9415
0,4269;-0,0771;1,1613;1,2396;12,0019
0,2277;-0,0242;1,0558;1,0804;12,0641
0,0107;-0,0693;1,0646;1,0669;12,1229
0,1918;-0,1667;2,3384;2,3522;12,1817
0,2638;0,0207;-0,1220;0,2914;12,2447
-0,0759;0,0095;1,0343;1,0372;12,3012
0,0232;-0,0024;1,0487;1,0490;12,3614
0,0852;0,0076;0,9328;0,9367;12,4215
-1,1161;0,0261;0,3256;1,1629;12,4832
-0,0630;-0,0444;1,1449;1,1475;12,5417
0,2309;-0,0393;1,0395;1,0655;12,6018
0,0844;-0,0317;0,9924;0,9965;12,6620
-0,0281;-0,0466;1,0739;1,0753;12,7250
-0,8764;0,0683;1,8893;2,0838;12,7879
0,1174;0,0339;0,7803;0,7898;12,8411
-0,1211;0,0149;0,9314;0,9393;12,9016
0,0046;-0,0117;1,0336;1,0337;12,9626
0,0635;-0,0034;0,9907;0,9927;13,0213
-0,0532;0,0085;0,1608;0,1696;13,0818
-0,3012;-0,0083;1,7126;1,7389;13,1438
0,5011;0,0134;1,1315;1,2375;13,2009
0,3310;-0,0149;1,1017;1,1504;13,2611
0,0415;-0,1023;1,3575;1,3620;13,3275
0,1086;0,1325;2,3769;2,3831;13,3816
0,0290;0,0469;0,5675;0,5701;13,4423
-0,1142;-0,0041;1,0143;1,0208;13,5009
-0,0171;0,0029;1,0173;1,0174;13,5606
0,3541;0,0471;0,4742;0,5937;13,6216
0,0481;-0,1765;-0,7852;0,8062;13,6812
0,2797;0,0173;1,4083;1,4359;13,7438
0,1464;-0,0298;1,0509;1,0615;13,8005
-0,0193;-0,0320;0,9907;0,9914;13,8611
0,1950;-0,0805;1,4153;1,4310;13,9207
-0,3673;0,3141;-1,4832;1,5599;13,9811
0,1145;0,0290;0,3536;0,3728;14,0415
-0,1164;0,0002;1,0151;1,0217;14,1024
-0,0454;0,0046;0,9907;0,9917;14,1607
0,1777;0,0737;0,0925;0,2134;14,2207
-0,2302;0,0288;0,8533;0,8842;14,2822
0,4342;-0,1015;1,1254;1,2105;14,3459
0,3388;-0,0317;1,1378;1,1876;14,4007
-0,2741;-0,0300;0,9821;1,0201;14,4657
-0,1784;0,0544;0,1142;0,2187;14,5220
0,0678;0,0256;0,6255;0,6297;14,5821
0,0093;0,0032;1,0551;1,0551;14,6443
0,0649;-0,0007;1,0426;1,0447;14,7020
0,2553;0,0217;0,1071;0,2777;14,7631
0,0222;-0,2570;-0,1396;0,2933;14,8267
0,2248;-0,0161;1,2848;1,3044;14,8885
0,1208;-0,0425;1,0978;1,1052;14,9428
0,0259;-0,0210;1,1832;1,1837;15,0053
0,0652;0,0347;1,0749;1,0774;15,0654
0,2319;-0,0613;2,5422;2,5535;15,1225
0,1377;0,0232;0,3871;0,4115;15,1860
-0,0710;-0,0081;1,0343;1,0368;15,2435
0,0063;-0,0159;1,0043;1,0045;15,3051
0,0974;-0,0081;0,9448;0,9498;15,3646
-0,2765;-0,0671;1,2052;1,2383;15,4230
1,0326;0,2304;7,9885;8,0582;15,4880
0,5535;-0,0969;1,0697;1,2084;15,5431
0,2282;-0,0273;1,0426;1,0677;15,6027
0,0093;-0,0281;1,0231;1,0235;15,6627
0,0815;-0,1403;1,6050;1,6132;15,7227
0,4586;0,0664;2,0697;2,1209;15,7828
0,0901;0,0188;0,6819;0,6881;15,8427
0,0525;-0,0034;1,1105;1,1117;15,9052
0,1125;-0,0090;0,9907;0,9971;15,9624
0,3026;-0,0066;0,1162;0,3242;16,0224
-0,1340;-0,0827;1,0893;1,1006;16,0843
0,5042;-0,0779;1,2594;1,3588;16,1433
0,4100;-0,0295;1,1464;1,2179;16,2034
0,0644;-0,0312;1,0029;1,0054;16,2634
0,2175;-0,0095;1,2479;1,2667;16,3241
0,5030;-0,0696;1,9454;2,0106;16,3836
0,1272;0,0559;0,6917;0,7055;16,4431
0,0388;0,0085;0,9907;0,9915;16,5032
0,0954;-0,0207;1,0121;1,0168;16,5633
0,1413;-0,0073;0,9633;0,9737;16,6293
0,4230;-0,0317;-0,5909;0,7274;16,6841
-0,0491;-0,0173;2,3110;2,3116;16,7460
0,4527;-0,0261;1,0802;1,1716;16,8035
-0,0198;-0,0364;0,9106;0,9115;16,8635
0,1301;-0,0325;1,2350;1,2422;16,9232
0,1826;-0,0886;1,7570;1,7687;16,9854
0,4020;-0,0071;0,3505;0,5334;17,0474
-0,0583;0,0132;1,0790;1,0807;17,1033
0,1523;-0,0010;0,9907;1,0023;17,1664
0,1218;-0,0247;0,9521;0,9602;17,2224
0,0063;-0,0212;0,5040;0,5045;17,2831
0,1579;-0,0508;1,3690;1,3790;17,3515
0,3131;-0,0386;1,0429;1,0896;17,4026
0,1093;-0,0354;0,9113;0,9186;17,4633
0,2399;-0,0561;0,9875;1,0178;17,5280
0,0940;-0,1279;1,0768;1,0884;17,5876
0,1467;-0,1540;0,9787;1,0015;17,6449
0,2275;-0,1098;0,9780;1,0101;17,7030
0,0532;-0,2194;0,9855;1,0111;17,7630
0,1242;-0,1523;1,0309;1,0495;17,8260
0,1535;-0,1145;1,0570;1,0742;17,8837
0,1738;-0,1115;1,0239;1,0445;17,9431
0,1184;-0,0586;0,9421;0,9513;18,0024
0,1708;-0,0505;0,8574;0,8757;18,0639
0,1613;-0,0059;0,9711;0,9845;18,1232
0,2035;-0,0002;0,9653;0,9865;18,1852
0,1931;-0,0295;0,9907;1,0097;18,2422
0,2179;-0,0500;1,0768;1,0998;18,3035
0,1789;-0,0552;1,0714;1,0877;18,3655
-0,4532;0,0032;1,6328;1,6945;18,4245
0,1132;-0,0432;0,6678;0,6787;18,4821
0,0234;-0,0034;0,8752;0,8755;18,5428
0,0088;-0,0229;1,0651;1,0654;18,6036
0,3058;0,0144;0,5887;0,6635;18,6626
-0,4452;-0,0124;-0,7197;0,8464;18,7226
0,0403;0,0171;1,3065;1,3072;18,7833
0,2133;-0,1272;-0,3471;0,4268;18,8464
0,4076;0,1911;1,3345;1,4084;18,9032
0,2377;0,0659;0,9304;0,9625;18,9630
0,1657;0,0159;0,8711;0,8868;19,0230
-0,0137;-0,1169;1,1586;1,1645;19,0819
-0,1445;-0,1062;1,1315;1,1456;19,1507
0,2131;-0,0632;1,2516;1,2711;19,2028
0,5179;-0,0495;0,9831;1,1123;19,2641
0,3964;-0,1147;0,7132;0,8239;19,3254
0,0530;-0,0168;0,6434;0,6458;19,3866
0,0596;-0,2214;1,5020;1,5194;19,4423
0,2419;-0,1686;1,2242;1,2592;19,5025
0,2404;-0,2385;1,3785;1,4195;19,5625
0,0361;-0,0420;0,6294;0,6319;19,6233
-0,0373;-0,0090;0,9540;0,9548;19,6848
0,0625;-0,0061;1,0012;1,0031;19,7444
-0,1369;0,0083;0,9582;0,9680;19,8026
-0,0591;-0,0505;0,7842;0,7880;19,8630
0,1752;-0,0222;1,3480;1,3595;19,9225
0,2367;-0,0288;0,9614;0,9905;19,9865
0,0979;-0,0137;1,0034;1,0082;20,0452
-0,4691;-0,0730;1,1923;1,2833;20,1031
-1,0851;0,3148;-1,9325;2,2386;20,1630
-0,0188;0,0112;0,7390;0,7394;20,2239
-0,0949;-0,0027;1,1144;1,1184;20,2828
0,0495;-0,0051;0,9099;0,9112;20,3450
-0,3234;-0,0818;0,8215;0,8867;20,4025
0,2568;-0,1418;1,4727;1,5016;20,4622
0,4752;-0,1001;1,1515;1,2497;20,5223
0,1335;-0,0312;0,9545;0,9643;20,5816
0,1006;-0,0469;1,0666;1,0723;20,6428
-1,1971;0,1152;0,8103;1,4502;20,7073
-1,0085;0,2006;-2,2764;2,4978;20,7624
-0,0220;0,0149;0,8008;0,8012;20,8226
-0,0073;-0,0029;1,0319;1,0319;20,8846
0,2758;0,0371;0,2687;0,3868;20,9422
-0,1894;-0,0188;0,0761;0,2050;21,0027
0,3534;-0,1164;1,7897;1,8280;21,0634
0,3268;-0,1081;1,0873;1,1405;21,1220
0,1735;-0,0329;1,0922;1,1064;21,1820
-0,2104;-0,0722;0,9133;0,9400;21,2467
-0,4320;-0,1601;1,2245;1,3083;21,3035
-0,0513;0,0293;0,7014;0,7039;21,3619
-0,1193;0,0085;1,0378;1,0446;21,4250
0,0085;0,0081;0,9907;0,9907;21,4828
-0,0564;-0,0046;1,4522;1,4533;21,5424
-0,1450;-0,0337;1,6633;1,6699;21,6040
0,4032;-0,0998;1,4353;1,4942;21,6629
0,1433;-0,0517;1,0500;1,0610;21,7220
0,0635;-0,0378;1,1964;1,1987;21,7823
0,0325;-0,1342;2,3948;2,3987;21,8425
0,2406;0,1198;0,5177;0,5833;21,9021
-0,1662;-0,0029;0,8725;0,8882;21,9623
-0,0720;-0,0164;1,0014;1,0041;22,0262
0,0168;-0,0329;0,9809;0,9816;22,0820
-0,0603;-0,0415;0,2197;0,2315;22,1422
0,5152;-0,2565;4,0463;4,0871;22,2026
0,3968;-0,0696;1,1083;1,1793;22,2644
0,2043;-0,0286;1,0158;1,0365;22,3226
0,0708;-0,0466;0,8974;0,9014;22,3817
0,6343;-0,0674;2,0470;2,1441;22,4421
-0,2267;-0,1098;1,1078;1,1361;22,5021
-0,1818;-0,0164;0,9328;0,9505;22,5616
-0,0940;-0,0308;0,9953;1,0002;22,6218
0,0154;-0,0195;0,8799;0,8802;22,6819
0,0793;-0,0081;0,5228;0,5288;22,7421
-0,3117;0,0137;0,8403;0,8964;22,8025
0,2167;-0,0347;1,0649;1,0872;22,8626
0,1159;-0,0247;1,0744;1,0809;22,9218
0,0032;-0,0483;1,2220;1,2230;22,9815
0,0862;-0,1584;1,3533;1,3653;23,0418
0,0347;0,0059;0,5345;0,5357;23,1023
-0,1228;-0,0122;1,0424;1,0497;23,1651
0,0063;-0,0110;0,9907;0,9907;23,2315
0,2326;0,0085;0,4422;0,4998;23,2819
0,0469;-0,0332;0,6080;0,6107;23,3429
0,2385;-0,1472;2,1400;2,1582;23,4015
0,1694;-0,0464;1,0385;1,0532;23,4619
0,1006;-0,0488;1,1122;1,1178;23,5220
0,0278;-0,1870;2,1944;2,2025;23,5821
0,4003;0,1801;0,6595;0,7922;23,6420
-0,0979;0,0098;0,8647;0,8703;23,7043
-0,0425;-0,0090;1,0417;1,0426;23,7620
0,0945;0,0041;0,8733;0,8784;23,8241
0,0513;-0,0859;0,8694;0,8751;23,8815
0,4818;0,0124;1,8800;1,9408;23,9411
0,4379;-0,0854;1,1781;1,2597;24,0018
0,2309;-0,0261;1,0505;1,0758;24,0621
-0,4508;-0,0676;0,6741;0,8138;24,1261
0,1225;0,0493;1,8171;1,8219;24,1897
-0,0063;0,0247;0,1467;0,1489;24,2444
-0,1550;-0,0100;0,9877;0,9999;24,3017
-0,0283;-0,0068;1,0148;1,0152;24,3617
0,0142;-0,0071;0,9155;0,9156;24,4216
-0,0151;-0,0190;-0,0635;0,0680;24,4811
-0,1696;-0,0037;1,2999;1,3109;24,5420
0,5111;-0,1450;1,1159;1,2359;24,6057
0,2267;-0,0193;1,0163;1,0414;24,6644
0,0903;-0,1154;1,6135;1,6202;24,7223
0,1538;0,0761;1,7114;1,7200;24,7816
-0,0225;0,0298;0,7246;0,7256;24,8428
-0,1040;0,0039;1,0185;1,0238;24,9011
-0,0239;0,0024;1,0146;1,0149;24,9614
0,0637;0,0212;0,8120;0,8148;25,0217
-0,2411;-0,0493;0,4017;0,4711;25,0817
-0,1447;-0,0783;1,7290;1,7368;25,1412
0,3146;-0,0432;1,0710;1,1170;25,2013
0,1430;-0,0386;1,2320;1,2409;25,2611
0,6404;-0,1852;2,4682;2,5567;25,3211
0,1657;0,0185;0,5789;0,6025;25,3826
-0,1435;0,0081;0,9111;0,9224;25,4487
-0,0862;0,0027;1,0424;1,0460;25,5019
-0,0622;0,0024;0,9911;0,9931;25,5615
0,0593;0,0093;0,6917;0,6943;25,6229
-0,1418;-0,0420;-0,2431;0,2845;25,6835
0,3673;-0,1006;1,2203;1,2784;25,7451
0,1879;-0,0449;1,1146;1,1313;25,8010
0,1272;-0,0881;1,3611;1,3699;25,8615
0,2470;-0,0115;1,8998;1,9158;25,9243
0,2272;0,0986;0,7320;0,7727;25,9803
-0,1550;0,0088;0,9470;0,9596;26,0415
-0,1064;-0,0002;1,0175;1,0231;26,1014
-0,0469;0,0059;1,0031;1,0042;26,1654
0,1567;0,0923;0,3090;0,3585;26,2209
-0,2424;-0,0574;0,4159;0,4848;26,2814
0,3754;-0,0703;1,1744;1,2350;26,3460
0,3439;-0,0261;1,1947;1,2435;26,4008
-0,0408;-0,0635;1,3184;1,3206;26,4610
-0,2477;0,0388;1,0771;1,1059;26,5253
0,1081;0,0237;0,3663;0,3827;26,5817
-0,1987;0,0046;0,8986;0,9204;26,6405
-0,1494;-0,0088;0,9611;0,9727;26,7014
0,0227;-0,0244;0,8867;0,8873;26,7636
0,0229;0,0029;0,6634;0,6638;26,8209
0,4557;-0,3922;4,5747;4,6141;26,8807
0,4405;-0,0600;1,0453;1,1360;26,9418
0,1367;-0,0312;1,0158;1,0254;27,0020
-0,4274;-0,0696;0,5438;0,6951;27,0612
-0,3866;-0,0442;1,4842;1,5343;27,1253
0,1411;0,0110;0,9077;0,9186;27,1823
-0,1045;0,0015;0,9189;0,9248;27,2425
0,0037;-0,0190;0,9955;0,9957;27,3009
0,1330;-0,0217;0,8630;0,8735;27,3626
-0,0195;0,0483;0,4708;0,4737;27,4206
0,1755;-0,3966;3,4113;3,4388;27,4819
0,5084;-0,1289;1,1869;1,2976;27,5498
0,2011;0,0124;1,0732;1,0919;27,6025
0,0537;-0,0161;1,1803;1,1816;27,6643
0,1442;0,1704;1,4605;1,4774;27,7226
-0,0815;0,1108;0,9421;0,9521;27,7823
-0,1428;-0,0456;1,0473;1,0580;27,8429
-0,0322;-0,0149;0,9933;0,9940;27,9048
-0,0022;-0,0190;0,9384;0,9386;27,9625
-0,3473;0,0266;1,0568;1,1127;28,0249
0,2089;-0,3205;3,2695;3,2918;28,0831
0,4886;-0,0903;1,1156;1,2213;28,1441
0,2219;-0,0273;1,0229;1,0470;28,2023
-0,6346;-0,0808;0,6909;0,9416;28,2638
0,3439;-0,0654;2,0836;2,1128;28,3251
-0,0039;0,0149;0,5438;0,5440;28,3829
-0,1025;0,0015;0,9636;0,9690;28,4466
-0,0866;-0,0312;1,0168;1,0209;28,5024
0,2956;-0,0251;0,5963;0,6660;28,5624
0,1804;-0,0234;0,4713;0,5052;28,6222
0,1706;-0,1316;1,7102;1,7237;28,6826
0,3249;-0,0649;1,1115;1,1598;28,7441
0,0639;-0,0403;1,0802;1,0829;28,8025
0,0671;-0,1137;1,6992;1,7043;28,8631
-0,6719;0,1355;-1,8754;1,9967;28,9229
-0,0432;0,0063;0,7620;0,7632;28,9825
-0,0779;-0,0112;0,9999;1,0030;29,0438
0,0561;-0,0083;0,9589;0,9606;29,1024
0,0134;-0,0164;0,7917;0,7920;29,1625
0,3598;-0,1211;2,6073;2,6348;29,2261
0,5743;-0,1225;1,0834;1,2323;29,2823
0,1711;0,0000;1,0341;1,0482;29,3443
0,0569;-0,0242;1,0468;1,0486;29,4032
0,0417;-0,0361;1,6958;1,6967;29,4624
-1,3607;0,1682;-1,5435;2,0645;29,5226
0,0085;0,0085;0,6565;0,6566;29,5846
-0,0530;-0,0088;1,0348;1,0362;29,6426
0,1972;-0,0212;0,8554;0,8781;29,7067
0,0059;0,0295;1,0444;1,0448;29,7619
0,5120;-0,3727;3,0386;3,1039;29,8237
0,3917;-0,1135;1,0749;1,1496;29,8823
0,1135;-0,0281;0,9340;0,9413;29,9429
0,0222;-0,1098;1,3416;1,3463;30,0029
-0,3695;0,0268;0,7071;0,7982;30,0633
0,1384;0,0703;0,7039;0,7208;30,1261
-0,0525;0,0085;1,0268;1,0282;30,1823
0,1604;0,0088;0,8406;0,8558;30,2416
0,0535;0,0027;0,9907;0,9921;30,3014
0,6287;-0,0613;0,4537;0,7777;30,3618
0,4527;-0,1142;1,1730;1,2625;30,4235
0,2199;-0,0281;0,9990;1,0233;30,4820
0,0742;-0,0347;1,1412;1,1442;30,5454
0,0266;-0,1162;1,9159;1,9196;30,6015
0,2343;0,1276;-0,9924;1,0276;30,6630
-0,0615;0,0139;0,8130;0,8154;30,7272
0,0017;-0,0088;1,0217;1,0217;30,7823
0,2199;-0,0268;0,9892;1,0137;30,8426
-0,3207;-0,0325;1,2120;1,2542;30,9054
0,3751;-0,0329;2,0885;2,1221;30,9628
0,4959;-0,1279;1,1268;1,2378;31,0219
0,4654;-0,0105;1,1061;1,2001;31,0817
-0,5240;-0,0220;0,6961;0,8715;31,1431
-0,1184;0,0112;1,4380;1,4429;31,2019
-0,2753;0,0549;0,8694;0,9136;31,2619
-0,1128;0,0068;1,0026;1,0090;31,3210
-0,0085;-0,0032;1,0097;1,0097;31,3837
0,0910;0,0085;0,8608;0,8657;31,4438
0,2197;0,0625;-1,8078;1,8222;31,5036
-0,3458;-0,0156;1,1971;1,2462;31,5615
0,3105;-0,0884;1,1464;1,1909;31,6541
0,1035;-0,0329;1,1683;1,1734;31,6819
-0,0300;-0,1362;1,8957;1,9008;31,7422
-0,3451;0,0478;-0,1357;0,3739;31,8017
-0,0747;-0,0034;0,7781;0,7817;31,8615
-0,0310;-0,0098;1,0007;1,0012;31,9215
0,1020;-0,0464;1,1776;1,1829;31,9816
-0,1189;-0,0007;0,2245;0,2541;32,0468
-0,2216;-0,1115;1,3929;1,4148;32,1018
0,4527;-0,1213;1,0839;1,1809;32,1644
0,1547;-0,0259;1,0612;1,0727;32,2220
-0,0100;-0,0718;1,0348;1,0374;32,2819
-0,0351;-0,0088;1,1871;1,1877;32,3463
-0,1023;-0,0691;0,6119;0,6242;32,4018
-0,0844;-0,0056;1,0148;1,0183;32,4621
0,0329;-0,0139;1,0058;1,0064;32,5251
0,5294;0,0547;0,0959;0,5408;32,5814
0,4779;0,0700;0,8755;0,9999;32,6419
0,2726;-0,0566;1,1930;1,2251;32,7019
0,2814;-0,0325;1,0148;1,0536;32,7627
0,0776;-0,0376;1,1559;1,1591;32,8208
-0,0742;-0,0854;1,4463;1,4507;32,8812
0,3495;0,0627;-0,0290;0,3563;32,9440
-0,1533;-0,0049;0,9911;1,0029;33,0018
0,0657;-0,0071;1,0214;1,0235;33,0619
0,1635;-0,0090;1,2286;1,2395;33,1240
-0,0156;-0,0635;1,0487;1,0508;33,1848
0,8423;-0,1850;3,0471;3,1668;33,2436
0,5552;-0,0783;1,1164;1,2493;33,3012
0,5108;-0,0264;1,2743;1,3731;33,3618
0,2751;-0,0881;1,7368;1,7606;33,4222
-0,6060;0,1406;-0,7839;1,0008;33,4820
0,0127;0,0430;0,7442;0,7455;33,5418
-0,0657;-0,0044;1,0815;1,0835;33,6061
0,0017;0,0012;0,9819;0,9819;33,6606
0,0488;0,0044;0,8386;0,8400;33,7217
-0,3266;0,0185;-0,1064;0,3440;33,7840
0,1279;-0,1013;1,0883;1,1004;33,8444
0,2751;-0,0383;1,0722;1,1076;33,9012
0,0730;-0,0193;1,2582;1,2604;33,9650
0,7915;-0,1596;2,0770;2,2284;34,0219
0,3710;0,1547;0,3358;0,5238;34,0828
-0,1301;0,0139;0,9833;0,9920;34,1430
-0,0410;-0,0010;1,0177;1,0186;34,2028
0,2194;0,0173;0,7149;0,7480;34,2636
-1,1185;-0,1538;2,3599;2,6161;34,3219
0,6497;-0,1943;3,7706;3,8310;34,3827
0,4801;-0,1379;1,0365;1,1506;34,4428
0,1921;-0,0630;1,1083;1,1266;34,5028
-0,2670;0,0085;1,0065;1,0414;34,5619
-1,1061;-0,0437;0,0110;1,1070;34,6289
0,2460;0,0002;-0,0024;0,2460;34,6827
-0,0703;0,0085;0,9858;0,9883;34,7425
0,0632;-0,0110;1,0180;1,0200;34,8043
0,1972;0,0220;0,7571;0,7827;34,8664
-0,2241;0,0561;-0,6265;0,6677;34,9227
-0,1750;0,0034;1,8993;1,9074;34,9836
0,5579;-0,0705;1,1276;1,2600;35,0416
0,3290;-0,0205;0,9831;1,0369;35,1049
0,0908;-0,1518;1,3819;1,3932;35,1619
0,4659;-0,0410;2,1241;2,1750;35,2229
0,2023;0,0378;0,3283;0,3875;35,2817
-0,0608;0,0032;1,0012;1,0030;35,3424
0,1130;-0,0020;0,9680;0,9745;35,4108
-0,0493;-0,0369;1,1539;1,1556;35,4620
0,4339;-0,2341;-0,0964;0,5024;35,5228
0,3385;0,0422;1,1923;1,2401;35,5861
0,2375;-0,0242;0,9977;1,0259;35,6421
0,0556;-0,0227;1,0785;1,0802;35,7032
0,0193;0,0090;1,5823;1,5824;35,7618
-0,4518;0,0398;-1,9559;2,0078;35,8222
-0,0815;0,0178;0,7913;0,7956;35,8839
-0,0369;0,0085;0,9907;0,9914;35,9453
0,9626;-0,1784;0,7666;1,2434;36,0013
0,1350;0,0725;0,6575;0,6751;36,0634
-0,3610;0,0317;1,0778;1,1371;36,1222
0,4562;-0,0339;1,1261;1,2155;36,1821
0,1167;-0,0271;0,9553;0,9627;36,2439
0,1108;-0,0393;1,0988;1,1051;36,3031
-0,7505;0,0329;1,7382;1,8936;36,3635
0,2939;0,0486;0,4235;0,5177;36,4220
-0,1162;-0,0144;0,9750;0,9820;36,4844
0,0556;0,0000;0,9733;0,9749;36,5432
0,1193;-0,0405;1,3126;1,3186;36,6024
0,1233;-0,0827;0,3717;0,4003;36,6614
0,4950;-0,0637;2,1819;2,2383;36,7217
0,4042;-0,0220;1,0617;1,1362;36,7820
0,1557;-0,0090;1,2181;1,2281;36,8423
0,0605;-0,0220;1,7028;1,7041;36,9019
-0,3192;-0,2345;-2,5290;2,5598;36,9642
-0,1142;0,0159;0,8125;0,8206;37,0218
-0,0149;0,0007;0,9658;0,9659;37,0819
-0,2895;-0,0078;0,9458;0,9891;37,1445
0,1782;-0,0725;1,3511;1,3648;37,2013
0,3341;-0,0510;1,1000;1,1508;37,2617
0,2341;-0,0300;1,0158;1,0428;37,3234
0,1296;-0,0081;1,0375;1,0456;37,3817
0,0808;-0,0905;1,2708;1,2766;37,4446
0,2958;-0,0657;1,6738;1,7010;37,5020
0,0798;0,0073;0,5133;0,5195;37,5630
-0,0576;-0,0212;1,0446;1,0464;37,6224
0,3446;0,0032;-0,3366;0,4817;37,6839
0,0400;0,0234;0,5430;0,5450;37,7432
0,1818;0,0317;0,0327;0,1875;37,8020
0,3822;-0,0432;1,2218;1,2809;37,8623
0,3295;-0,0283;1,0402;1,0915;37,9256
0,1396;-0,0156;1,1642;1,1726;37,9820
0,3375;0,0559;2,1063;2,1339;38,0422
0,0759;-0,1047;-1,1427;1,1500;38,1082
-0,1765;-0,0078;0,8718;0,8895;38,1622
-0,0359;0,0105;0,9277;0,9284;38,2226
0,1059;0,0049;0,6805;0,6887;38,2849
0,0383;0,0315;0,3380;0,3416;38,3429
-0,1401;0,0439;1,1112;1,1209;38,4022
0,3344;-0,0869;1,0434;1,0991;38,4622
0,1025;-0,0207;1,0353;1,0406;38,5221
0,1020;-0,1616;1,5562;1,5678;38,5825
-0,3075;0,0317;-0,0893;0,3218;38,6425
0,0166;-0,0041;0,6480;0,6482;38,7054
-0,0020;-0,0063;1,0404;1,0405;38,7628
0,7673;0,0051;0,4176;0,8736;38,8271
-0,1960;0,0427;-0,4149;0,4609;38,8826
0,2084;-0,0810;1,9979;2,0104;38,9429
0,4647;-0,0881;1,0946;1,1924;39,0033
0,3275;0,0103;1,0102;1,0620;39,0621
0,1572;-0,0259;1,1864;1,1970;39,1223
-0,8025;0,0281;0,4710;0,9309;39,1825
0,2323;0,0290;0,7588;0,7941;39,2482
-0,0688;-0,0049;0,9680;0,9704;39,3033
0,1198;-0,0146;0,9760;0,9835;39,3659
0,1330;0,0107;0,5177;0,5346;39,4222
-0,0459;0,0088;0,2758;0,2797;39,4850
0,5003;-0,1791;1,3741;1,4733;39,5411
0,3580;-0,0227;1,1144;1,1707;39,6020
0,0259;-0,0481;1,0060;1,0075;39,6636
0,0637;-0,0544;1,0595;1,0628;39,7224
-1,0177;0,1308;0,8491;1,3319;39,7821
-0,0176;-0,0129;0,9724;0,9726;39,8421
-0,0286;0,0024;0,9453;0,9457;39,9044
0,1337;-0,0156;0,8857;0,8959;39,9611
-0,3827;-0,0366;0,4867;0,6202;40,0222
0,7988;-0,2951;4,9199;4,9930;40,0864
0,5689;-0,0300;1,1549;1,2878;40,1472
0,2560;-0,0371;0,9680;1,0019;40,2017
0,0098;-0,0159;0,9828;0,9830;40,2619
0,0444;-0,0632;1,6616;1,6634;40,3225
-0,2292;0,0547;1,3594;1,3797;40,3914
0,0559;0,0293;0,6529;0,6559;40,4420
0,0207;-0,0059;1,0141;1,0143;40,5021
0,2209;-0,0242;0,6019;0,6416;40,5698
-0,0081;0,0029;0,2848;0,2850;40,6214
-0,0173;0,1267;1,0653;1,0730;40,6821
0,3485;-0,0796;1,0505;1,1096;40,7442
0,2287;-0,0205;0,9653;0,9922;40,8022
0,2309;-0,0337;1,2010;1,2235;40,8613
-0,0078;-0,0537;1,6818;1,6827;40,9217
0,0881;0,0349;0,6341;0,6411;40,9862
-0,0898;-0,0022;0,8574;0,8621;41,0409
0,0503;-0,0046;0,9255;0,9269;41,1025
-0,1545;0,0110;1,2511;1,2606;41,1643
0,2101;-0,1025;0,8384;0,8704;41,2229
0,5880;-0,1020;1,1012;1,2525;41,2823
0,2770;-0,0356;0,9907;1,0293;41,3415
0,1206;-0,0408;1,0197;1,0276;41,4010
0,1423;-0,0137;1,1120;1,1211;41,4639
0,0676;0,0132;1,6450;1,6464;41,5212
-0,8486;-0,0005;-1,0483;1,3487;41,5820
-0,0124;-0,0071;0,7793;0,7794;41,6437
-0,0820;-0,0281;0,9975;1,0013;41,7066
0,1979;0,0678;0,4505;0,4968;41,7633
0,1311;-0,0041;0,7683;0,7794;41,8218
0,3539;-0,1379;1,1351;1,1970;41,8841
0,2863;-0,0278;1,0043;1,0447;41,9422
0,1447;-0,0229;1,0053;1,0159;42,0022
0,1667;-0,0105;1,1622;1,1742;42,0619
0,8728;0,0017;2,4936;2,6419;42,1263
0,2360;0,0854;0,0034;0,2510;42,1804
-0,1206;0,0000;0,8806;0,8888;42,2415
-0,0813;-0,0112;0,9941;0,9975;42,3052
0,2458;0,0037;0,6214;0,6682;42,3719
-0,1604;0,0088;0,3568;0,3913;42,4226
1,0129;-0,7908;6,3049;6,4345;42,4816
0,3517;-0,0732;1,0780;1,1363;42,5411
0,1721;-0,0329;0,9911;1,0065;42,6042
0,1345;-0,0268;1,0609;1,0698;42,6613
0,1042;-0,0920;1,5752;1,5813;42,7256
-1,2481;0,0500;-1,9296;2,2986;42,7824
-0,0493;0,0107;0,7129;0,7147;42,8412
-0,0964;-0,0095;1,0202;1,0248;42,9026
-0,0298;-0,0151;0,9911;0,9917;42,9636
-0,1508;0,0791;1,1893;1,2015;43,0214
-0,1652;-0,1089;0,1579;0,2532;43,0810
0,2521;-0,0632;1,2364;1,2635;43,1411
0,1574;-0,0188;1,0656;1,0773;43,2079
0,0088;-0,0171;1,3760;1,3762;43,2607
-0,2834;0,0041;1,4266;1,4544;43,3218
0,0476;0,0256;-0,0373;0,0657;43,3918
-0,1616;-0,0159;0,9677;0,9812;43,4412
-0,0649;-0,0112;0,9992;1,0014;43,5024
0,0134;-0,0151;0,9709;0,9711;43,5606
-0,0444;0,0312;0,4464;0,4497;43,6217
0,1176;0,0273;3,6624;3,6644;43,6823
0,3676;-0,0290;1,1459;1,2037;43,7426
0,4061;-0,0349;1,2381;1,3035;43,8014
-0,1152;-0,0859;1,2852;1,2933;43,8633
0,0520;0,1477;1,2913;1,3008;43,9208
-0,0598;0,0225;0,8572;0,8595;43,9811
-0,1694;-0,0137;1,0400;1,0538;44,0469
-0,1064;-0,0176;0,9809;0,9868;44,1001
-0,0478;-0,0247;0,9379;0,9395;44,1617
-0,0940;0,0188;0,0913;0,1323;44,2250
0,1279;-0,7434;4,4715;4,5347;44,2809
0,3166;-0,0818;1,0883;1,1363;44,3420
0,0862;-0,0286;1,1349;1,1385;44,4134
-0,0625;-0,0791;1,2962;1,3001;44,4612
0,3002;-0,0535;1,8839;1,9085;44,5234
0,0459;-0,0005;0,4606;0,4628;44,5807
-0,1464;-0,0183;1,0324;1,0429;44,6411
-0,0854;-0,0261;0,9780;0,9820;44,6998
-0,0005;-0,0225;0,9065;0,9067;44,7608
-0,1957;-0,0918;0,4774;0,5241;44,8225
-0,0835;-0,0200;1,4900;1,4925;44,8820
0,1923;-0,0432;1,0114;1,0304;44,9417
0,1352;-0,0249;1,2760;1,2834;45,0041
-0,0486;-0,1586;1,7563;1,7641;45,0642
-0,1923;0,0083;-0,8306;0,8526;45,1218
-0,1396;0,0063;0,8979;0,9087;45,1819
-0,0710;-0,0012;1,0424;1,0448;45,2463
-0,0391;-0,0027;1,0131;1,0139;45,3025
0,0625;0,0083;0,7607;0,7634;45,3627
0,0447;-0,0329;0,1755;0,1841;45,4220
-0,1345;-0,0481;1,6460;1,6522;45,4816
0,2611;-0,0564;1,1076;1,1393;45,5421
0,1110;-0,0268;1,2499;1,2551;45,6009
0,3290;-0,0674;1,7973;1,8284;45,6613
0,3207;0,1926;-0,3827;0,5352;45,7221
-0,1172;-0,0227;0,9111;0,9189;45,7851
-0,0710;-0,0300;1,0402;1,0431;45,8411
-0,0347;-0,0310;0,9943;0,9954;45,9017
0,1862;0,0022;0,5203;0,5527;45,9656
0,1279;-0,0996;0,6795;0,6985;46,0216
0,0283;-0,0356;1,4966;1,4973;46,0817
0,2162;-0,0471;1,0741;1,0967;46,1441
0,0730;-0,0386;1,2284;1,2311;46,2012
-0,0412;-0,0583;1,6181;1,6197;46,2629
-0,4374;0,0403;-1,1932;1,2715;46,3224
-0,1325;0,0037;0,8830;0,8929;46,3821
-0,1118;-0,0098;1,0246;1,0307;46,4436
-0,0439;-0,0110;0,9797;0,9807;46,5023
0,2616;0,0185;0,3939;0,4733;46,5624
-0,0661;-0,0039;0,7903;0,7931;46,6346
0,0791;-0,0522;1,2067;1,2104;46,6820
0,1181;-0,0381;1,0348;1,0423;46,7431
-0,0103;-0,0312;0,9819;0,9824;46,8026
-0,0395;-0,0430;1,4502;1,4514;46,8620
0,1123;0,0688;1,2035;1,2107;46,9222
-0,0495;0,0088;0,7437;0,7454;46,9823
-0,0964;-0,0168;1,0290;1,0336;47,0424
0,0193;-0,0068;0,8877;0,8879;47,1046
0,1833;0,0539;0,5765;0,6073;47,1621
0,1028;-0,0149;0,6170;0,6257;47,2226
-0,0037;-0,0334;1,3914;1,3918;47,2841
0,1562;-0,0259;1,0902;1,1017;47,3429
0,0071;-0,0164;1,0736;1,0738;47,4024
-0,0617;-0,0327;1,4417;1,4434;47,4642
0,4908;0,0210;2,3059;2,3577;47,5220
-0,0696;0,0015;0,6905;0,6940;47,5821
-0,1225;-0,0178;1,0724;1,0795;47,6426
0,1069;-0,0242;0,8628;0,8697;47,7021
-0,0766;-0,0068;0,9177;0,9209;47,7615
-0,2197;-0,0759;0,4144;0,4751;47,8220
0,3868;-0,1108;1,2335;1,2975;47,8898
0,1755;-0,0268;1,0465;1,0615;47,9425
-0,1694;-0,0286;0,9523;0,9677;48,0021
0,3114;-0,0449;1,5491;1,5807;48,0622
0,2201;-0,1186;-0,5169;0,5742;48,1253
-0,1254;-0,0237;0,9362;0,9449;48,1820
-0,0139;-0,0115;0,9907;0,9908;48,2419
0,0339;-0,0298;1,0251;1,0261;48,3020
0,8296;0,0078;0,2719;0,8730;48,3677
-0,1091;-0,0427;0,4830;0,4970;48,4290
-0,0085;-0,0598;1,5479;1,5490;48,4818
0,2992;-0,0520;0,9902;1,0357;48,5424
0,2387;-0,0591;1,3682;1,3901;48,6056
0,0527;0,0107;1,2377;1,2388;48,6616
0,0657;-0,0779;0,1352;0,1693;48,7217
-0,0832;-0,0024;0,8437;0,8478;48,7818
-0,0708;-0,0078;1,0151;1,0176;48,8448
-0,0225;-0,0142;0,9819;0,9822;48,9019
0,6958;-0,0049;-0,0422;0,6971;48,9617
-0,5299;-0,1257;1,0468;1,1800;49,0244
0,0527;-0,0715;1,2018;1,2051;49,0810
0,2033;-0,0327;1,0309;1,0513;49,1419
0,1911;-0,0247;1,3175;1,3315;49,2029
-1,0251;-0,0027;-0,6009;1,1882;49,2622
0,0652;0,0081;0,5030;0,5073;49,3218
-0,1008;0,0081;1,0319;1,0368;49,3928
0,0205;0,0015;1,0143;1,0145;49,4415
0,0696;-0,0012;0,9687;0,9712;49,5017
-0,0430;0,0295;0,0603;0,0797;49,5638
0,2848;-0,0925;2,5964;2,6136;49,6213
0,4676;-0,0571;0,9638;1,0728;49,6821
0,2531;-0,0320;1,1486;1,1766;49,7424
-0,0312;-0,0713;1,5020;1,5040;49,8020
-0,0349;0,0034;1,2298;1,2303;49,8615
0,0012;0,0334;0,7056;0,7064;49,9216
-0,0193;0,0107;1,0134;1,0136;49,9842
0,0442;0,0090;0,9636;0,9646;50,0423
0,0888;0,0110;0,8545;0,8591;50,1012
-0,0215;-0,0137;0,3776;0,3784;50,1615
-0,0864;-0,0193;1,5759;1,5784;50,2216
0,3441;-0,0408;1,0732;1,1277;50,2843
0,0832;-0,0071;1,1190;1,1221;50,3433
-0,0205;-0,0688;0,7974;0,8006;50,4015
0,0691;-0,1106;1,1100;1,1176;50,4653
0,0081;-0,1191;0,9511;0,9586;50,5216
0,1062;-0,1401;1,0300;1,0448;50,5817
0,0825;-0,1740;1,0231;1,0411;50,6414
0,0488;-0,1279;0,9948;1,0042;50,7022
0,0337;-0,0957;1,0278;1,0327;50,7613
0,0820;-0,0132;0,7783;0,7827;50,8221
0,0412;-0,0090;1,0209;1,0218;50,8878
0,1418;-0,0398;1,1088;1,1185;50,9419
0,0996;-0,0430;1,0514;1,0570;51,0015
0,3395;-0,0327;2,2722;2,2977;51,0624
0,1484;0,0554;0,5623;0,5842;51,1208
-0,1457;-0,0073;1,0768;1,0867;51,1832
0,2492;-0,0832;0,5926;0,6482;51,2426
-0,0364;-0,0171;0,6663;0,6675;51,3025
0,0293;-0,1833;2,7836;2,7897;51,3616
0,3212;-0,0395;1,0368;1,0861;51,4225
0,1652;-0,0447;1,0116;1,0260;51,4810
0,1237;-0,0417;1,0922;1,1000;51,5412
0,1220;-0,0283;2,0011;2,0050;51,6009
0,5186;0,0247;0,2529;0,5775;51,6610
-0,0430;0,0388;0,8806;0,8825;51,7216
0,0820;-0,0083;0,9382;0,9418;51,7861
0,0879;-0,0237;0,4400;0,4494;51,8474
-0,1096;-0,0688;0,4891;0,5059;51,9006
0,2397;-0,0966;1,1015;1,1314;51,9611
0,2446;-0,0559;1,0568;1,0862;52,0223
0,2292;-0,0478;1,0063;1,0332;52,0812
0,1821;-0,0293;2,0638;2,0720;52,1423
0,3390;-0,0173;0,4747;0,5836;52,2014
-0,0173;0,0146;0,8359;0,8362;52,2611
0,5516;0,0095;-0,3617;0,6597;52,3211
0,1032;-0,0400;0,6922;0,7010;52,3821
0,0564;-0,0620;1,8690;1,8709;52,4411
0,4491;-0,0732;1,0688;1,1616;52,5011
0,3205;-0,0232;0,9992;1,0496;52,5655
0,1999;-0,0547;1,0959;1,1153;52,6204
0,3100;-0,1091;2,3467;2,3696;52,6838
0,1274;0,0242;0,4908;0,5077;52,7409
-0,0884;0,0078;0,8852;0,8897;52,8008
0,0434;0,0027;0,4376;0,4398;52,8610
0,2680;-0,0520;0,9589;0,9970;52,9226
0,0757;-0,0622;1,2225;1,2264;52,9807
0,3505;-0,0596;1,0258;1,0857;53,0415
0,2280;-0,0459;0,9870;1,0140;53,1007
0,2150;-0,0478;1,0946;1,1166;53,1610
-0,1152;-0,0459;1,4839;1,4891;53,2207
0,4757;0,0774;0,4549;0,6627;53,2810
-0,1057;0,0271;0,8564;0,8633;53,3413
0,2548;0,0923;0,4618;0,5354;53,4026
-0,1669;0,0342;-0,2031;0,2651;53,4620
0,5301;-0,2375;2,4216;2,4903;53,5247
0,3561;-0,0549;1,0199;1,0817;53,5815
0,2402;-0,0554;0,9946;1,0246;53,6410
0,2123;-0,0542;1,0844;1,1063;53,7029
0,1418;-0,0740;1,4878;1,4964;53,7608
-1,1286;0,0764;-1,4007;1,8004;53,8252
0,0517;-0,0054;0,6453;0,6474;53,8807
-0,1001;-0,0227;1,3287;1,3326;53,9406
0,1045;-0,0759;1,1915;1,1985;54,0030
0,6768;-0,2038;1,1237;1,3275;54,0597
0,2604;-0,0305;1,1674;1,1964;54,1206
0,2685;-0,0234;0,9445;0,9822;54,1806
0,1562;-0,0127;1,0156;1,0276;54,2413
0,3058;-0,0322;1,4263;1,4591;54,3005
0,0471;-0,0425;1,5156;1,5170;54,3603
0,0083;-0,0173;0,6004;0,6007;54,4202
-0,0388;-0,0083;0,8945;0,8954;54,4805
0,1870;0,0283;0,7673;0,7903;54,5402
-0,0478;-0,0156;-0,1996;0,2059;54,6007
-0,2309;-0,0046;1,0326;1,0581;54,6605
0,3217;-0,0593;1,0253;1,0762;54,7201
0,1652;-0,0452;0,9377;0,9532;54,7814
0,2336;-0,0369;1,0502;1,0765;54,8423
0,4091;-0,1184;1,8566;1,9048;54,9003
-0,8535;0,1701;-1,3182;1,5796;54,9628
0,0896;0,0305;0,6858;0,6923;55,0202
0,1750;0,0637;0,8105;0,8317;55,0818
0,1938;-0,0617;1,0107;1,0309;55,1443
0,0522;0,0310;-0,0095;0,0615;55,2006
0,3058;-0,0403;1,2074;1,2462;55,2607
0,2219;-0,0439;0,9894;1,0150;55,3199
0,1765;-0,0303;0,9687;0,9851;55,3802
0,1935;-0,0159;1,1581;1,1743;55,4405
0,1830;-0,0725;1,5540;1,5664;55,5009
0,1150;0,0522;-0,2965;0,3223;55,5601
0,0547;-0,0176;0,5909;0,5937;55,6204
0,2170;0,0452;0,4671;0,5170;55,6817
-0,0332;-0,0351;0,1035;0,1142;55,7415
0,0798;-0,0178;1,2567;1,2593;55,8031
0,4703;-0,0425;1,1466;1,2401;55,8644
0,1359;-0,0259;0,9514;0,9614;55,9208
0,1086;-0,0378;1,0478;1,0541;55,9801
0,1037;-0,0242;1,6040;1,6075;56,0412
-0,7359;0,0820;-0,6509;0,9859;56,1009
0,0713;-0,0002;0,6431;0,6470;56,1618
0,0578;-0,0134;1,0263;1,0280;56,2217
0,2219;0,0417;0,0083;0,2259;56,2833
0,5059;-0,1233;2,5832;2,6351;56,3398
0,4132;-0,0242;1,1063;1,1812;56,4010
0,5030;0,0105;1,1132;1,2216;56,4638
-0,3558;-0,0791;0,7503;0,8341;56,5267
0,1137;-0,0586;1,5825;1,5877;56,5806
-0,5299;0,0954;-0,8694;1,0226;56,6423
0,0825;0,0156;0,5626;0,5688;56,7011
-0,0283;0,0046;1,0385;1,0389;56,7623
0,1201;0,0427;0,9250;0,9337;56,8215
0,1145;-0,1477;0,0810;0,2036;56,8837
0,1916;-0,0549;1,1486;1,1657;56,9411
0,2546;-0,0264;0,9514;0,9852;57,0006
0,0737;-0,0337;1,0732;1,0762;57,0609
0,0713;-0,0420;1,1139;1,1170;57,1239
0,0869;0,0434;1,2091;1,2130;57,1806
0,1621;-0,0063;0,5250;0,5495;57,2414
0,0081;0,0088;0,8747;0,8748;57,3073
0,0620;0,0022;0,9726;0,9746;57,3612
-0,2402;0,0049;0,8762;0,9085;57,4221
0,2572;-0,0471;0,2255;0,3453;57,4804
0,2841;0,0503;1,2623;1,2949;57,5402
0,6473;0,0635;1,0878;1,2674;57,6008
0,0639;-0,0273;0,8767;0,8794;57,6626
0,1828;-0,0593;1,8068;1,8170;57,7205
-1,0531;0,1462;-1,7397;2,0389;57,7807
0,0395;0,0310;0,7183;0,7200;57,8455
-0,0098;0,0085;1,0485;1,0486;57,9001
0,2626;0,0320;0,7014;0,7497;57,9610
-0,1567;0,0264;0,9174;0,9311;58,0218
0,8540;-0,4078;2,9512;3,0993;58,0813
0,4989;-0,0696;1,0880;1,1990;58,1404
0,1804;-0,0322;0,9567;0,9741;58,2026
0,1211;-0,0500;1,0846;1,0925;58,2606
0,1071;-0,1342;1,8576;1,8655;58,3217
-0,3392;0,1481;-0,7368;0,8246;58,3813
-0,0256;-0,0049;0,6795;0,6800;58,4401
0,0908;-0,0098;1,0234;1,0274;58,5000
-0,0183;-0,0508;1,2396;1,2408;58,5617
-0,2292;0,0661;-0,3131;0,3936;58,6204
0,2982;-0,1057;2,0526;2,0768;58,6807
0,2878;-0,0434;1,0710;1,1098;58,7411
-0,3363;-0,0334;0,6089;0,6964;58,8045
0,1057;-0,0461;1,3175;1,3225;58,8620
0,2494;0,0007;1,8017;1,8189;58,9204
0,0908;0,0369;0,4645;0,4747;58,9813
-0,0447;0,0066;1,0297;1,0307;59,0402
0,0669;0,0085;0,9699;0,9723;59,1006
0,1950;0,0110;0,6951;0,7220;59,1669
0,0203;-0,0495;0,7603;0,7621;59,2211
0,5911;-0,0415;2,2857;2,3612;59,2808
0,2751;-0,0166;0,9753;1,0135;59,3440
0,1106;-0,0312;1,0065;1,0131;59,4062
0,0805;-0,0549;1,5432;1,5463;59,4603
0,4554;0,0635;1,9408;1,9945;59,5224
0,0593;0,0395;0,5550;0,5596;59,5820
0,1557;0,0098;0,9040;0,9174;59,6406
-0,0442;-0,0449;1,4224;1,4238;59,6998
0,0276;0,0415;0,5775;0,5796;59,7610
0,2638;-0,0376;1,0307;1,0646;59,8234
0,4915;-0,0686;1,0812;1,1897;59,8798
0,1843;-0,0068;0,9702;0,9875;59,9406
0,0854;-0,0393;1,1754;1,1792;60,0014
0,0854;-0,0603;1,5440;1,5475;60,0661
0,1801;0,0913;1,0966;1,1150;60,1202
0,0249;0,0261;0,7012;0,7021;60,1811
0,0051;-0,0139;1,0341;1,0342;60,2424
0,2553;0,0181;0,6875;0,7336;60,2993
-0,1223;-0,0078;-0,0139;0,1233;60,3603
0,2365;-0,0952;2,7848;2,7964;60,4207
0,6128;-0,0984;1,0829;1,2482;60,4820
0,2258;-0,0115;0,9494;0,9760;60,5416
0,1423;-0,0259;1,0241;1,0343;60,5999
0,0644;-0,0256;1,3143;1,3161;60,6611
0,2021;-0,0073;0,7283;0,7558;60,7213
0,0090;0,0085;0,7029;0,7030;60,7805
-0,0215;0,0220;0,9155;0,9160;60,8401
0,1474;0,0085;0,8430;0,8558;60,9021
0,0818;0,0493;0,2987;0,3136;60,9611
0,1894;0,0225;1,1744;1,1898;61,0205
0,3883;-0,0054;1,2098;1,2706;61,0795
0,2651;-0,0430;0,9936;1,0292;61,1398
0,0613;-0,0339;1,0866;1,0888;61,2046
-0,1350;-0,0088;1,2164;1,2239;61,2597
-0,1374;0,0635;0,5601;0,5802;61,3197
-0,0325;-0,0051;0,7639;0,7646;61,3902
-0,0432;-0,0083;0,9357;0,9368;61,4448
0,0298;-0,0232;0,9911;0,9919;61,4994
0,1384;-0,0488;0,7173;0,7322;61,5596
0,0124;-0,0661;1,5032;1,5047;61,6210
0,4998;-0,0757;1,0456;1,1614;61,6809
0,1196;-0,0344;0,8967;0,9053;61,7410
0,1735;-0,0261;1,0329;1,0477;61,8000
0,1150;-0,0657;1,2230;1,2302;61,8593
0,2611;0,0378;1,5994;1,6210;61,9189
0,1320;0,0088;0,4881;0,5057;61,9797
0,2590;-0,0039;0,5994;0,6530;62,0448
-0,3405;-0,0159;1,3143;1,3578;62,1006
-0,0871;-0,0124;1,2169;1,2201;62,1618
0,4000;-0,0605;0,9960;1,0751;62,2257
0,0827;-0,0471;1,0395;1,0438;62,2822
0,0984;-0,0227;1,0668;1,0716;62,3418
0,0637;-0,0217;1,2953;1,2970;62,4017
0,1028;0,0046;0,9980;1,0033;62,4613
0,0249;-0,0073;0,7642;0,7646;62,5219
-0,0256;0,0081;0,8969;0,8973;62,5828
0,3019;0,0039;-0,2748;0,4083;62,6414
0,3761;-0,0820;2,1773;2,2111;62,7017
0,4296;-0,0322;0,9213;1,0171;62,7614
0,3380;-0,0366;1,0365;1,0909;62,8218
0,0400;-0,0320;1,0241;1,0254;62,8815
0,0500;-0,0383;1,1574;1,1591;62,9409
0,2516;0,0046;0,7683;0,8085;63,0056
-0,1003;0,0142;0,9091;0,9148;63,0610
-0,0337;-0,0110;0,9616;0,9623;63,1214
0,1030;-0,0220;0,9904;0,9960;63,1863
0,1457;-0,0427;0,5994;0,6184;63,2408
1,6555;-0,6614;6,4499;6,6917;63,3017
0,5345;-0,0635;1,0976;1,2224;63,3614
0,3727;-0,0510;1,0185;1,0857;63,4213
0,1438;-0,0395;1,0138;1,0247;63,4845
0,1047;-0,0642;1,2572;1,2632;63,5411
0,1132;0,0642;1,7614;1,7662;63,6015
0,0520;0,0386;0,7605;0,7633;63,6660
-0,0459;-0,0007;0,9414;0,9425;63,7212
0,0271;-0,0376;0,9770;0,9781;63,7808
0,3810;-0,0007;0,0508;0,3844;63,8439
0,4344;0,1096;-0,1291;0,4663;63,9085
0,2980;-0,0203;1,2699;1,3045;63,9604
0,2885;-0,0283;0,9926;1,0341;64,0233
0,0854;-0,0278;1,0780;1,0818;64,0866
-0,0442;-0,0315;1,1154;1,1167;64,1406
0,1059;0,0649;1,7824;1,7867;64,2022
-0,0122;0,0164;0,7688;0,7691;64,2616
-0,0837;-0,0225;0,9921;0,9959;64,3211
-0,0198;-0,0417;0,9606;0,9617;64,3812
0,1884;-0,0112;0,6429;0,6700;64,4410
-0,1242;0,0190;0,5379;0,5524;64,5010
0,6351;-0,0422;2,5702;2,6479;64,5612
0,2624;-0,0264;1,0383;1,0712;64,6261
0,0988;-0,0046;1,1622;1,1664;64,6816
0,1089;0,0486;0,9863;0,9934;64,7413
-0,0793;-0,0849;-0,3471;0,3660;64,8011
-0,1084;-0,0071;0,7847;0,7921;64,8628
-0,0930;-0,0066;0,9955;0,9999;64,9209
0,0469;-0,0007;0,9619;0,9630;64,9808
-0,2741;-0,0117;0,9814;1,0190;65,0407
-0,1123;-0,0310;0,8547;0,8626;65,1057
-0,0149;-0,0832;1,1818;1,1848;65,1609
0,1938;-0,0210;0,9880;1,0070;65,2222
0,0371;-0,0337;1,0873;1,0885;65,2824
0,0041;-0,0388;1,4390;1,4395;65,3440
0,0124;0,0781;1,2460;1,2485;65,4026
-0,0083;0,0408;0,6783;0,6795;65,4619
-0,1215;0,0022;0,9719;0,9794;65,5241
-0,0617;-0,0342;0,9999;1,0024;65,5824
0,3219;0,0349;0,2807;0,4285;65,6410
-0,5694;-0,0513;2,0260;2,1051;65,7017
-0,0115;-0,0200;1,3106;1,3108;65,7616
0,2245;-0,0286;1,0524;1,0765;65,8281
-0,0359;0,0471;1,0595;1,0611;65,8818
0,2499;0,0161;1,6467;1,6656;65,9414
0,0183;0,1860;1,7756;1,7854;66,0042
0,0022;0,0522;0,7927;0,7944;66,0615
-0,0913;-0,0100;0,9775;0,9818;66,1216
0,0110;-0,0308;1,0046;1,0051;66,1816
0,0544;-0,0456;0,6036;0,6077;66,2436
0,2404;-0,1381;1,9720;1,9914;66,3014
0,2348;0,0303;1,0980;1,1233;66,3617
0,2319;-0,0100;0,9994;1,0260;66,4221
0,0188;-0,0442;1,1949;1,1959;66,4817
0,1081;0,0022;1,6557;1,6593;66,5422
0,2446;-0,0159;1,1024;1,1294;66,6012
-0,0510;0,0347;0,6499;0,6529;66,6613
-0,0930;-0,0124;1,0490;1,0532;66,7214
0,0164;-0,0007;0,9753;0,9754;66,7852
0,3773;-0,0583;1,2145;1,2731;66,8435
0,0115;-0,0798;1,2850;1,2875;66,9017
0,1562;-0,0329;1,2557;1,2658;66,9618
0,2118;-0,0144;0,9765;0,9993;67,0217
0,0388;-0,0400;0,9689;0,9705;67,0815
0,0085;-0,0491;1,2145;1,2155;67,1414
0,2543;0,0491;1,5237;1,5456;67,2028
0,1010;0,0554;0,5081;0,5210;67,2617
-0,1052;0,0085;0,8940;0,9002;67,3212
-0,0535;-0,0198;1,0390;1,0405;67,3814
0,0242;0,0037;0,7515;0,7519;67,4414
0,0268;-0,0735;-0,2311;0,2440;67,5034
-0,1240;-0,0659;1,4844;1,4910;67,5612
0,2343;-0,0539;1,0880;1,1143;67,6215
0,0766;-0,0098;0,9887;0,9917;67,6846
-0,0161;-0,0830;1,1725;1,1755;67,7412
0,2558;0,0144;1,5913;1,6118;67,8019
-0,2731;-0,0459;1,7102;1,7324;67,8644
-0,0788;0,0085;0,9240;0,9274;67,9219
-0,0251;-0,0261;1,0424;1,0430;67,9817
0,1006;-0,0034;0,8308;0,8369;68,0424
-0,4754;0,0674;0,4030;0,6269;68,1013
-0,0203;-0,0566;1,4466;1,4478;68,1607
0,3900;-0,1496;1,1373;1,2116;68,2214
0,0779;-0,0247;1,0600;1,0631;68,2829
-0,0198;-0,0412;1,1720;1,1729;68,3411
0,3671;0,0730;1,5337;1,5787;68,4038
0,0012;0,0381;0,7795;0,7805;68,4617
-0,1006;0,0203;0,9189;0,9246;68,5210
-0,0547;-0,0054;1,0707;1,0721;68,5812
0,0220;0,0068;0,9504;0,9507;68,6435
0,0642;0,0869;0,5479;0,5585;68,7009
0,2555;-0,0674;1,9293;1,9473;68,7611
0,1730;-0,0281;1,1456;1,1590;68,8223
0,2321;-0,0046;1,1137;1,1376;68,8811
0,0342;-0,0400;1,0883;1,0896;68,9417
0,2179;-0,1052;1,8000;1,8162;69,0042
-0,1233;0,0783;-0,0434;0,1524;69,0616
-0,0178;0,0327;0,7378;0,7387;69,1212
0,0088;0,0149;0,9780;0,9781;69,1818
0,1391;-0,0117;0,8594;0,8706;69,2404
0,1254;-0,0603;0,6592;0,6738;69,3013
0,5848;-0,0740;0,8442;1,0296;69,3607
0,3873;-0,0774;1,1486;1,2146;69,4222
0,2082;-0,0376;1,0387;1,0601;69,4833
0,0730;-0,0979;1,1959;1,2021;69,5410
-0,6663;0,0708;0,5906;0,8932;69,6000
-0,0183;0,1540;0,3146;0,3507;69,6607
-0,0322;0,0022;0,7625;0,7631;69,7209
0,0117;-0,0117;0,9826;0,9827;69,7809
0,3605;-0,0273;0,2502;0,4396;69,8411
0,2611;0,0085;0,7007;0,7478;69,9012
0,0554;-0,0556;1,2499;1,2523;69,9662
0,3746;-0,0740;1,0683;1,1345;70,0208
0,0957;-0,0173;1,0458;1,0503;70,0812
0,0412;-0,0764;1,1325;1,1358;70,1407
0,2619;0,0344;1,3878;1,4127;70,2013
0,2699;-0,0137;0,1486;0,3085;70,2619
-0,1047;-0,0310;0,8540;0,8609;70,3217
-0,0244;-0,0193;1,0156;1,0160;70,3813
0,1377;-0,0002;0,8418;0,8530;70,4454
0,0508;-0,0249;1,1888;1,1902;70,5029
0,1535;-0,0720;0,7114;0,7314;70,5625
0,1726;-0,0910;1,3524;1,3664;70,6228
0,2084;-0,0276;1,0239;1,0452;70,6821
0,0481;-0,0325;0,9328;0,9346;70,7419
-0,0041;0,0029;1,1510;1,1510;70,8015
-0,1772;0,1284;1,0136;1,0369;70,8616
0,1198;-0,0044;0,3817;0,4001;70,9239
-0,1142;0,0085;0,9421;0,9490;70,9815
-0,0622;0,0020;0,9726;0,9746;71,0420
-0,0832;0,0005;1,1949;1,1978;71,1049
-0,0044;-0,0278;0,7820;0,7825;71,1681
0,2736;-0,0610;1,5740;1,5987;71,2218
0,4440;-0,0420;1,2164;1,2956;71,2828
0,1420;-0,0188;1,0680;1,0776;71,3419
0,0683;-0,0205;1,0595;1,0619;71,4084
0,0779;-0,0332;1,3687;1,3713;71,4612
-0,0708;0,0857;0,7964;0,8041;71,5230
0,0608;0,0561;0,7378;0,7424;71,5814
-0,0710;-0,0205;1,0168;1,0195;71,6428
0,0661;-0,0171;0,9472;0,9497;71,7044
0,1211;0,0303;0,5814;0,5946;71,7618
0,2787;-0,0537;0,7178;0,7719;71,8222
0,3170;-0,0432;1,0846;1,1308;71,8875
0,2526;-0,0356;1,0090;1,0407;71,9424
0,0718;-0,0373;1,0422;1,0453;72,0028
0,0322;-0,0161;1,0002;1,0008;72,0624
0,0976;-0,0190;1,6286;1,6317;72,1223
0,0256;-0,0176;0,6407;0,6414;72,1849
-0,0315;0,0054;0,9519;0,9524;72,2421
-0,0862;-0,0127;1,1513;1,1545;72,3020
0,0905;0,0142;0,7739;0,7793;72,3628
-0,2795;-0,0225;1,3172;1,3467;72,4284
0,4061;-0,0247;1,2950;1,3574;72,4827
0,4264;-0,0149;1,1351;1,2127;72,5460
0,0715;-0,0083;1,0990;1,1014;72,6063
-0,3900;0,1081;1,4349;1,4908;72,6621
-0,2753;-0,0044;-0,1550;0,3160;72,7219
0,0078;0,0391;0,8467;0,8476;72,7824
-0,0249;0,0085;1,0256;1,0259;72,8472
-0,0290;0,0076;1,2057;1,2061;72,9014
-0,4078;-0,0105;1,3397;1,4004;72,9619
0,4749;-0,1604;1,7272;1,7985;73,0220
0,3388;-0,0247;1,1798;1,2277;73,0812
0,1899;-0,0359;1,0278;1,0458;73,1417
0,0286;-0,0513;0,9975;0,9992;73,2044
-0,0434;0,0159;1,2257;1,2266;73,2650
-0,2082;0,1130;-0,0347;0,2394;73,3218
0,0210;0,0276;0,8057;0,8064;73,3844
-0,0103;0,0010;1,0258;1,0259;73,4417
0,1386;0,0017;0,8359;0,8473;73,5017
-0,0539;-0,0393;0,3766;0,3825;73,5618
0,5455;0,0176;2,3769;2,4388;73,6221
0,4366;-0,0339;1,1364;1,2178;73,6819
0,3058;-0,0032;1,1913;1,2299;73,7420
0,0517;-0,0254;1,1569;1,1583;73,8056
0,1162;0,0552;1,0631;1,0709;73,8611
-0,4740;-0,1062;-0,7864;0,9243;73,9240
-0,0215;0,0303;0,8389;0,8397;73,9853
0,0107;0,0085;0,9907;0,9908;74,0459
0,1132;-0,0281;0,7134;0,7229;74,1024
0,1467;0,0190;0,7573;0,7716;74,1648
0,7034;-0,0781;2,7799;2,8686;74,2272
0,2485;-0,0576;1,1181;1,1468;74,2813
0,0027;-0,0488;0,9848;0,9860;74,3421
0,0142;-0,0261;1,1493;1,1497;74,4041
0,1079;0,0622;0,9919;0,9997;74,4642
0,2162;0,0749;0,6163;0,6574;74,5219
-0,0857;0,0085;0,9638;0,9676;74,5828
-0,0017;-0,0005;0,9955;0,9955;74,6467
0,1438;0,0012;0,7744;0,7876;74,7018
0,2097;0,0212;0,4164;0,4667;74,7634
-0,2773;0,0176;1,1376;1,1710;74,8245
0,6055;-0,0430;1,9828;2,0736;74,8842
0,2507;-0,0298;1,0012;1,0325;74,9416
-0,0959;-0,1311;0,8955;0,9101;75,0041
0,0649;-0,0410;1,2462;1,2486;75,0620
-0,5809;-0,0183;0,3549;0,6809;75,1215
-0,0034;-0,0217;0,8044;0,8047;75,1815
0,0007;-0,0288;1,0202;1,0206;75,2416
0,0815;-0,0354;1,0124;1,0163;75,3012
0,1284;-0,0251;0,9396;0,9487;75,3617
0,1852;-0,0444;0,5821;0,6125;75,4281
-0,0271;-0,0491;1,5413;1,5423;75,4814
0,4471;-0,1025;1,0653;1,1599;75,5450
0,1403;0,0083;1,1705;1,1789;75,6015
0,0115;-0,0559;1,1991;1,2004;75,6614
0,3219;0,0559;1,7214;1,7521;75,7217
0,0256;0,0183;0,7927;0,7933;75,7814
-0,0405;-0,0015;0,9907;0,9915;75,8414
0,0617;-0,0024;0,9907;0,9926;75,9043
0,1760;-0,0154;0,6385;0,6625;75,9617
-0,3068;-0,0620;0,4259;0,5285;76,0255
0,0166;0,0017;1,2023;1,2024;76,0813
0,4061;-0,0439;1,0336;1,1114;76,1412
-0,2446;-0,0315;0,9392;0,9710;76,2013
0,0364;-0,0063;1,1427;1,1433;76,2613
0,1242;0,0598;1,2130;1,2208;76,3217
0,0937;0,0295;0,7300;0,7366;76,3815
0,0437;-0,0076;0,9528;0,9539;76,4433
0,1545;-0,0142;0,9726;0,9849;76,5018
0,0647;0,0073;0,9170;0,9193;76,5641
-0,4015;-0,1982;1,1222;1,2082;76,6228
0,5557;-0,0044;1,0919;1,2252;76,6817
0,5421;-0,0254;1,0863;1,2143;76,7413
0,0369;-0,0552;0,9882;0,9904;76,8016
0,1001;-0,0083;1,3011;1,3050;76,8679
-0,0049;0,0351;1,3914;1,3919;76,9214
0,0617;0,0085;0,7505;0,7531;76,9810
0,0098;-0,0129;0,9804;0,9805;77,0436
0,1870;0,0657;0,8769;0,8990;77,1037
0,1828;-0,0644;0,6856;0,7125;77,1604
0,2158;-0,0500;1,7773;1,7910;77,2214
0,5084;-0,0383;1,1337;1,2430;77,2810
0,0766;-0,0251;0,8974;0,9010;77,3432
0,1128;-0,0247;0,9621;0,9690;77,4032
0,1062;-0,0639;1,2079;1,2142;77,4628
-0,5208;-0,0391;0,9887;1,1182;77,5218
0,1193;0,0010;0,4200;0,4367;77,5818
0,0044;0,0039;0,9963;0,9963;77,6425
0,1452;0,0332;0,8811;0,8936;77,7029
0,1667;0,0159;0,6941;0,7140;77,7618
0,3170;0,0190;0,3766;0,4926;77,8224
0,1481;-0,0683;1,2047;1,2157;77,8820
0,3334;-0,0242;0,9741;1,0298;77,9418
-0,1748;-0,0583;0,8579;0,8774;78,0015
0,3300;0,0161;1,9376;1,9656;78,0618
-0,5921;-0,1145;-0,8855;1,0713;78,1250
-0,0566;0,0168;0,8005;0,8027;78,1820
-0,0156;0,0083;1,0185;1,0186;78,2415
0,0034;0,0027;0,9907;0,9907;78,3017
0,1113;-0,0261;0,6626;0,6724;78,3640
0,4474;0,0652;2,1126;2,1605;78,4229
0,4088;-0,0383;1,1007;1,1748;78,4851
0,3644;-0,0024;1,2174;1,2708;78,5477
0,0732;-0,0134;1,0976;1,1001;78,6074
0,4842;-0,0215;1,3165;1,4029;78,6629
-0,3629;-0,2502;-0,6341;0,7722;78,7231
-0,0056;0,0078;0,8015;0,8016;78,7886
0,0356;-0,0081;0,9938;0,9945;78,8426
0,1489;-0,0383;0,8479;0,8617;78,9026
0,0088;-0,1035;0,1320;0,1680;78,9675
1,6592;-0,6416;7,3666;7,5783;79,0230
0,4566;-0,0464;1,1229;1,2131;79,0839
0,3793;0,0088;1,1659;1,2261;79,1443
0,0949;-0,0398;1,3248;1,3288;79,2095
0,0073;0,1491;1,5501;1,5572;79,2625
0,1125;0,0639;0,7053;0,7171;79,3230
-0,0932;0,0088;0,9743;0,9788;79,3870
0,0332;0,0027;1,0043;1,0049;79,4432
0,1630;-0,0112;0,8091;0,8254;79,5021
-0,1430;-0,0788;-0,1335;0,2109;79,5631
1,0797;0,0090;4,0639;4,2049;79,6231
0,4030;-0,0354;1,0678;1,1418;79,6903
0,6936;-0,0046;1,1300;1,3259;79,7420
0,2260;-0,0249;1,0841;1,1077;79,8040
0,4137;0,0061;1,8317;1,8779;79,8622
-0,2953;-0,0347;-0,4313;0,5238;79,9267
-0,0910;0,0037;1,1317;1,1354;79,9823
-0,0220;0,0020;1,0036;1,0038;80,0426
0,0642;-0,0032;1,0046;1,0066;80,1018
0,0952;0,0088;0,5589;0,5670;80,1623
0,3793;0,0266;0,8596;0,9399;80,2273
0,1960;-0,0356;1,2089;1,2252;80,2829
0,2624;-0,0244;1,0136;1,0473;80,3423
0,1418;-0,0002;1,0963;1,1055;80,4071
-0,6556;-0,0032;0,8323;1,0594;80,4625
-0,2082;0,0539;-0,6497;0,6844;80,5228
-0,0312;0,0129;0,7986;0,7993;80,5862
-0,0425;-0,0098;1,0199;1,0209;80,6455
0,0715;0,0015;0,9387;0,9414;80,7027
-0,0564;-0,0420;0,9421;0,9447;80,7623
1,2250;-0,0569;0,1401;1,2343;80,8226
0,3109;-0,0220;1,1976;1,2375;80,8826
0,5753;-0,0117;1,1066;1,2472;80,9421
0,1472;-0,0022;1,1203;1,1299;81,0026
-0,0117;-0,0691;1,1866;1,1887;81,0653
0,1001;0,1852;1,3062;1,3231;81,1235
0,0576;0,0578;0,8015;0,8057;81,1823
-0,0625;0,0076;1,0097;1,0117;81,2425
0,0176;0,0041;0,9907;0,9908;81,3020
0,1318;0,0085;0,9233;0,9327;81,3620
0,0268;-0,0022;0,2035;0,2053;81,4215
0,4886;-0,1230;2,7260;2,7721;81,4823
0,4071;-0,0554;1,0873;1,1623;81,5419
0,0508;-0,0237;0,9619;0,9635;81,6021
0,1040;-0,0159;1,1342;1,1390;81,6618
0,0185;-0,0024;1,3238;1,3239;81,7235
0,0869;0,0666;1,5149;1,5189;81,7817
-0,0027;0,0129;0,8764;0,8765;81,8445
-0,0639;0,0193;0,9672;0,9695;81,9061
0,0769;0,0220;0,8808;0,8845;81,9680
-0,1943;0,0081;0,7437;0,7687;82,0217
0,2358;-0,0849;1,6696;1,6883;82,0817
0,4920;-0,0652;1,0461;1,1578;82,1454
0,3558;-0,0283;1,0995;1,1560;82,2039
0,1306;-0,0608;1,1220;1,1312;82,2618
0,1245;-0,0342;1,3204;1,3267;82,3223
0,0215;-0,0588;0,9970;0,9990;82,3822
-0,0107;-0,0161;0,7959;0,7961;82,4432
-0,1276;-0,0029;0,8142;0,8242;82,5029
0,0825;0,0046;0,8657;0,8696;82,5622
-0,3414;-0,1503;1,0915;1,1535;82,6230
0,5186;-0,2428;2,8099;2,8677;82,6850
0,5108;-0,0630;0,9648;1,0935;82,7432
0,2792;-0,0520;1,1093;1,1451;82,8048
0,2458;-0,0505;1,2796;1,3040;82,8628
-0,1137;0,0644;0,8061;0,8167;82,9235
-0,1250;0,0942;-0,0781;0,1749;82,9827
0,0381;0,0085;0,7173;0,7184;83,0427
0,1403;0,0027;0,9909;1,0008;83,1019
0,1896;-0,0200;0,5984;0,6281;83,1627
-0,0183;-0,0859;0,2921;0,3051;83,2223
-0,1359;-0,1318;1,0832;1,0996;83,2849
0,5211;-0,0315;1,0815;1,2009;83,3427
0,3602;-0,0154;0,9260;0,9937;83,4066
0,2206;-0,0471;1,2193;1,2400;83,4632
-0,0325;-0,0522;0,4803;0,4842;83,5249
0,1308;-0,0144;0,5816;0,5963;83,5829
-0,0034;0,0037;0,8921;0,8921;83,6486
0,1003;-0,0244;1,0378;1,0429;83,7028
0,1582;0,0034;0,5360;0,5588;83,7663
-0,3305;-0,1584;1,3829;1,4306;83,8221
0,4266;-0,0473;0,9968;1,0853;83,8831
0,3512;-0,0322;0,9802;1,0417;83,9425
0,2075;0,0044;1,1351;1,1540;84,0040
0,1272;-0,0691;1,3592;1,3669;84,0619
0,3668;0,0354;1,6921;1,7318;84,1225
0,0742;0,0315;0,8149;0,8189;84,1825
0,0142;0,0015;0,9130;0,9132;84,2481
0,0942;-0,0508;1,0163;1,0219;84,3022
0,2446;-0,0395;0,4544;0,5176;84,3623
-0,1081;-0,1196;0,5426;0,5660;84,4302
0,2262;-0,0730;1,3787;1,3991;84,4826
0,3573;-0,0432;1,0583;1,1178;84,5424
-0,0608;0,0244;1,0661;1,0681;84,6021
0,0537;-0,0564;1,4903;1,4923;84,6625
0,1923;0,0718;1,8051;1,8167;84,7276
0,1003;0,0185;0,5823;0,5912;84,7822
0,0188;0,0127;0,9421;0,9424;84,8423
0,1025;-0,0107;0,9987;1,0040;84,9074
-0,0793;0,0217;1,1373;1,1403;84,9615
0,1518;-0,0178;1,1564;1,1664;85,0225
0,4437;-0,0347;1,3140;1,3874;85,0845
0,2370;-0,0207;1,0829;1,1087;85,1421
0,2585;-0,0078;0,9565;0,9908;85,2016
0,2114;-0,0381;1,1661;1,1858;85,2615
0,1960;0,0310;1,5286;1,5414;85,3239
0,3849;-0,0408;1,3941;1,4468;85,3818
0,1682;0,0046;0,6624;0,6834;85,4425
0,1557;0,0173;0,9148;0,9281;85,5037
0,3024;-0,0578;0,9765;1,0239;85,5629
0,3634;-0,0007;1,4793;1,5233;85,6229
0,4283;-0,0339;1,1244;1,2037;85,6827
0,4208;-0,0217;0,9865;1,0727;85,7425
0,2306;-0,0503;1,0153;1,0424;85,8016
0,2694;0,0002;0,9938;1,0297;85,8621
-0,4884;-0,4161;0,5828;0,8668;85,9218
-0,1516;0,0022;0,7249;0,7406;85,9824
0,1633;0,0015;0,6724;0,6919;86,0467
0,1496;-0,0044;0,9599;0,9715;86,1016
0,2807;-0,0935;0,3668;0,4713;86,1619
-0,2677;-0,1045;-0,3346;0,4411;86,2220
0,0857;-0,0415;1,0900;1,0941;86,2824
0,3295;-0,0627;0,9787;1,0346;86,3442
0,1594;-0,0403;0,9267;0,9412;86,4015
0,0037;-0,0625;1,0983;1,1001;86,4624
0,0884;-0,0178;1,3421;1,3451;86,5219
0,1096;-0,0515;1,0270;1,0341;86,5830
0,0103;0,0273;0,7437;0,7442;86,6426
0,0095;0,0085;1,0034;1,0034;86,7018
0,2614;-0,0576;0,4374;0,5128;86,7619
-0,3556;0,0444;-0,0632;0,3639;86,8251
-0,0869;-0,0088;1,1710;1,1743;86,8815
0,2611;-0,0617;1,1481;1,1790;86,9417
0,0852;-0,0359;1,1022;1,1061;87,0053
0,0083;-0,0466;1,2074;1,2083;87,0628
0,1059;0,0469;1,4183;1,4230;87,1233
0,3295;0,1230;0,0954;0,3644;87,1818
-0,0373;0,0132;0,8918;0,8927;87,2415
0,0513;-0,0129;1,0197;1,0211;87,3048
0,1521;-0,0120;0,7759;0,7907;87,3616
-0,0517;-0,1049;-0,0886;0,1468;87,4214
-0,3490;-0,1452;1,4937;1,5408;87,4843
0,4576;-0,0954;1,1764;1,2659;87,5432
0,0049;-0,0076;0,8989;0,8989;87,6022
0,0466;-0,0591;1,1164;1,1189;87,6654
0,2917;0,1101;2,0370;2,0607;87,7211
0,1804;-0,0120;-0,1501;0,2350;87,7830
-0,0596;0,0242;0,9155;0,9177;87,8416
0,0029;0,0081;0,9931;0,9931;87,9010
0,0954;0,0085;0,9160;0,9210;87,9638
-0,1215;-0,0220;0,3602;0,3808;88,0231
-0,1264;-0,0251;1,7045;1,7094;88,0820
0,4891;-0,1174;1,0929;1,2031;88,1421
0,0159;-0,0259;0,8576;0,8582;88,2039
0,0915;-0,0659;1,0915;1,0973;88,2621
0,0776;-0,0386;1,5337;1,5361;88,3212
0,4112;-0,1701;1,9542;2,0043;88,3818
0,0801;-0,0115;0,6499;0,6550;88,4416
0,0059;-0,0110;0,9577;0,9578;88,5069
0,1186;-0,0266;1,0331;1,0403;88,5632
-0,2487;0,0327;1,2984;1,3224;88,6211
-0,8882;0,0596;1,4585;1,7087;88,6814
0,4698;-0,0193;1,3284;1,4092;88,7443
0,5025;-0,0083;0,9999;1,1191;88,8013
0,0881;-0,0408;1,0775;1,0819;88,8613
0,0473;-0,0339;1,0985;1,1001;88,9228
0,1372;0,0176;1,7534;1,7588;88,9860
-0,0012;0,0923;-0,4415;0,4511;89,0416
-0,0076;0,0142;0,8257;0,8258;89,1039
0,0430;-0,0034;1,0234;1,0243;89,1609
0,1311;0,0078;0,7942;0,8050;89,2218
0,1369;0,0312;0,8208;0,8327;89,2814
0,2648;-0,0513;1,3975;1,4233;89,3414
0,3654;-0,0327;1,0212;1,0851;89,4011
0,1206;-0,0408;1,1354;1,1425;89,4613
0,1970;-0,0793;1,1822;1,2012;89,5228
0,0225;0,0412;1,4661;1,4668;89,5861
0,0693;0,0334;0,5318;0,5374;89,6415
0,0432;0,0412;0,6868;0,6894;89,7014
0,0888;0,0295;0,9970;1,0014;89,7622
-0,0061;-0,0251;0,7515;0,7519;89,8210
0,1428;0,0854;1,4358;1,4454;89,8813
0,2299;-0,1132;1,4405;1,4631;89,9404
0,3539;0,0000;0,8989;0,9660;90,0024
0,0103;-0,0200;1,0358;1,0361;90,0609
0,0862;-0,0232;1,0973;1,1009;90,1211
-0,0032;0,0293;1,4744;1,4747;90,1814
-0,1401;0,0168;0,9152;0,9261;90,2409
-0,0037;0,0383;0,8486;0,8495;90,3002
0,0940;0,0317;0,8398;0,8457;90,3609
0,3151;-0,0630;0,2751;0,4230;90,4228
0,2633;-0,0288;1,2516;1,2793;90,4824
0,1899;-0,0818;1,2516;1,2685;90,5409
0,2538;-0,0117;0,9213;0,9557;90,6014
0,1079;-0,0320;1,1769;1,1822;90,6620
0,0095;-0,0249;1,0727;1,0730;90,7217
0,3190;0,0151;2,0396;2,0645;90,7813
0,3519;0,0852;0,3195;0,4829;90,8409
-0,0322;-0,0059;0,9079;0,9085;90,9011
0,1176;-0,0073;1,0248;1,0316;90,9634
0,1298;0,0144;0,7673;0,7784;91,0205
0,2431;0,0388;0,7517;0,7910;91,0810
0,1899;-0,0554;1,3075;1,3223;91,1410
0,2836;-0,0166;0,9409;0,9828;91,2006
0,0642;-0,0400;1,0876;1,0902;91,2605
0,0349;0,0383;1,1359;1,1371;91,3204
0,0220;0,0085;1,1505;1,1508;91,3808
0,3214;0,0356;1,4673;1,5025;91,4418
0,0400;-0,0247;0,8752;0,8765;91,5009
0,1045;-0,0347;0,9499;0,9563;91,5610
0,2162;-0,0151;0,6900;0,7232;91,6228
0,1560;-0,0151;0,7920;0,8073;91,6808
0,3558;-0,0383;1,3055;1,3537;91,7411
0,3166;-0,0012;0,8401;0,8977;91,8004
0,1284;-0,0554;1,0165;1,0261;91,8609
0,2236;-0,0547;1,1554;1,1781;91,9211
0,2455;-0,1198;1,8156;1,8360;91,9876
0,1896;-0,0332;1,2115;1,2267;92,0405
0,0310;-0,0498;0,6753;0,6779;92,1006
0,2199;0,0049;0,7915;0,8215;92,1604
-0,2306;-0,0478;1,5554;1,5732;92,2205
0,0852;-0,0886;0,4876;0,5029;92,2819
0,0742;-0,0264;1,4988;1,5009;92,3400
0,3659;-0,0569;1,0051;1,0711;92,4000
0,1606;-0,0334;0,9958;1,0092;92,4606
0,2560;-0,0117;1,1930;1,2202;92,5203
0,0576;0,0310;1,3590;1,3605;92,5801
0,3166;-0,0002;1,3214;1,3588;92,6399
0,0430;-0,0081;0,7605;0,7618;92,7001
0,1601;-0,0417;0,8554;0,8713;92,7603
0,1674;-0,0495;0,8279;0,8461;92,8207
0,1779;0,0095;0,7612;0,7818;92,8803
0,3007;-0,0364;1,1598;1,1987;92,9408
0,5045;-0,0864;0,9824;1,1077;93,0005
0,1555;-0,0469;0,9899;1,0032;93,0625
0,1542;-0,0542;1,1957;1,2068;93,1205
0,0061;-0,0044;1,9098;1,9098;93,1804
-0,2594;-0,0461;-0,2248;0,3464;93,2415
0,0193;0,0478;0,8154;0,8170;93,3061
0,1430;-0,0100;0,7302;0,7442;93,3612
0,2489;-0,1308;0,4503;0,5309;93,4255
0,2602;-0,0986;1,1134;1,1477;93,4805
0,2736;-0,0439;1,1337;1,1671;93,5405
0,4327;-0,0103;0,9955;1,0856;93,5999
-0,0305;-0,0207;0,8855;0,8862;93,6605
-0,1306;-0,0442;0,9870;0,9966;93,7222
-0,0769;0,0332;0,6936;0,6987;93,7811
0,3595;-0,0217;0,3746;0,5197;93,8417
-0,0242;0,0305;0,8096;0,8105;93,9022
0,0937;0,0598;0,9416;0,9481;93,9647
0,0886;-0,1052;1,6916;1,6972;94,0214
-0,1047;0,1552;1,4207;1,4330;94,0824
0,0620;-0,0276;1,2110;1,2129;94,1409
0,2875;-0,0066;0,9633;1,0053;94,2011
0,0610;-0,0356;1,1278;1,1300;94,2613
0,0652;0,0120;1,0448;1,0469;94,3235
0,0740;-0,0688;0,9885;0,9936;94,3812
-0,0200;-0,0207;0,7761;0,7767;94,4462
-0,0393;0,0239;0,9057;0,9069;94,5017
0,0578;-0,0063;0,9292;0,9310;94,5635
-0,3019;-0,0190;1,0663;1,1084;94,6237
-0,2250;0,0161;1,5615;1,5777;94,6812
0,1318;-0,0078;1,1915;1,1988;94,7438
0,2162;-0,0432;0,9724;0,9970;94,8034
0,0017;-0,0544;0,9990;1,0004;94,8612
0,0095;-0,0410;1,4429;1,4435;94,9208
0,1508;0,0183;1,4400;1,4480;94,9802
-0,0254;-0,0427;0,8606;0,8620;95,0454
0,0146;-0,0244;0,9362;0,9367;95,1010
0,0986;-0,0193;0,9077;0,9132;95,1606
-0,0129;-0,0503;0,6802;0,6822;95,2206
0,2541;-0,0918;0,9184;0,9573;95,2804
0,3651;0,0159;1,2850;1,3360;95,3410
0,3270;-0,0349;1,0080;1,0603;95,4008
0,0783;-0,0395;0,9948;0,9987;95,4611
0,0786;-0,0159;0,9616;0,9650;95,5203
0,0801;-0,0710;0,9875;0,9933;95,5802
-0,2699;-0,1455;0,9689;1,0163;95,6407
0,0535;-0,0691;0,9911;0,9950;95,7008
0,0488;-0,0676;0,9177;0,9215;95,7600
0,0893;-0,0927;1,0104;1,0186;95,8206
0,1313;-0,1318;0,9826;1,0001;95,8840
0,0879;-0,1643;1,0339;1,0505;95,9408
-0,5687;-0,1291;0,8706;1,0478;96,0007
0,0349;-0,1237;0,8950;0,9042;96,0608
0,1001;-0,1296;0,9133;0,9279;96,1225
0,0691;-0,0517;1,0617;1,0652;96,1807
0,2790;-0,2575;1,1583;1,2190;96,2410
0,2865;-0,1059;0,9724;1,0192;96,3006
0,3114;-0,1086;1,0692;1,1190;96,3605
0,2590;-0,0871;1,0949;1,1284;96,4254
0,1706;-0,2921;1,7097;1,7428;96,4816
0,0349;0,0422;0,2248;0,2314;96,5434
0,0229;0,0142;0,6297;0,6303;96,6002
-0,1150;-0,0281;1,0168;1,0236;96,6640
0,2006;-0,0051;0,8550;0,8782;96,7243
0,3219;-0,1040;0,2050;0,3956;96,7812
0,3466;-0,0425;1,0187;1,0769;96,8412
0,3576;-0,0173;1,0487;1,1082;96,9008
0,3651;-0,0337;0,9763;1,0428;96,9618
0,2131;-0,0332;1,1276;1,1480;97,0197
0,2087;-0,0747;1,5706;1,5861;97,0805
0,7073;-0,1411;2,0614;2,1839;97,1436
-0,0081;-0,0268;-0,0434;0,0517;97,2058
-0,0583;-0,0151;0,9750;0,9769;97,2606
0,0974;-0,0120;0,9467;0,9518;97,3216
0,0935;-0,0830;0,7119;0,7228;97,3864
0,2658;-0,0083;1,3143;1,3409;97,4397
0,4403;-0,0576;0,9982;1,0925;97,5006
0,3014;-0,0317;1,0934;1,1346;97,5612
-0,4015;-0,0273;0,7820;0,8795;97,6216
0,5164;-0,0041;1,8644;1,9346;97,6803
-0,3846;-0,0659;-0,7798;0,8720;97,7400
-0,0205;-0,0007;0,8015;0,8018;97,8015
-0,0510;-0,0112;0,9907;0,9920;97,8601
0,0783;-0,0002;0,9204;0,9237;97,9202
0,4130;-0,1433;-0,0225;0,4377;97,9812
0,2943;0,1206;1,6594;1,6896;98,0442
0,3959;-0,0615;1,1232;1,1925;98,1004
0,3080;-0,0205;1,1203;1,1620;98,1601
0,0552;0,0142;1,4034;1,4045;98,2197
0,1316;0,0803;1,2857;1,2949;98,2811
0,2038;0,0532;0,7202;0,7504;98,3395
-0,1245;-0,0188;0,9504;0,9587;98,3999
-0,0325;-0,0120;0,9975;0,9981;98,4613
0,0508;-0,0164;0,9252;0,9268;98,5239
0,0530;-0,0412;0,4562;0,4611;98,5820
0,3080;0,1391;1,3597;1,4011;98,6421
0,4503;-0,0639;1,2638;1,3431;98,7023
0,4352;-0,0383;1,2589;1,3325;98,7611
0,0505;-0,0315;1,4517;1,4529;98,8211
0,1604;0,1953;2,0045;2,0204;98,8813
-0,0581;0,0268;0,7686;0,7712;98,9405
-0,1254;-0,0244;0,9736;0,9819;99,0006
-0,0242;-0,0151;1,0234;1,0238;99,0642
0,0176;-0,0129;0,9545;0,9548;99,1205
0,3319;-0,1228;0,2467;0,4314;99,1807
0,8442;-0,0771;0,5450;1,0078;99,2448
0,0769;-0,0312;1,2047;1,2076;99,3015
0,1974;-0,0281;0,9865;1,0065;99,3605
0,0041;0,0127;1,0690;1,0691;99,4213
0,0710;0,0505;1,1603;1,1636;99,4816
0,0183;-0,0366;0,7769;0,7779;99,5462
-0,0688;-0,0139;0,9235;0,9262;99,6005
-0,0041;-0,0244;0,9980;0,9983;99,6610
0,0725;-0,0207;0,9828;0,9857;99,7240
0,0586;-0,0137;0,8728;0,8748;99,7810
0,6080;-0,0871;0,0222;0,6146;99,8409
0,1662;-0,0212;1,3060;1,3167;99,9033
0,2961;-0,0442;1,0014;1,0452;99,9612
0,0305;-0,0405;1,1747;1,1758;100,0208
-0,0940;0,1396;0,2023;0,2632;100,0809
0,0605;-0,0071;0,6905;0,6931;100,1471
-0,0530;0,0068;0,9599;0,9614;100,2018
-0,0100;-0,0146;1,0026;1,0028;100,2625
0,0173;-0,0198;1,0509;1,0513;100,3220
0,0166;-0,0764;0,5196;0,5255;100,3827
0,4732;0,0139;0,4913;0,6823;100,4433
0,1904;-0,0635;1,1986;1,2153;100,5014
0,2397;-0,0283;0,9897;1,0187;100,5618
-0,1130;-0,0732;1,0714;1,0799;100,6218
-0,4501;-0,0742;-0,4830;0,6643;100,6827
0,1386;-0,0022;0,5723;0,5889;100,7416
-0,1042;-0,0127;0,9460;0,9518;100,8017
-0,0120;-0,0183;0,9985;0,9987;100,8658
0,0764;-0,0132;0,9516;0,9548;100,9221
0,0666;-0,0388;0,8247;0,8283;100,9838
0,4200;-0,0410;0,2336;0,4824;101,0414
0,0395;-0,0691;1,1649;1,1676;101,1016
0,2614;-0,0305;1,0002;1,0342;101,1648
0,1606;0,0142;1,4583;1,4672;101,2214
-1,0087;0,2853;1,3101;1,6779;101,2810
0,2065;0,0117;0,5465;0,5843;101,3414
-0,0976;-0,0259;0,8738;0,8796;101,4023
0,0129;-0,0188;1,0173;1,0175;101,4621
0,1174;0,0020;0,9106;0,9181;101,5212
-0,0329;-0,1084;0,2397;0,2651;101,5819
0,1730;-0,0781;0,3517;0,3997;101,6449
0,0427;-0,0371;1,2113;1,2126;101,7013
0,3598;-0,0100;0,9968;1,0597;101,7615
0,1047;0,0090;1,1151;1,1201;101,8235
0,2201;0,0229;2,0799;2,0917;101,8814
-0,5360;-0,0410;0,0220;0,5380;101,9410
0,0059;-0,0205;0,6475;0,6479;102,0007
-0,0151;-0,0178;1,0336;1,0339;102,0618
-0,3268;-0,0339;0,9892;1,0423;102,1245
0,1254;-0,0017;0,9436;0,9519;102,1808
0,1411;0,0088;0,6834;0,6978;102,2411
-0,0486;-0,0117;1,3316;1,3326;102,3020
0,4681;-0,0783;1,0597;1,1612;102,3613
0,1316;-0,0156;1,0980;1,1060;102,4299
0,1584;-0,0361;1,9030;1,9099;102,4812
-0,7705;-0,0610;-1,7414;1,9052;102,5419
-0,0693;-0,0259;0,6927;0,6966;102,6036
-0,0376;-0,0290;1,0600;1,0610;102,6612
0,1135;-0,0081;0,9736;0,9802;102,7208
0,1154;0,0029;0,8745;0,8821;102,7813
0,2045;0,0393;1,0036;1,0250;102,8405
0,7595;-0,0410;1,9450;2,0884;102,9016
0,4627;-0,0720;1,0217;1,1239;102,9611
0,2746;0,0373;1,2352;1,2659;103,0209
1,1095;-0,0859;1,9064;2,2074;103,0862
0,5572;0,0256;0,1306;0,5729;103,1406
0,0185;0,0093;0,8415;0,8418;103,2011
0,1333;-0,0044;1,0134;1,0221;103,2631
0,2482;0,0190;0,9667;0,9983;103,3215
0,0949;-0,0386;0,3436;0,3586;103,3810
0,2777;0,1247;1,1073;1,1484;103,4453
0,3627;-0,1274;1,6506;1,6948;103,5016
0,2214;-0,0605;0,9580;0,9851;103,5612
0,1723;0,0332;1,0300;1,0448;103,6206
0,1796;-0,1401;0,9792;1,0053;103,6812
0,1396;-0,0801;0,9943;1,0073;103,7403
0,1772;-0,0552;0,9450;0,9631;103,8006
0,1777;-0,0615;0,9733;0,9913;103,8607
0,2194;-0,0227;1,0334;1,0567;103,9271
0,2314;-0,0615;0,9167;0,9475;103,9805
0,3026;-0,1503;0,9255;0,9853;104,0411
0,2424;-0,0720;1,0234;1,0541;104,1035
0,0959;-0,1020;1,0527;1,0619;104,1609
0,6436;-0,2773;1,6482;1,7910;104,2223
0,1979;-0,0098;0,4762;0,5158;104,2807
-0,0754;-0,0539;1,1068;1,1107;104,3408
0,8120;-0,0063;0,6548;1,0432;104,4011
-0,2367;-0,0398;-0,1013;0,2606;104,4614
0,3251;0,0930;1,4602;1,4989;104,5218
1,1984;-0,1838;2,2596;2,5643;104,5807
0,3134;-0,0310;0,9907;1,0395;104,6409
0,2882;-0,0007;1,1815;1,2162;104,7012
0,2882;-0,0261;1,4751;1,5033;104,7612
-0,0508;0,0495;1,1378;1,1400;104,8205
0,0000;0,0393;0,7644;0,7654;104,8814
0,0085;-0,0110;1,0075;1,0076;104,9416
0,2448;-0,0339;0,4828;0,5423;105,0015
0,2970;-0,0854;1,0121;1,0583;105,0609
0,4278;-0,0744;1,9181;1,9667;105,1208
0,4269;-0,0427;0,9467;1,0394;105,1801
0,2716;-0,0237;1,1210;1,1537;105,2407
0,2599;-0,0766;1,1271;1,1592;105,3029
0,0979;0,0166;1,7348;1,7376;105,3609
-0,0466;0,0373;-0,3078;0,3135;105,4207
-0,1167;-0,0127;1,0060;1,0129;105,4807
0,0332;-0,0041;0,9401;0,9407;105,5403
0,0744;-0,0373;0,9826;0,9861;105,6001
-0,0927;-0,0027;0,2250;0,2434;105,6615
-0,0620;-0,0305;1,4834;1,4850;105,7205
0,2768;-0,0759;1,0717;1,1094;105,7799
-0,0820;0,0044;1,2362;1,2389;105,8440
0,3895;-0,0840;1,5332;1,5841;105,9005
0,0220;0,0176;0,1845;0,1866;105,9602
-0,1486;-0,0115;0,9792;0,9905;106,0203
-0,0063;-0,0081;0,9445;0,9446;106,0822
-0,2067;-0,0517;1,1857;1,2047;106,1421
-0,2065;-0,0986;0,5291;0,5765;106,2022
-0,1726;-0,1584;1,7297;1,7455;106,2601
0,3327;-0,0747;1,2079;1,2551;106,3202
0,2172;-0,0059;1,0361;1,0586;106,3839
0,0779;-0,0735;1,3470;1,3512;106,4463
-0,0415;0,0332;1,2516;1,2527;106,4996
-0,0308;0,0395;0,6458;0,6477;106,5605
-0,1630;0,0010;0,9933;1,0066;106,6202
-0,0088;0,0000;0,9501;0,9502;106,6804
0,0813;-0,0271;0,8096;0,8141;106,7401
0,1311;-0,0117;0,6712;0,6840;106,8044
0,7200;-0,3783;4,6809;4,7511;106,8607
0,3558;-0,0676;1,1388;1,1950;106,9205
0,2033;0,0032;1,2960;1,3118;106,9844
0,0898;-0,0649;1,6570;1,6607;107,0401
0,5562;0,0415;2,4297;2,4929;107,1012
0,0325;0,0176;0,7032;0,7041;107,1596
-0,0635;-0,0098;1,0243;1,0263;107,2224
0,1064;0,0032;0,9355;0,9415;107,2801
0,2548;-0,0757;0,5006;0,5668;107,3406
0,0188;0,0144;-0,0254;0,0347;107,4025
-0,0403;0,0056;1,3294;1,3300;107,4653
0,2394;-0,0427;1,0675;1,0949;107,5193
0,1135;-0,0315;1,1945;1,2002;107,5834
0,0935;-0,0620;1,7075;1,7112;107,6403
0,7769;0,0603;2,1580;2,2944;107,7002
-0,0164;0,0051;0,6990;0,6992;107,7597
-0,0578;-0,0076;1,0114;1,0131;107,8198
0,2797;-0,0752;0,7581;0,8115;107,8807
0,0793;-0,0156;0,7490;0,7534;107,9399
0,2236;0,1013;0,8506;0,8853;108,0004
0,0947;-0,0598;1,2557;1,2607;108,0599
0,1867;-0,0212;0,9641;0,9822;108,1215
0,0925;-0,0339;1,1254;1,1297;108,1801
0,1369;-0,0139;1,8249;1,8301;108,2410
0,2070;-0,0561;0,3424;0,4040;108,3004
-0,0134;0,0078;0,8291;0,8292;108,3610
0,0454;-0,0093;0,9382;0,9393;108,4212
0,0842;-0,0430;0,3173;0,3311;108,4811
0,2177;0,0425;0,7478;0,7800;108,5406
0,4174;-0,0491;1,1351;1,2104;108,6028
0,3795;-0,0515;0,9938;1,0651;108,6626
0,1313;-0,0090;1,1910;1,1983;108,7208
0,1474;-0,0166;1,2320;1,2409;108,7805
-0,0805;-0,1535;1,0832;1,0969;108,8406
0,0076;-0,0112;0,7424;0,7426;108,9006
0,1811;0,0247;0,8154;0,8357;108,9608
-0,0617;0,0190;1,0775;1,0795;109,0253
-0,0761;-0,0256;-0,0688;0,1058;109,0803
0,0276;-0,0649;1,2091;1,2112;109,1404
0,2182;-0,0566;1,0148;1,0396;109,2007
0,0471;-0,0337;0,9606;0,9624;109,2605
0,1013;-0,1020;1,3978;1,4051;109,3234
-0,4142;0,0747;-0,6495;0,7739;109,3806
0,0190;0,0063;0,9396;0,9399;109,4456
0,0173;0,0027;1,0644;1,0645;109,5029
0,0761;0,0120;0,1306;0,1516;109,5602
-0,0908;-0,0188;0,4076;0,4180;109,6223
0,6368;-0,0552;1,4981;1,6287;109,6845
0,3512;-0,0212;1,0258;1,0845;109,7479
0,1462;-0,0044;1,0995;1,1092;109,8005
0,1608;-0,0417;1,3961;1,4059;109,8611
-0,1115;0,1389;0,4010;0,4388;109,9203
0,0635;0,0339;0,7176;0,7211;109,9805
-0,0198;0,0029;0,9655;0,9657;110,0410
0,1740;0,0017;0,8486;0,8663;110,1002
0,2038;-0,0925;1,0912;1,1139;110,1615
-0,1748;-0,2057;1,5535;1,5768;110,2206
0,6748;-0,0193;1,5069;1,6512;110,2800
0,3654;-0,0652;1,0692;1,1318;110,3403
0,1272;0,0076;1,3797;1,3856;110,4004
0,1152;0,0039;0,8684;0,8760;110,4636
0,1574;-0,0078;0,1398;0,2107;110,5200
-0,0281;0,0112;0,8864;0,8870;110,5846
0,0159;0,0017;1,0085;1,0086;110,6398
-0,1518;-0,0056;1,0868;1,0974;110,7002
-0,0964;0,0847;-0,4588;0,4764;110,7602
0,4574;-0,0825;2,7325;2,7718;110,8207
0,4337;-0,0517;1,1381;1,2190;110,8802
0,1442;-0,0691;1,3431;1,3526;110,9400
0,1738;0,0090;1,6091;1,6185;111,0009
0,3737;-0,0142;0,8745;0,9511;111,0617
0,0300;0,0434;0,8088;0,8106;111,1199
-0,0439;0,0217;1,0500;1,0511;111,1805
0,0549;0,0251;0,9370;0,9389;111,2443
0,2106;0,0290;0,5465;0,5864;111,3004
-0,2694;0,0247;0,1564;0,3125;111,3603
-0,2253;-0,0503;1,4956;1,5133;111,4214
0,3241;-0,0637;1,0212;1,0733;111,4820
-0,0020;-0,0347;0,9526;0,9532;111,5403
0,0783;-0,0391;1,3677;1,3705;111,6025
0,3068;0,0041;-0,7534;0,8135;111,6641
-0,0183;0,0190;0,8962;0,8966;111,7201
0,0032;0,0020;1,0246;1,0246;111,7826
0,0718;-0,0051;0,9663;0,9689;111,8391
0,2480;0,0312;0,7822;0,8212;111,9084
-0,0976;0,0918;-0,0222;0,1358;111,9602
-0,0674;-0,0913;1,8991;1,9025;112,0233
0,3270;-0,0808;1,0412;1,0943;112,0799
-0,1184;0,1359;1,1115;1,1260;112,1397
0,2702;0,0154;1,2977;1,3256;112,1995
0,4254;-0,0937;0,0752;0,4420;112,2603
-0,0605;0,0227;0,9855;0,9877;112,3200
-0,0503;0,0024;1,0021;1,0034;112,3813
0,0198;0,0085;0,9633;0,9636;112,4432
0,2697;0,0298;0,3463;0,4400;112,4993
-0,3522;0,0337;1,2894;1,3371;112,5605
0,1416;-0,0781;1,3148;1,3247;112,6194
0,2345;-0,0300;0,9890;1,0168;112,6792
0,1089;-0,0124;1,4524;1,4566;112,7404
0,2777;0,0813;1,1261;1,1627;112,7999
-0,0171;-0,0764;-0,0100;0,0789;112,8593
-0,0266;0,0491;0,9162;0,9179;112,9244
-0,0176;0,0034;1,0551;1,0552;112,9802
0,1015;0,0200;0,9911;0,9965;113,0422
0,1777;0,0261;0,9584;0,9751;113,0999
-0,0703;-0,1054;-0,5216;0,5367;113,1592
0,6024;0,4701;2,0047;2,1454;113,2212
0,5423;-0,0598;1,0836;1,2132;113,2792
0,6021;-0,0425;0,9887;1,1584;113,3387
0,2121;-0,0098;1,6738;1,6872;113,3997
0,0127;0,0798;0,6521;0,6571;113,4689
0,0622;0,0100;0,6929;0,6958;113,5191
0,0439;0,0178;0,9885;0,9896;113,5794
0,0320;-0,0203;0,9350;0,9358;113,6425
0,0947;-0,0244;0,9816;0,9865;113,6993
0,0298;-0,0254;0,5079;0,5094;113,7595
0,5967;-0,0964;0,4786;0,7710;113,8196
0,9819;-0,0181;0,4884;1,0968;113,8808
0,3183;-0,0278;1,0385;1,0865;113,9402
-0,3659;-0,0600;0,9221;0,9938;114,0004
-0,3173;0,0976;-0,0002;0,3320;114,0594
0,0617;0,0503;0,6180;0,6231;114,1190
0,0178;-0,0337;1,0243;1,0250;114,1827
0,0295;-0,0491;1,0107;1,0123;114,2443
0,0578;-0,0452;0,9587;0,9615;114,2988
0,1960;-0,0132;0,8191;0,8423;114,3594
0,1772;-0,1455;0,5750;0,6190;114,4193
0,2670;-0,0320;1,8798;1,8989;114,4796
0,3429;-0,0905;1,0217;1,0815;114,5400
0,0642;0,0085;1,3751;1,3766;114,5996
0,5540;-0,2580;1,2147;1,3598;114,6591
0,2907;0,0029;0,1184;0,3139;114,7192
-0,0305;0,0203;0,8845;0,8852;114,7841
0,0427;-0,0078;1,0507;1,0516;114,8399
0,1467;-0,0029;0,9375;0,9489;114,9003
0,1892;-0,0124;0,7610;0,7842;114,9592
0,1953;-0,1128;0,6763;0,7129;115,0192
0,1052;0,0071;1,2877;1,2920;115,0805
0,2990;-0,0271;0,9377;0,9846;115,1389
-0,3717;-0,0761;1,0097;1,0786;115,1986
0,1662;-0,0527;1,5305;1,5404;115,2602
-0,5448;-0,0491;-1,2974;1,4080;115,3207
0,0801;0,0600;0,8069;0,8131;115,3797
-0,0066;0,0085;1,0502;1,0503;115,4441
0,1350;0,0232;0,9777;0,9873;115,4983
0,2590;0,0122;0,6082;0,6612;115,5592
-0,0683;-0,0947;0,2158;0,2453;115,6208
-0,3976;-0,0378;1,3690;1,4260;115,6790
0,3102;-0,0586;1,0212;1,0689;115,7389
-0,0659;-0,0044;1,1998;1,2016;115,7996
0,0810;-0,0552;1,1722;1,1763;115,8595
0,2797;0,1962;1,4173;1,4579;115,9195
0,0495;0,0461;0,8218;0,8245;115,9785
-0,0290;0,0115;1,0168;1,0173;116,0393
0,0539;0,0117;0,9775;0,9790;116,1003
0,1701;0,0090;0,9150;0,9307;116,1588
0,1330;-0,0190;0,1308;0,1875;116,2228
0,9221;-0,2887;3,6205;3,7472;116,2796
0,3576;-0,0517;0,9982;1,0616;116,3401
-0,0029;-0,0637;0,9777;0,9798;116,4000
0,1413;-0,1467;1,4671;1,4811;116,4604
0,2136;0,1245;1,2945;1,3179;116,5199
0,0354;0,0344;0,7505;0,7521;116,5798
-0,0332;0,0139;1,0073;1,0079;116,6398
0,0371;0,0029;1,0116;1,0123;116,7049
0,1704;0,0225;0,9072;0,9233;116,7596
0,0905;-0,0954;0,6968;0,7091;116,8197
0,3187;-0,0076;2,1185;2,1423;116,8822
0,3944;-0,0810;1,1308;1,2003;116,9399
-0,0437;-0,0334;0,9584;0,9600;117,0011
0,1467;-0,0476;1,3365;1,3454;117,0600
0,9106;0,1706;2,0560;2,2551;117,1196
0,2026;0,0198;0,5853;0,6196;117,1822
-0,0298;0,0149;0,9645;0,9651;117,2407
0,0039;0,0154;0,9499;0,9500;117,3024
0,1240;0,0066;0,9907;0,9984;117,3609
0,0066;0,0298;0,2040;0,2063;117,4199
0,1599;-0,0710;1,2154;1,2280;117,4806
0,6661;-0,0881;1,0373;1,2359;117,5403
0,2646;-0,0185;1,0343;1,0678;117,6026
0,1108;-0,0544;1,1644;1,1710;117,6637
0,2467;0,0332;1,6313;1,6502;117,7316
0,7254;-0,1130;-0,2687;0,7817;117,7822
0,0154;0,0332;0,8877;0,8884;117,8445
0,0181;0,0024;1,0109;1,0111;117,9059
0,0942;0,0093;0,9658;0,9704;117,9680
0,2231;0,0486;0,4405;0,4962;118,0215
0,2360;-0,0959;0,2433;0,3523;118,0818
-0,0261;-0,0325;1,2784;1,2791;118,1423
0,2133;-0,0254;0,9521;0,9760;118,2055
0,1008;-0,0288;1,0915;1,0965;118,2628
0,2585;-0,0781;1,6369;1,6591;118,3231
0,3510;-0,0295;1,1676;1,2196;118,3812
0,0325;0,0342;0,6299;0,6317;118,4415
-0,0515;-0,0041;1,0414;1,0427;118,5023
0,0779;0,0124;0,9663;0,9695;118,5613
-0,1218;0,0049;0,9848;0,9923;118,6219
0,4740;-0,1279;0,6829;0,8410;118,6813
0,1286;-0,0705;1,3824;1,3901;118,7408
0,4852;-0,0142;1,1515;1,2496;118,8018
0,0381;-0,0168;1,0780;1,0788;118,8610
0,0742;-0,0337;1,4580;1,4603;118,9213
0,0981;-0,0149;0,8745;0,8801;118,9807
0,0085;0,0117;0,8098;0,8099;119,0418
-0,0600;-0,0088;1,0500;1,0517;119,1016
0,0747;0,0015;0,9292;0,9322;119,1614
0,1945;0,0637;0,6075;0,6410;119,2238
0,0630;-0,0713;0,5355;0,5439;119,2889
0,0061;0,0154;1,5776;1,5777;119,3418
0,2677;-0,0849;1,0724;1,1086;119,4051
0,0903;0,0081;1,1422;1,1458;119,4641
0,1384;-0,0998;1,1866;1,1988;119,5217
0,2192;0,0527;1,5859;1,6019;119,5839
0,1018;0,0498;0,7239;0,7327;119,6416
-0,0630;0,0022;1,0597;1,0616;119,7024
0,0020;-0,0012;0,9811;0,9811;119,7615
0,0715;0,0020;0,9433;0,9460;119,8212
-0,1035;0,0054;0,2621;0,2819;119,8806
0,2182;-0,0539;1,3714;1,3897;119,9416
0,4518;-0,1001;1,2406;1,3241;120,0012
0,2738;-0,0410;1,1254;1,1589;120,0619
0,0473;-0,1008;1,2694;1,2743;120,1222
0,1172;0,0215;1,4058;1,4108;120,1808
-0,3361;-0,0879;-1,0944;1,1482;120,2466
-0,0766;0,0190;0,9104;0,9138;120,3021
-0,0452;-0,0005;1,0063;1,0073;120,3611
-0,2084;0,0010;1,0900;1,1097;120,4234
0,0644;-0,0332;0,8262;0,8293;120,4837
0,1923;-0,0283;0,8281;0,8506;120,5441
0,3627;-0,1086;2,0748;2,1091;120,6009
0,1611;-0,0146;0,9545;0,9681;120,6609
-0,0022;-0,0373;1,0685;1,0692;120,7208
0,0639;-0,0393;1,4170;1,4190;120,7809
-0,0039;-0,0051;0,8201;0,8201;120,8409
-0,1306;-0,0303;0,9797;0,9888;120,9034
-0,0625;0,0046;0,9875;0,9895;120,9615
0,0793;0,0117;0,9248;0,9282;121,0204
0,0007;-0,0012;0,4213;0,4213;121,0811
0,6619;-0,0637;0,6844;0,9542;121,1429
0,3192;-0,0840;2,1802;2,2051;121,2008
0,1572;-0,0249;0,9526;0,9658;121,2608
-0,0334;-0,0554;1,0080;1,0101;121,3230
0,0254;-0,0417;1,3746;1,3754;121,3805
0,5430;-0,1508;2,0018;2,0796;121,4471
-0,0596;-0,0635;0,8930;0,8973;121,5022
-0,0925;-0,0156;1,0146;1,0189;121,5624
0,0085;-0,0171;0,9860;0,9862;121,6209
0,1169;0,0085;0,8357;0,8439;121,6811
0,1826;-0,1106;-0,1037;0,2373;121,7409
0,2594;0,0464;1,0568;1,0892;121,8006
0,3036;-0,0478;1,2974;1,3334;121,8629
0,1769;-0,0205;1,0180;1,0335;121,9202
0,0666;-0,0686;1,4998;1,5028;121,9803
-1,3487;0,1701;0,1921;1,3729;122,0405
0,4925;0,0083;0,0098;0,4927;122,1010
-0,0412;-0,0024;0,9431;0,9440;122,1617
-0,0164;-0,0266;0,9997;1,0002;122,2202
0,1079;-0,0434;0,8313;0,8394;122,2819
-0,0798;0,0813;0,6739;0,6834;122,3400
-0,0803;-0,1494;1,9762;1,9835;122,4000
0,3598;-0,1079;0,9331;1,0058;122,4607
0,0295;-0,0322;1,2420;1,2428;122,5214
0,0578;-0,0464;1,3826;1,3846;122,5820
-0,1791;0,1303;0,7200;0,7533;122,6404
0,0007;0,0085;0,7844;0,7845;122,7034
-0,0164;-0,0149;0,9826;0,9829;122,7611
0,3219;-0,0686;0,4950;0,5944;122,8204
-0,0103;-0,0198;0,4137;0,4143;122,8806
0,9013;-0,1765;3,3918;3,5139;122,9408
0,3046;-0,0678;0,9858;1,0340;123,0017
0,0088;-0,0195;1,1659;1,1661;123,0613
0,2084;-0,0166;1,6357;1,6490;123,1224
-0,4957;-0,2402;-1,6633;1,7521;123,1826
-0,0857;0,0210;0,8930;0,8974;123,2414
-0,0083;0,0078;0,9902;0,9902;123,3033
0,1042;0,0083;1,0016;1,0071;123,3606
-0,1855;0,0979;0,0237;0,2111;123,4216
0,0608;-0,0122;0,6360;0,6390;123,4835
0,3451;0,0000;1,1820;1,2314;123,5415
0,1418;0,0923;1,2472;1,2586;123,6057
-0,0207;-0,0627;0,9687;0,9709;123,6615
0,1198;-0,0532;0,9902;0,9988;123,7214
0,1630;0,0254;0,8694;0,8849;123,7832
0,2670;-0,0210;0,9689;1,0053;123,8417
0,2321;0,1064;1,0219;1,0533;123,9015
0,1787;-0,0239;0,9899;1,0062;123,9611
0,1701;0,0632;0,9875;1,0040;124,0216
0,2138;0,0027;1,0839;1,1048;124,0819
0,2006;-0,0251;0,9880;1,0085;124,1409
