0,1357;-0,0442;0,9946;1,0048;0,1233
0,1294;-0,0537;0,9897;0,9995;0,1473
0,1499;-0,0459;1,0009;1,0131;0,3958
0,1357;-0,0498;1,0053;1,0156;0,3978
0,1374;-0,0488;0,9926;1,0033;0,3995
0,1215;-0,0505;0,9960;1,0047;0,4014
0,1269;-0,0469;0,9919;1,0011;0,4032
0,1228;-0,0476;0,9909;0,9996;0,4685
0,1084;-0,0517;0,9948;1,0020;0,5188
0,1113;-0,0483;0,9960;1,0034;0,5790
0,1067;-0,0488;0,9907;0,9976;0,6404
0,1052;-0,0481;0,9936;1,0003;0,6998
0,1028;-0,0449;0,9951;1,0014;0,7602
0,1123;-0,0491;0,9990;1,0064;0,8208
0,1086;-0,0454;0,9941;1,0010;0,8798
0,1091;-0,0517;0,9946;1,0019;0,9418
0,1110;-0,0493;0,9970;1,0044;1,0008
0,1125;-0,0493;0,9982;1,0058;1,0608
0,1132;-0,0488;0,9907;0,9983;1,1232
0,1032;-0,0483;0,9955;1,0020;1,1863
0,1062;-0,0498;0,9972;1,0041;1,2407
0,1113;-0,0469;0,9921;0,9994;1,3012
0,1064;-0,0513;0,9958;1,0028;1,3620
0,1101;-0,0513;0,9968;1,0041;1,4220
0,1101;-0,0466;1,0014;1,0085;1,4807
0,1147;-0,0493;0,9931;1,0009;1,5414
0,1154;-0,0493;0,9946;1,0025;1,6056
0,1132;-0,0491;0,9990;1,0066;1,6608
0,1152;-0,0517;0,9972;1,0052;1,7218
0,1147;-0,0473;0,9951;1,0028;1,7833
0,1118;-0,0493;0,9960;1,0035;1,8898
0,1106;-0,0491;0,9924;0,9997;1,9080
0,1169;-0,0500;0,9929;1,0010;1,9618
0,1252;-0,0513;0,9907;0,9999;2,0243
0,1230;-0,0539;0,9919;1,0009;2,0804
0,1289;-0,0537;0,9985;1,0082;2,1414
0,1250;-0,0510;1,0051;1,0141;2,2020
0,1047;-0,0488;1,0134;1,0199;2,2605
0,0544;-0,0539;1,2208;1,2232;2,3212
0,1091;-0,0974;1,6770;1,6833;2,3838
0,1233;0,0010;0,6443;0,6560;2,4414
0,0713;0,0210;0,7166;0,7204;2,5029
0,0757;-0,1054;-0,3190;0,3444;2,5635
0,1318;-0,1342;1,3931;1,4058;2,6248
0,0981;-0,0491;0,9850;0,9911;2,6820
-0,0273;-0,0354;0,9946;0,9956;2,7413
0,0513;-0,0862;1,2372;1,2412;2,8010
-0,1943;-0,0046;1,0895;1,1067;2,8652
0,1706;0,0649;0,4276;0,4649;2,9210
-0,0769;0,0090;0,8540;0,8575;2,9817
-0,0256;-0,0002;1,0068;1,0071;3,0455
0,3688;0,2126;-0,2411;0,4892;3,1014
1,5022;-0,8713;7,9885;8,1751;3,1614
0,4220;-0,0630;1,0646;1,1469;3,2251
0,1562;-0,0415;1,1774;1,1884;3,2811
-0,1235;-0,0669;0,9477;0,9581;3,3417
0,0273;0,0544;0,5928;0,5960;3,4028
0,0498;-0,0312;0,7261;0,7285;3,4608
-0,0356;0,0041;0,9716;0,9723;3,5215
0,0088;-0,0164;0,9875;0,9877;3,5810
-0,4154;-0,1723;0,3632;0,5780;3,6409
-0,1015;-0,0864;2,4655;2,4691;3,7016
0,3988;-0,1286;1,1034;1,1803;3,7615
-0,1662;-0,0361;0,9628;0,9777;3,8245
-0,2907;-0,0037;1,0380;1,0779;3,8822
-0,1704;0,0273;0,5511;0,5775;3,9403
0,0242;0,0093;0,7930;0,7934;4,0015
0,0005;0,0085;0,9306;0,9307;4,0611
0,3412;-0,0081;0,1479;0,3720;4,1211
0,7307;-0,1359;4,1611;4,2269;4,1821
0,3368;-0,0615;1,0480;1,1025;4,2450
0,0317;-0,0144;1,2728;1,2733;4,3018
-0,0732;0,0608;1,0744;1,0786;4,3612
0,2082;-0,0581;1,2433;1,2619;4,4234
0,0564;-0,0122;0,7317;0,7340;4,4814
-0,0156;-0,0037;0,9804;0,9805;4,5408
0,0566;0,0000;0,9653;0,9669;4,6010
-0,2812;-0,0793;-0,4025;0,4973;4,6638
0,0195;-0,0007;1,4803;1,4804;4,7204
0,4335;-0,1308;1,1664;1,2512;4,7818
0,0112;-0,0508;1,3411;1,3421;4,8432
0,0718;0,0195;0,4452;0,4513;4,9054
-0,0332;0,0261;0,8713;0,8723;4,9642
0,0032;0,0193;1,0146;1,0148;5,0230
-0,0012;0,0090;1,0048;1,0049;5,0817
0,0088;0,0088;0,9431;0,9431;5,1406
0,2795;-0,0605;-0,6504;0,7105;5,2012
-0,4703;-0,2309;2,4158;2,4719;5,2622
0,3927;-0,0844;1,2674;1,3296;5,3204
-0,3102;0,2226;1,3226;1,3766;5,3806
0,1367;-0,0698;0,8279;0,8420;5,4413
0,0412;0,0168;0,8572;0,8583;5,5018
0,0486;-0,0093;1,0256;1,0268;5,5604
0,0556;-0,0359;1,0009;1,0031;5,6210
0,2568;-0,0388;0,1884;0,3208;5,6803
0,1928;-0,1699;2,8829;2,8943;5,7403
0,3771;-0,0844;1,1513;1,2144;5,8003
-0,0896;0,0491;1,0241;1,0292;5,8606
-0,0215;-0,0905;0,9875;0,9919;5,9215
0,0561;0,0024;0,8235;0,8254;5,9805
0,0173;0,0085;0,9787;0,9789;6,0409
0,0627;0,0032;0,9733;0,9754;6,1031
0,3356;-0,1494;-0,1769;0,4077;6,1616
0,4681;0,0205;2,3152;2,3621;6,2218
0,3563;-0,0744;1,0961;1,1550;6,2857
0,0068;0,0332;1,2325;1,2330;6,3401
-0,0290;-0,0417;1,1813;1,1824;6,4009
0,0120;0,0674;0,4930;0,4977;6,4633
0,0242;0,0088;0,9216;0,9219;6,5215
0,0478;0,0085;0,9907;0,9918;6,5839
0,1896;-0,0020;0,5540;0,5856;6,6437
-1,1115;0,0327;1,2049;1,6396;6,7014
0,5919;-0,0927;1,1037;1,2558;6,7683
0,7515;-0,0637;1,6919;1,8523;6,8206
0,1735;-0,1750;1,1578;1,1838;6,8829
0,1850;-0,0622;1,1996;1,2154;6,9400
0,0176;-0,0752;0,7834;0,7872;7,0002
0,0317;-0,0283;0,9226;0,9235;7,0659
0,0725;-0,0283;0,9780;0,9811;7,1194
0,0210;-0,1474;-0,7876;0,8015;7,1807
-0,2441;-0,0432;1,6272;1,6459;7,2433
0,4288;-0,0452;1,0753;1,1586;7,3003
-1,9801;-0,0815;-0,5535;2,0576;7,3626
0,1823;-0,1069;1,0116;1,0335;7,4238
0,0427;0,0005;0,7661;0,7673;7,4808
0,0286;-0,0137;1,0295;1,0300;7,5404
0,0574;-0,0308;1,0029;1,0050;7,6045
0,0866;-0,0215;0,9814;0,9854;7,6643
0,3192;-0,0642;-0,2821;0,4309;7,7201
0,6988;-0,0971;3,3674;3,4405;7,7804
0,3493;-0,0830;1,2006;1,2531;7,8474
-0,0210;0,0373;0,9926;0,9935;7,8999
0,0085;-0,1110;1,2135;1,2186;7,9600
-0,2082;-0,0293;0,8376;0,8636;8,0212
0,0022;-0,0630;0,8196;0,8220;8,0791
-0,0022;-0,0354;0,9445;0,9452;8,1412
0,0408;-0,0378;0,9665;0,9681;8,2046
-0,1901;-0,2145;-0,5286;0,6014;8,2616
-0,1335;0,0002;1,5400;1,5458;8,3209
0,2804;-0,1074;1,1600;1,1983;8,3795
-1,3572;-0,0227;0,1889;1,3705;8,4401
0,0864;0,0007;0,6031;0,6092;8,5045
-0,0049;-0,0222;0,8840;0,8843;8,5614
-0,0144;-0,0322;1,0087;1,0093;8,6197
0,0020;-0,0361;0,9936;0,9942;8,6846
0,0303;-0,0349;0,9528;0,9539;8,7399
-0,1428;-0,0105;-0,2599;0,2967;8,8006
-0,4037;0,0095;1,0229;1,0997;8,8622
0,3759;-0,0615;1,2154;1,2737;8,9193
-0,7983;-0,1191;-0,1845;0,8280;8,9803
-0,0647;0,0142;0,8938;0,8962;9,0409
0,0020;0,0139;1,4912;1,4913;9,1090
0,0046;-0,1157;0,8171;0,8253;9,1646
-0,0347;-0,0178;0,8757;0,8766;9,2207
0,0605;-0,0259;0,9555;0,9578;9,2837
-0,2302;-0,0161;-0,0588;0,2381;9,3408
0,2114;-0,0322;1,4195;1,4355;9,4009
0,6394;-0,1794;1,4275;1,5745;9,4618
0,0041;-0,0837;1,2528;1,2556;9,5203
0,0229;-0,0381;1,3014;1,3021;9,5807
-0,4027;0,0210;0,2048;0,4523;9,6409
0,0442;0,0120;0,7288;0,7302;9,7026
0,0178;-0,0066;0,9562;0,9564;9,7610
0,2367;0,0049;0,3224;0,4000;9,8213
0,7893;-0,0998;0,2018;0,8208;9,8805
0,3593;-0,0212;1,1920;1,2452;9,9435
0,5540;-0,0176;1,6079;1,7008;10,0004
0,2265;-0,2201;1,3995;1,4347;10,0606
-0,3041;0,0422;-0,2633;0,4045;10,1291
-0,0500;-0,0161;0,8689;0,8705;10,1808
-0,0188;-0,0198;1,0231;1,0235;10,2408
0,0198;-0,0164;0,9868;0,9871;10,3003
0,1401;-0,0237;0,3846;0,4100;10,3800
0,0515;0,1477;0,4056;0,4347;10,4209
0,2529;0,0366;1,2601;1,2857;10,4816
0,6346;-0,0859;1,7614;1,8742;10,5404
-0,0364;0,1398;1,3406;1,3484;10,6008
0,0210;0,0176;0,7224;0,7229;10,6605
-0,0007;-0,0198;1,0800;1,0802;10,7218
0,0244;-0,0215;0,9811;0,9817;10,7802
0,0259;-0,0298;0,9728;0,9736;10,8405
0,3659;0,1755;-0,4815;0,6297;10,9009
0,3275;-0,1350;3,4067;3,4250;10,9618
0,4256;-0,0979;1,1820;1,2601;11,0208
-0,0461;0,2018;1,3814;1,3968;11,0833
-0,1084;-0,0286;0,0251;0,1148;11,1418
0,0120;0,0061;0,8503;0,8504;11,2031
-0,0022;-0,0198;1,0566;1,0567;11,2637
0,0193;-0,0168;1,0046;1,0049;11,3200
0,0513;-0,0146;0,9130;0,9146;11,3800
0,5191;-0,1828;-1,2189;1,3374;11,4404
-0,2172;0,0020;1,2081;1,2275;11,5005
0,4410;-0,0964;1,5315;1,5967;11,5602
0,0483;0,0303;0,8572;0,8590;11,6206
0,1457;0,0395;0,5816;0,6009;11,6806
-0,0393;-0,0066;0,9970;0,9978;11,7401
0,0005;-0,0110;0,9909;0,9910;11,8004
-0,0063;-0,0190;0,9814;0,9816;11,8604
0,0376;-0,0478;0,9240;0,9260;11,9209
-0,0046;-0,0556;-0,5306;0,5335;11,9799
-0,0459;-0,0247;1,1552;1,1563;12,0405
0,6560;-0,0388;1,7517;1,8709;12,1017
0,0081;-0,1254;1,8032;1,8075;12,1597
0,0803;-0,0283;0,5911;0,5972;12,2211
-0,0317;-0,0193;0,9709;0,9716;12,2844
-0,0115;-0,0244;1,0012;1,0015;12,3442
0,0088;-0,0227;1,0095;1,0097;12,4005
0,0461;-0,0276;0,8874;0,8890;12,4609
-0,6014;-0,1096;0,2538;0,6619;12,5200
-0,1943;0,0373;1,3487;1,3631;12,5819
0,6253;-0,2860;1,6653;1,8016;12,6402
0,0098;0,0185;0,9760;0,9762;12,7020
0,0886;0,0639;0,6790;0,6877;12,7601
-0,0173;-0,0027;1,0361;1,0362;12,8197
0,0105;-0,0037;1,0073;1,0073;12,8844
-0,0146;-0,0132;0,9782;0,9784;12,9446
0,0156;-0,0239;0,9511;0,9515;12,9997
-0,1001;-0,0720;0,4769;0,4926;13,0680
0,1237;-0,1323;4,8205;4,8239;13,1259
0,3746;-0,0676;1,1437;1,2054;13,1823
-3,3456;-0,0537;-1,8898;3,8429;13,2439
0,1223;-0,0391;0,7871;0,7975;13,2998
0,0056;-0,0676;0,8594;0,8620;13,3601
-0,0193;-0,0591;0,9907;0,9926;13,4199
-0,0044;-0,0574;1,0048;1,0065;13,4811
0,0217;-0,0513;0,9597;0,9613;13,5398
-0,0508;-0,0122;0,8598;0,8614;13,6000
0,4664;-0,0105;-0,5906;0,7527;13,6619
0,3158;-0,0129;1,4022;1,4373;13,7196
0,3807;0,0332;1,6030;1,6479;13,7802
0,2123;-0,1045;1,6543;1,6711;13,8457
-0,0359;0,0122;0,6922;0,6932;13,8999
-0,0395;-0,0095;1,0988;1,0995;13,9598
-0,0112;-0,0095;0,9933;0,9935;14,0264
0,0381;-0,0083;0,9448;0,9456;14,0804
-0,0391;0,0205;0,4691;0,4712;14,1401
0,1855;-0,0754;2,6195;2,6272;14,1997
0,2546;-0,0547;1,2645;1,2910;14,2608
0,0686;0,0761;1,0627;1,0676;14,3200
0,3707;0,0002;1,9091;1,9447;14,3797
0,0027;-0,0242;0,8745;0,8748;14,4418
0,0000;-0,0391;1,0424;1,0431;14,4994
-0,0034;-0,0420;1,0038;1,0047;14,5598
0,0244;-0,0351;0,9365;0,9375;14,6243
0,0305;-0,0002;0,6026;0,6034;14,6786
0,3144;-0,1586;4,2138;4,2285;14,7402
0,3868;-0,1084;1,3363;1,3953;14,8033
-3,3493;0,0857;-0,5067;3,3885;14,8591
0,0664;-0,0120;0,0510;0,0846;14,9198
-0,0722;-0,0439;0,9599;0,9636;14,9786
-0,0449;-0,0581;1,0444;1,0469;15,0397
-0,0383;-0,0410;0,9580;0,9596;15,1017
0,0073;-0,0561;0,9575;0,9591;15,1598
-0,0747;-0,0276;0,5323;0,5382;15,2200
0,1164;-0,0649;2,3938;2,3975;15,2795
0,5057;-0,1935;2,1570;2,2240;15,3394
-0,0115;-0,1352;1,1085;1,1168;15,3994
-0,0403;0,0093;0,7329;0,7341;15,4594
-0,0674;-0,0298;1,0871;1,0896;15,5207
-0,0142;-0,0268;1,0143;1,0148;15,5790
-0,0456;-0,0225;0,9460;0,9474;15,6403
0,1723;0,0207;0,2411;0,2971;15,6991
-0,2590;-0,0779;-0,0693;0,2791;15,7593
0,4283;-0,0471;1,4546;1,5171;15,8191
0,2192;0,0500;1,7209;1,7355;15,8877
-0,0222;-0,0625;1,0749;1,0769;15,9388
-0,0139;-0,0127;0,7468;0,7471;15,9990
-0,0732;-0,0317;1,0292;1,0323;16,0588
-0,0264;-0,0195;1,0243;1,0249;16,1291
-0,0444;-0,0271;0,9592;0,9606;16,1791
0,0071;-0,0317;0,9555;0,9561;16,2416
0,0122;-0,0598;0,1596;0,1709;16,2991
0,4110;-0,0044;1,5342;1,5883;16,3592
0,0535;-0,0254;1,4922;1,4934;16,4231
-0,0200;0,0615;1,3187;1,3203;16,4796
0,0005;-0,0151;0,8698;0,8700;16,5391
-0,0740;-0,0364;1,0514;1,0547;16,5991
-0,0288;-0,0391;1,0073;1,0084;16,6594
-0,0315;-0,0354;0,9670;0,9681;16,7225
0,1193;-0,0461;1,0971;1,1045;16,7803
0,4911;-0,0329;-0,1562;0,5164;16,8397
0,3190;-0,0249;1,5030;1,5366;16,8991
-2,1671;0,1416;0,8245;2,3229;16,9592
0,2978;0,0749;0,1118;0,3268;17,0233
-0,1010;0,0044;1,0321;1,0371;17,0780
-0,0630;-0,0007;0,9968;0,9987;17,1393
-0,0586;0,0015;0,9907;0,9924;17,1989
-0,0544;-0,0049;0,9719;0,9734;17,2596
0,0103;-0,0066;0,8991;0,8992;17,3189
-0,5003;0,1479;1,0514;1,1738;17,3787
0,2023;-0,0835;2,2032;2,2140;17,4389
-0,0041;-0,1691;2,0602;2,0671;17,5011
-0,0669;0,0034;-0,9279;0,9303;17,5622
-0,0376;0,0029;0,9619;0,9626;17,6192
0,0051;-0,0244;1,0971;1,0974;17,6816
0,0015;-0,0188;0,9941;0,9943;17,7385
-0,0022;-0,0227;0,9628;0,9631;17,7992
0,0732;-0,0049;0,9455;0,9483;17,8612
-0,0849;-0,0476;0,5682;0,5765;17,9228
-0,2204;-0,0730;1,5091;1,5268;17,9790
0,6809;-0,2853;2,2356;2,3544;18,0407
-0,5199;0,1762;1,1137;1,2416;18,1000
-0,0452;0,0371;0,8098;0,8119;18,1591
-0,0437;-0,0425;1,1603;1,1619;18,2254
0,0032;-0,0312;1,0126;1,0131;18,2802
0,0059;-0,0261;0,9553;0,9556;18,3386
0,0473;-0,0337;0,9655;0,9673;18,3985
-0,1523;-0,0517;-0,2504;0,2976;18,4633
-0,1352;0,0105;1,4759;1,4821;18,5200
0,4056;-0,0356;1,5972;1,6483;18,5785
-0,2611;-0,0083;0,5003;0,5644;18,6390
0,0037;0,0215;0,7783;0,7786;18,6990
-0,0513;-0,0486;1,0946;1,0969;18,7589
-0,0044;-0,0454;1,0090;1,0100;18,8185
-0,0146;-0,0395;0,9789;0,9799;18,8791
0,0288;-0,0400;0,7144;0,7161;18,9393
0,0874;-0,0408;-0,3854;0,3973;18,9999
-0,2270;-0,0017;1,1954;1,2168;19,0596
0,3817;0,0085;1,8024;1,8424;19,1195
0,1533;0,0181;1,2755;1,2848;19,1802
0,1159;0,0068;0,5882;0,5996;19,2380
0,0022;-0,0537;1,0402;1,0416;19,3016
0,0181;-0,0544;1,0090;1,0106;19,3588
0,0029;-0,0547;0,9821;0,9836;19,4208
0,0400;-0,0554;0,9904;0,9928;19,4785
-0,0207;-0,0439;0,1264;0,1354;19,5384
0,0715;-0,1130;2,3513;2,3551;19,5985
0,2941;-0,0652;1,3611;1,3941;19,6600
0,1059;-0,1582;0,5223;0,5559;19,7202
0,2570;-0,0342;0,7586;0,8016;19,7793
0,0095;0,0242;0,9238;0,9241;19,8392
0,0239;-0,0185;1,0832;1,0836;19,8993
0,0127;-0,0303;0,9907;0,9912;19,9621
0,0317;-0,0268;0,9907;0,9915;20,0211
0,1918;-0,1337;0,3407;0,4132;20,0819
-0,0200;0,3109;2,4934;2,5128;20,1489
0,4132;0,0159;1,3716;1,4326;20,1984
0,8752;-0,0459;1,5764;1,8037;20,2590
0,0930;0,0393;0,7415;0,7483;20,3178
0,0498;-0,0583;0,9929;0,9958;20,3777
0,0525;-0,0532;0,9907;0,9935;20,4401
0,0513;-0,0432;0,9785;0,9807;20,4997
0,0998;-0,0373;0,9931;0,9988;20,5581
0,0271;-0,0942;0,2309;0,2508;20,6180
0,0791;-0,0561;1,9027;1,9052;20,6789
0,4523;-0,1342;2,3018;2,3496;20,7392
-0,4293;-0,1635;-2,3599;2,4042;20,7981
0,0261;0,0210;0,9799;0,9805;20,8582
0,0488;-0,0046;1,0878;1,0889;20,9219
0,0312;-0,0066;0,9611;0,9617;20,9792
0,0410;-0,0232;1,0636;1,0647;21,0378
0,1418;0,0544;0,9736;0,9854;21,0984
0,0547;0,0002;0,9963;0,9978;21,1586
0,0422;-0,0215;1,0341;1,0352;21,2177
0,0964;0,0012;0,9638;0,9686;21,2779
0,0744;-0,0354;1,0392;1,0425;21,3403
0,0984;-0,0354;1,0099;1,0153;21,3978
0,1201;-0,0310;0,9977;1,0054;21,4579
0,0708;-0,0361;0,9853;0,9885;21,5176
0,0937;-0,0312;0,9728;0,9778;21,5780
0,0874;-0,0344;1,0436;1,0478;21,6385
0,0891;-0,0278;1,0195;1,0237;21,6981
0,0515;-0,0273;0,9682;0,9700;21,7582
0,0312;-0,0276;0,9929;0,9937;21,8211
0,0422;-0,0215;0,9885;0,9896;21,8788
0,0376;-0,0268;0,9907;0,9917;21,9382
0,0725;-0,0247;0,9907;0,9936;21,9976
-0,4901;-0,0273;1,1901;1,2873;22,0575
0,4193;0,1198;1,4895;1,5521;22,1218
0,1042;-0,0527;1,3345;1,3396;22,1776
0,2848;0,0884;1,4461;1,4765;22,2382
-0,4242;-0,3053;-2,3108;2,3692;22,3003
-0,0090;0,0085;1,0165;1,0166;22,3580
-0,0476;-0,0398;1,0897;1,0915;22,4179
0,0320;-0,0295;0,9343;0,9353;22,4779
0,0969;-0,0408;0,8896;0,8958;22,5390
-0,0059;-0,0559;-0,5870;0,5897;22,5977
0,3495;-0,0535;1,4617;1,5039;22,6591
0,5025;-0,1655;1,5313;1,6201;22,7178
-0,0857;0,0134;1,0082;1,0120;22,7801
0,1655;0,0164;0,4481;0,4780;22,8376
-0,0063;-0,0173;0,9694;0,9696;22,8975
-0,0193;-0,0261;1,0182;1,0188;22,9585
-0,0144;-0,0256;0,9911;0,9916;23,0182
-0,0386;-0,0344;0,9831;0,9845;23,0779
0,0115;-0,0325;0,9765;0,9771;23,1388
0,1701;-0,0359;0,2775;0,3275;23,2006
0,2797;0,0456;0,2599;0,3845;23,2583
0,2824;-0,0615;1,5718;1,5981;23,3212
0,0561;-0,0112;1,3370;1,3382;23,3786
0,2829;-0,0735;1,4139;1,4438;23,4387
-0,0569;-0,0532;0,8489;0,8524;23,4994
-0,0193;-0,0500;1,0265;1,0279;23,5584
-0,0066;-0,0644;0,9877;0,9899;23,6179
-0,0281;-0,0598;0,9699;0,9722;23,6789
0,0085;-0,0635;0,9785;0,9805;23,7385
0,1006;-0,0554;0,2077;0,2373;23,7985
0,0603;-0,1110;2,2666;2,2701;23,8583
0,3170;-0,0525;1,3885;1,4252;23,9213
0,1562;-0,0332;1,4417;1,4505;23,9785
-0,2680;-0,0432;0,6138;0,6712;24,0387
-0,0063;0,0229;0,8613;0,8616;24,0994
-0,0654;-0,0356;1,1061;1,1086;24,1649
-0,0124;-0,0295;0,9638;0,9643;24,2189
-0,0425;-0,0364;0,9858;0,9874;24,2866
0,0154;-0,0398;0,9182;0,9192;24,3386
-0,1794;0,0525;0,0666;0,1984;24,3987
0,4923;-0,2175;3,7586;3,7969;24,4616
0,3314;-0,1042;1,4141;1,4562;24,5185
-0,1572;0,0205;0,4110;0,4405;24,5784
-0,0747;0,0317;-0,4169;0,4247;24,6419
-0,0325;-0,0351;0,9755;0,9767;24,6978
-0,0124;-0,0325;1,0204;1,0210;24,7591
0,0085;-0,0283;0,9599;0,9604;24,8182
0,3566;-0,0261;0,0012;0,3575;24,8776
0,1491;0,0925;1,1847;1,1976;24,9387
0,3754;-0,1242;1,6750;1,7211;24,9993
0,2238;0,2075;1,6862;1,7136;25,0577
-0,5999;-0,1601;-3,5187;3,5730;25,1177
-0,0271;0,0088;0,9875;0,9879;25,1786
-0,0622;-0,0332;1,0270;1,0294;25,2381
-0,0371;-0,0185;0,9899;0,9908;25,2990
-0,0317;-0,0286;0,9902;0,9911;25,3595
0,1064;-0,0320;0,7720;0,7799;25,4181
0,0769;-0,0430;0,5709;0,5776;25,4779
0,1547;-0,0674;1,4583;1,4680;25,5395
0,2858;-0,1760;1,4490;1,4874;25,5969
0,0139;0,0049;1,4317;1,4318;25,6583
0,1420;-0,0081;0,4359;0,4585;25,7217
-0,0520;-0,0268;0,9714;0,9731;25,7805
-0,0532;-0,0347;0,9904;0,9924;25,8384
-0,0264;-0,0334;0,9772;0,9782;25,9007
0,0603;-0,0417;1,2481;1,2503;25,9588
-0,3349;-0,0649;0,7649;0,8375;26,0174
-0,1386;-0,0244;1,4385;1,4454;26,0777
0,3502;-0,0988;1,5747;1,6162;26,1388
0,0349;0,0090;1,4666;1,4670;26,1988
0,0434;0,0198;0,7739;0,7754;26,2574
-0,1328;-0,0310;1,0639;1,0726;26,3185
-0,0666;-0,0107;0,9692;0,9715;26,3778
-0,0305;-0,0173;0,9929;0,9935;26,4381
0,1237;-0,0286;0,7910;0,8011;26,5023
-0,0879;-0,0039;0,2912;0,3042;26,5581
-0,0334;-0,1213;1,8073;1,8117;26,6183
0,4896;-0,0024;1,5010;1,5788;26,6784
-0,0825;-0,1159;0,4161;0,4398;26,7379
0,2140;-0,0398;-0,2687;0,3458;26,7978
-0,0422;-0,0046;1,0068;1,0077;26,8576
-0,0283;-0,0100;1,0021;1,0026;26,9189
-0,0237;-0,0107;0,9958;0,9961;26,9783
-0,0271;-0,0266;0,9809;0,9816;27,0391
-0,0991;-0,0630;1,1278;1,1339;27,1006
-0,2389;0,0869;1,3209;1,3451;27,1584
0,4818;-0,0298;1,7409;1,8066;27,2174
0,1589;0,2241;1,5579;1,5819;27,2791
-0,0361;0,0740;1,1515;1,1544;27,3395
-0,0491;-0,0166;1,0160;1,0174;27,3972
-0,0647;-0,0249;1,0058;1,0082;27,4579
-0,0439;-0,0146;0,9653;0,9664;27,5181
-0,0415;-0,0207;0,9807;0,9817;27,5783
0,1079;-0,0068;0,8018;0,8090;27,6376
0,0217;-0,0998;0,4320;0,4439;27,6977
0,0005;-0,0005;1,4331;1,4331;27,7575
0,3341;-0,0037;1,6733;1,7063;27,8173
0,0732;0,0146;1,5235;1,5253;27,8771
0,0110;0,0085;0,7908;0,7909;27,9369
-0,0923;-0,0217;1,0282;1,0326;27,9974
-0,0617;-0,0051;0,9924;0,9943;28,0570
-0,0727;-0,0095;0,9931;0,9958;28,1203
-0,0586;-0,0261;0,9907;0,9927;28,1768
0,0305;-0,0161;0,8991;0,8998;28,2446
-0,1176;0,0107;0,2570;0,2828;28,3029
0,5108;-0,2790;2,0877;2,1673;28,3597
0,5318;-0,0395;1,8302;1,9064;28,4171
0,2680;0,0261;1,4676;1,4921;28,4796
0,0071;-0,0095;0,6870;0,6871;28,5375
-0,0447;-0,0149;1,0629;1,0639;28,5972
-0,0347;-0,0205;0,9907;0,9915;28,6575
-0,0410;-0,0190;0,9894;0,9905;28,7206
-0,0139;-0,0220;0,9755;0,9759;28,7791
0,1586;-0,0176;0,6653;0,6842;28,8372
0,2738;-0,0891;-0,1377;0,3192;28,8967
0,2087;-0,0376;1,3323;1,3491;28,9573
0,2204;-0,0644;1,8205;1,8349;29,0179
0,0237;-0,0188;1,9647;1,9650;29,0819
-0,0666;-0,0098;0,6992;0,7025;29,1415
-0,0322;-0,0083;1,0751;1,0756;29,1972
-0,0032;-0,0107;0,9880;0,9880;29,2595
0,0120;-0,0103;0,9611;0,9613;29,3165
0,1276;-0,0205;0,7093;0,7209;29,3768
-0,2387;0,0661;0,4335;0,4992;29,4380
0,0056;0,0447;1,2655;1,2663;29,4970
0,5238;-0,0918;2,0838;2,1506;29,5576
-0,5142;0,0247;0,9687;1,0970;29,6182
-0,0918;0,0391;0,9436;0,9488;29,6789
-0,0522;-0,0100;1,0861;1,0874;29,7367
0,0024;0,0078;0,9907;0,9907;29,7981
-0,0127;-0,0146;0,9907;0,9908;29,8617
0,0434;-0,0310;0,9504;0,9519;29,9181
0,4259;-0,1008;0,0146;0,4379;29,9771
-0,2856;0,0037;1,4519;1,4798;30,0383
0,3749;-0,0434;1,3550;1,4066;30,1074
0,2267;0,0146;1,5139;1,5309;30,1613
0,2245;0,0327;1,2791;1,2991;30,2171
-0,0303;-0,0095;0,7527;0,7534;30,2779
0,0273;-0,0007;1,0758;1,0762;30,3476
0,0371;-0,0217;0,9638;0,9648;30,3983
0,0085;-0,0261;0,9904;0,9908;30,4570
0,1049;-0,0222;1,0641;1,0695;30,5172
0,0661;-0,0493;-0,0132;0,0835;30,5778
1,2030;-0,2123;4,4530;4,6175;30,6377
0,4320;-0,0459;1,1381;1,2182;30,6967
0,2963;0,0559;1,5422;1,5714;30,7567
-1,6067;0,0503;-1,8842;2,4767;30,8167
0,0066;-0,0339;0,7100;0,7108;30,8773
-0,0022;-0,0535;1,0917;1,0930;30,9378
0,1162;-0,0242;0,9758;0,9830;30,9967
0,0945;-0,0210;0,9692;0,9740;31,0574
0,1855;0,0034;0,6006;0,6286;31,1166
0,1162;-0,0290;0,3417;0,3621;31,1783
0,4374;-0,1440;2,1812;2,2293;31,2375
0,4906;-0,0105;1,8542;1,9180;31,2991
-0,2006;0,0439;0,2172;0,2989;31,3566
0,0059;0,0476;0,6477;0,6495;31,4168
-0,0315;-0,0268;1,0143;1,0152;31,4815
0,1403;-0,0229;1,0034;1,0134;31,5415
0,0876;-0,0356;0,9836;0,9881;31,5965
0,0698;-0,0373;1,0207;1,0237;31,6584
0,1049;-0,0012;0,7407;0,7481;31,7203
0,0488;-0,0713;0,6587;0,6644;31,7762
0,4195;-0,0142;1,7194;1,7699;31,8364
0,4732;-0,2116;1,2823;1,3831;31,8968
0,0632;0,0547;1,2884;1,2911;31,9604
-0,3988;0,0032;-0,9782;1,0564;32,0176
-0,0222;0,0486;0,9458;0,9473;32,0762
0,0063;0,0312;1,0268;1,0273;32,1396
0,0176;0,0212;1,0012;1,0015;32,1967
0,0344;0,0229;0,9836;0,9845;32,2574
0,0620;0,0020;0,2851;0,2917;32,3196
-0,1406;-0,0337;0,9231;0,9343;32,3761
0,2509;-0,1464;1,6142;1,6402;32,4370
0,3510;-0,1433;1,3531;1,4052;32,4977
-0,0437;-0,0654;1,3809;1,3832;32,5568
0,0671;-0,0007;0,6695;0,6728;32,6181
-0,0166;-0,0327;0,9911;0,9918;32,6757
0,0210;-0,0308;1,0126;1,0133;32,7378
0,0239;-0,0305;0,9929;0,9936;32,7993
0,0422;-0,0322;0,9755;0,9770;32,8560
0,1115;-0,0032;0,7817;0,7897;32,9165
0,1965;-0,0544;0,4386;0,4837;32,9806
0,2875;-0,0547;1,7141;1,7389;33,0359
0,4518;-0,0591;1,5400;1,6060;33,0964
0,2577;-0,0283;1,2562;1,2827;33,1563
0,2597;0,0159;0,6927;0,7399;33,2174
0,0022;-0,0151;0,9248;0,9249;33,2759
0,0041;-0,0229;0,9999;1,0002;33,3360
0,0339;-0,0144;0,9968;0,9974;33,3981
0,0801;-0,0229;0,9609;0,9645;33,4563
0,1013;-0,0259;0,6643;0,6725;33,5172
-0,0234;-0,0068;0,6446;0,6450;33,5786
0,1123;-0,0059;1,4583;1,4626;33,6360
0,5926;-0,1777;1,8156;1,9181;33,6962
-0,1445;0,1745;0,6033;0,6445;33,7604
-0,0027;0,0403;0,6536;0,6549;33,8195
-0,0249;0,0007;1,0126;1,0129;33,8760
0,0737;-0,0100;1,0080;1,0107;33,9362
0,0788;-0,0059;1,0102;1,0133;33,9971
0,1574;-0,0339;0,8581;0,8731;34,0564
0,1911;0,0110;0,5938;0,6239;34,1158
0,5138;-0,0530;1,3162;1,4139;34,1773
0,4252;-0,0383;1,3521;1,4179;34,2359
0,1328;-0,0273;1,4012;1,4077;34,2958
-0,1660;0,1916;0,2668;0,3680;34,3557
-0,0422;-0,0122;0,7832;0,7844;34,4159
0,0273;-0,0161;1,0661;1,0665;34,4775
0,0781;-0,0176;0,9821;0,9854;34,5360
0,0837;-0,0105;0,9780;0,9816;34,5958
0,1223;-0,0146;0,7520;0,7620;34,6591
0,2428;0,0149;0,4186;0,4841;34,7160
0,4498;-0,0305;1,3514;1,4246;34,7757
0,4969;-0,0373;1,1720;1,2735;34,8394
0,4945;-0,1572;2,0438;2,1086;34,8959
-0,5701;0,3222;-1,4961;1,6332;34,9562
-0,0669;-0,0002;0,8088;0,8116;35,0159
-0,0117;-0,0056;1,1210;1,1211;35,0766
0,0725;-0,0151;0,9789;0,9817;35,1360
0,0674;-0,0015;0,9645;0,9669;35,1982
0,1521;0,0503;0,8135;0,8291;35,2583
0,2031;0,0068;0,9904;1,0110;35,3155
0,1762;-0,0190;1,9142;1,9224;35,3770
0,5538;-0,0454;1,3668;1,4754;35,4365
0,3812;-0,1428;2,0362;2,0765;35,4953
-1,0324;0,0740;-2,8739;3,0546;35,5559
-0,0954;0,0183;0,7910;0,7970;35,6160
-0,0627;0,0051;1,0641;1,0660;35,6788
-0,0149;0,0056;1,0146;1,0147;35,7355
-0,0327;0,0005;0,9675;0,9680;35,7956
0,0757;0,0039;0,8947;0,8979;35,8639
0,1191;-0,0168;0,4913;0,5058;35,9175
-0,3495;-0,1491;1,4454;1,4945;35,9780
0,2880;-0,0783;1,5232;1,5522;36,0367
0,4027;-0,1350;1,6609;1,7143;36,0955
-0,6641;-0,0957;0,6521;0,9357;36,1549
-0,0056;0,0085;0,7349;0,7349;36,2152
-0,0405;-0,0078;1,0265;1,0274;36,2757
0,0161;-0,0207;1,0165;1,0169;36,3349
0,0410;-0,0176;1,0085;1,0095;36,3952
0,0764;-0,0225;0,9028;0,9063;36,4549
0,0300;-0,0420;0,7930;0,7946;36,5147
-0,3549;0,1333;-0,4564;0,5933;36,5745
0,2629;-0,1020;1,5759;1,6010;36,6351
0,4991;-0,0574;1,5925;1,6699;36,6945
0,0161;-0,0015;1,4771;1,4772;36,7549
0,0783;-0,0220;0,3842;0,3927;36,8150
-0,0256;0,0127;0,9782;0,9786;36,8752
0,0393;-0,0007;1,0231;1,0239;36,9350
0,0544;-0,0022;1,0246;1,0260;36,9944
0,0425;-0,0146;0,9599;0,9610;37,0542
0,0991;-0,0210;0,8357;0,8418;37,1154
0,0888;-0,0522;0,6780;0,6858;37,1747
0,3166;-0,1857;1,7968;1,8339;37,2383
0,4171;-0,0127;1,1574;1,2303;37,2949
0,0847;0,0461;1,4695;1,4727;37,3554
-0,0110;0,1345;0,9641;0,9735;37,4188
0,0495;0,0207;0,5682;0,5707;37,4759
-0,0020;0,0012;1,0246;1,0246;37,5355
0,0996;-0,0376;0,9670;0,9728;37,5958
0,1181;-0,0066;0,9519;0,9592;37,6544
0,1040;-0,0188;0,8594;0,8658;37,7157
0,0198;0,0139;0,1074;0,1101;37,7789
0,3068;-0,1157;1,8981;1,9262;37,8342
0,4171;-0,0464;1,1151;1,1915;37,8951
0,0854;0,0503;1,3882;1,3918;37,9542
0,0034;-0,0039;1,3633;1,3634;38,0183
0,0212;0,0095;0,6221;0,6226;38,0755
-0,0298;-0,0076;1,0136;1,0141;38,1395
0,0308;-0,0093;1,0141;1,0146;38,1946
0,0308;-0,0073;0,9972;0,9977;38,2588
0,0415;-0,0115;0,9977;0,9987;38,3165
0,1604;0,0039;0,7568;0,7737;38,3753
0,0310;-0,0300;0,3112;0,3142;38,4344
0,3824;-0,0822;2,1383;2,1737;38,4967
0,3907;-0,0830;1,3428;1,4010;38,5583
0,0822;-0,0327;1,1827;1,1860;38,6177
0,1054;0,0239;0,5653;0,5755;38,6747
0,0024;0,0254;0,9697;0,9700;38,7344
0,1076;0,0000;1,0236;1,0293;38,7943
0,0747;0,0010;0,9955;0,9983;38,8541
0,1057;0,0041;0,9565;0,9623;38,9150
0,1076;-0,0103;0,6578;0,6666;38,9752
0,0508;-0,0552;0,3944;0,4015;39,0342
0,1552;-0,0652;1,4319;1,4418;39,0943
0,4696;-0,0793;1,5015;1,5752;39,1555
0,0583;-0,0596;1,5535;1,5557;39,2138
0,1064;0,0549;0,5323;0,5456;39,2744
-0,0430;0,0027;0,9933;0,9943;39,3398
0,0142;-0,0085;1,0107;1,0108;39,3998
0,0015;-0,0071;0,9926;0,9926;39,4554
0,0822;0,0007;0,9653;0,9688;39,5168
-0,0066;-0,0420;0,6085;0,6099;39,5750
0,3824;0,0937;3,0540;3,0793;39,6343
0,2904;-0,0986;1,3004;1,3361;39,6937
0,9843;-0,0478;1,8903;2,1317;39,7539
-0,1926;-0,0051;-0,1767;0,2614;39,8140
-0,0456;-0,0185;0,9077;0,9090;39,8737
-0,0027;-0,0168;1,0300;1,0301;39,9367
0,0195;-0,0159;0,9958;0,9961;39,9938
0,0117;-0,0256;0,9802;0,9806;40,0542
0,1169;0,0264;0,7298;0,7395;40,1144
0,0732;-0,0578;0,3500;0,3622;40,1784
-0,1979;0,0229;1,0836;1,1018;40,2344
0,3851;-0,1110;1,3843;1,4412;40,2950
0,9689;0,0107;2,3320;2,5253;40,3551
0,0659;0,0232;0,5423;0,5468;40,4164
-0,0688;-0,0068;1,0419;1,0442;40,4804
0,0137;-0,0271;1,0229;1,0233;40,5392
-0,0188;-0,0098;1,0148;1,0150;40,5958
0,0022;-0,0078;0,9616;0,9616;40,6555
0,1704;0,0315;0,5196;0,5477;40,7188
-0,0437;0,0388;0,1750;0,1845;40,7765
-0,0725;-0,0400;1,4888;1,4911;40,8353
0,4110;-0,1289;1,3655;1,4319;40,8960
-0,0010;-0,0647;1,0714;1,0734;40,9591
0,2075;-0,0327;0,5133;0,5546;41,0153
0,0122;0,0156;0,9948;0,9950;41,0769
0,0444;0,0085;1,0214;1,0224;41,1386
0,0166;-0,0063;1,0180;1,0181;41,1953
0,0400;0,0010;0,9494;0,9503;41,2565
0,2101;0,0764;0,5845;0,6258;41,3162
-0,1728;-0,0100;0,3803;0,4178;41,3760
0,4320;-0,0154;2,0138;2,0596;41,4376
0,3698;-0,0759;1,4915;1,5385;41,4961
0,2660;0,1838;1,4937;1,5283;41,5573
-0,1879;-0,0666;-0,5638;0,5980;41,6172
-0,0127;0,0085;0,9811;0,9813;41,6761
0,0107;0,0085;1,0073;1,0073;41,7354
0,0142;0,0073;1,0016;1,0018;41,8021
0,0249;0,0056;0,9680;0,9683;41,8565
0,1250;0,0969;0,6953;0,7131;41,9188
-0,0337;0,1215;-0,1718;0,2131;41,9767
0,1474;-0,1403;1,8527;1,8638;42,0365
0,4276;-0,1621;1,2779;1,3573;42,0960
0,0066;-0,0085;1,1395;1,1396;42,1559
-0,2136;-0,0303;0,8039;0,8324;42,2178
0,0081;0,0068;0,8259;0,8260;42,2762
-0,0183;-0,0142;0,9946;0,9948;42,3360
0,0671;-0,0190;1,0165;1,0189;42,3958
0,0840;-0,0359;0,9797;0,9839;42,4564
0,1057;-0,0605;0,8894;0,8977;42,5180
0,0976;-0,0339;0,8303;0,8367;42,5756
0,1882;0,0388;1,6223;1,6336;42,6358
0,4820;-0,0132;1,1637;1,2597;42,6961
0,5491;-0,0969;1,7648;1,8508;42,7576
-0,1325;0,0232;0,4974;0,5153;42,8158
0,0417;0,0176;0,5325;0,5345;42,8781
0,0337;0,0139;0,9994;1,0001;42,9381
0,1225;-0,0032;0,9667;0,9745;42,9966
0,0832;-0,0115;1,0087;1,0122;43,0583
0,1284;-0,0256;0,9218;0,9311;43,1167
0,0405;0,0022;0,4647;0,4665;43,1753
0,2763;-0,0549;2,1387;2,1572;43,2366
0,2162;-0,0571;1,2023;1,2229;43,2954
0,0862;0,0542;1,3197;1,3236;43,3558
-0,0288;0,0447;1,4312;1,4322;43,4158
0,0805;-0,0249;0,4964;0,5035;43,4764
-0,0215;-0,0115;1,0287;1,0290;43,5424
0,0239;-0,0168;1,0256;1,0260;43,5986
0,0549;-0,0173;0,9501;0,9519;43,6562
0,0571;-0,0017;0,9907;0,9923;43,7155
0,0813;0,0017;0,6890;0,6938;43,7755
0,0007;0,0132;0,7891;0,7892;43,8392
0,2768;-0,0698;1,9164;1,9375;43,8964
0,3368;-0,1067;1,5496;1,5893;43,9560
0,0793;-0,0276;1,3831;1,3857;44,0154
0,2533;-0,0098;0,3558;0,4369;44,0759
-0,0242;-0,0190;1,0114;1,0119;44,1446
0,0195;-0,0207;1,0158;1,0162;44,1957
0,0081;-0,0251;0,9931;0,9935;44,2566
0,0085;-0,0300;1,0004;1,0009;44,3152
0,1584;-0,0037;0,6287;0,6484;44,3843
-0,0295;-0,0205;0,2719;0,2743;44,4358
-0,0242;-0,0437;1,3214;1,3223;44,4978
0,6282;0,0166;2,0057;2,1019;44,5555
-0,1577;0,0464;0,9177;0,9323;44,6157
0,0669;0,0500;0,6412;0,6466;44,6788
-0,0647;0,0203;1,0077;1,0100;44,7366
0,0605;0,0041;1,0029;1,0047;44,7957
-0,0852;-0,0491;1,0146;1,0193;44,8555
0,0583;-0,0303;0,9665;0,9687;44,9154
0,0976;-0,0578;0,6131;0,6235;44,9789
0,1757;-0,0971;0,3649;0,4165;45,0354
0,1789;-0,0852;1,8022;1,8130;45,0960
0,5555;-0,2160;1,8434;1,9374;45,1546
0,0576;0,0286;1,6909;1,6921;45,2153
0,0537;0,0076;0,4774;0,4805;45,2798
-0,0024;0,0103;1,0065;1,0066;45,3358
0,0605;0,0081;1,0302;1,0320;45,3957
0,0188;-0,0010;0,9907;0,9908;45,4556
0,0207;-0,0024;0,9733;0,9736;45,5185
0,1030;-0,0081;0,9458;0,9514;45,5766
0,0207;0,0215;0,2150;0,2171;45,6356
-0,1035;-0,0386;1,3348;1,3394;45,6958
0,4239;-0,0464;1,4495;1,5109;45,7550
-0,0837;0,0437;1,0351;1,0394;45,8157
0,1913;0,0400;0,4523;0,4927;45,8776
-0,0452;0,0088;1,0036;1,0046;45,9360
0,0007;0,0081;1,0351;1,0351;45,9967
0,0166;0,0085;0,9907;0,9908;46,0558
0,0185;-0,0051;0,9682;0,9684;46,1151
0,0410;-0,0020;0,9460;0,9469;46,1745
0,1045;0,0644;0,2438;0,2730;46,2360
0,3566;-0,1560;2,6701;2,6983;46,2940
0,3366;-0,0759;1,3170;1,3614;46,3549
-0,1059;0,0735;1,2220;1,2288;46,4188
-0,2726;-0,0039;-0,2165;0,3481;46,4789
0,0059;0,0203;0,8435;0,8438;46,5348
0,0151;-0,0239;1,1232;1,1235;46,5945
0,0566;-0,0071;1,0080;1,0096;46,6577
0,0488;-0,0107;0,9750;0,9763;46,7142
0,1308;-0,0100;0,5692;0,5841;46,7762
-0,0561;0,0007;0,5819;0,5846;46,8357
0,2197;-0,1091;2,0907;2,1050;46,8946
0,2633;-0,0659;1,4563;1,4814;46,9577
0,0110;-0,0369;0,9196;0,9204;47,0176
-0,1030;-0,0798;-0,0847;0,1554;47,0744
-0,0254;0,0085;0,9216;0,9220;47,1342
0,0005;-0,0056;1,0202;1,0202;47,1958
0,0027;-0,0098;1,0097;1,0097;47,2549
0,0127;-0,0164;0,9916;0,9919;47,3145
0,0815;-0,0154;0,9406;0,9443;47,3739
-0,0154;-0,1032;0,5760;0,5854;47,4355
0,2333;-0,0427;1,9384;1,9528;47,4944
0,2367;-0,1242;1,1583;1,1888;47,5541
0,1010;-0,0610;1,1334;1,1396;47,6141
0,5404;-0,0596;1,6355;1,7235;47,6761
0,1223;0,0320;0,7202;0,7312;47,7345
0,0000;-0,0430;0,9648;0,9657;47,7942
0,0613;-0,0510;1,0048;1,0080;47,8539
0,1106;-0,0417;1,0019;1,0088;47,9143
0,1198;-0,0476;0,9902;0,9985;47,9796
0,1533;-0,0293;0,4823;0,5069;48,0343
0,0508;-0,0212;0,1782;0,1865;48,0943
0,2021;-0,0483;1,7038;1,7164;48,1600
0,1489;-0,0161;1,2928;1,3015;48,2144
-0,0332;0,0110;0,8742;0,8749;48,2765
0,1037;0,0122;0,9026;0,9086;48,3348
0,0713;0,0085;0,7290;0,7325;48,3960
0,0478;-0,0349;1,0165;1,0183;48,4541
0,0671;-0,0500;0,9907;0,9942;48,5160
0,1091;-0,0432;0,9687;0,9758;48,5741
-0,0149;-0,0444;0,2716;0,2757;48,6348
0,3712;0,0639;2,1890;2,2212;48,6960
0,3036;-0,0473;1,2254;1,2634;48,7544
0,1130;-0,0129;1,2008;1,2062;48,8145
0,2094;0,0347;1,5056;1,5205;48,8811
0,2226;0,0481;0,5696;0,6135;48,9382
0,0393;0,0085;0,9911;0,9920;48,9944
0,0591;0,0041;1,0502;1,0519;49,0571
0,0700;0,0085;0,9763;0,9788;49,1141
0,0596;-0,0005;0,9946;0,9963;49,1738
0,0698;-0,0185;0,3917;0,3983;49,2342
0,0486;-0,0327;1,1866;1,1881;49,2938
0,2336;-0,0549;1,2738;1,2962;49,3536
0,5577;-0,1369;1,5830;1,6839;49,4146
0,1401;-0,0264;1,6872;1,6932;49,4775
0,2201;-0,0949;0,4359;0,4975;49,5339
0,0508;0,0088;0,9887;0,9900;49,5939
0,0605;-0,0078;1,0029;1,0047;49,6577
0,0610;-0,0181;0,9980;1,0000;49,7172
0,0586;-0,0227;0,9516;0,9537;49,7738
0,1748;-0,0100;0,7166;0,7376;49,8377
-0,1577;0,1257;0,4825;0,5230;49,8944
-0,2172;-0,0984;1,2008;1,2242;49,9665
0,5040;-0,1274;1,0475;1,1694;50,0225
0,0722;-0,1023;1,2772;1,2833;50,0743
0,1926;-0,1516;0,9340;0,9656;50,1392
0,0864;-0,1233;0,4195;0,4457;50,1991
0,0481;-0,0183;0,9665;0,9679;50,2543
0,0744;-0,0185;1,0483;1,0511;50,3166
0,0910;-0,0129;0,9638;0,9682;50,3754
0,1113;-0,0200;0,9741;0,9806;50,4339
0,2153;-0,1191;0,1298;0,2782;50,4935
0,4325;-0,0073;0,7439;0,8605;50,5568
0,3234;-0,0703;1,2325;1,2762;50,6146
0,2304;0,0022;1,3594;1,3788;50,6738
0,1118;-0,0220;1,0834;1,0894;50,7336
0,0752;-0,0115;0,6580;0,6624;50,7936
0,0652;-0,0117;1,0168;1,0189;50,8541
0,0949;-0,0256;1,0075;1,0123;50,9188
0,1081;-0,0220;0,9875;0,9936;50,9787
0,1440;-0,0251;0,9235;0,9350;51,0345
0,0837;-0,0059;0,9065;0,9103;51,0940
0,5506;-0,1496;2,0204;2,0994;51,1649
0,3536;-0,0757;1,2167;1,2693;51,2189
0,8718;-0,0949;1,8402;2,0385;51,2735
-0,2841;-0,0678;0,0586;0,2979;51,3358
0,1047;-0,0124;0,7224;0,7301;51,3941
0,0637;-0,0322;1,0600;1,0624;51,4533
0,1037;-0,0188;0,9990;1,0045;51,5136
0,0930;-0,0239;0,9748;0,9795;51,5765
0,2409;0,0029;0,3876;0,4563;51,6338
-0,2148;0,0017;0,7078;0,7397;51,6995
0,0847;-0,0886;1,4768;1,4819;51,7534
0,7154;-0,1093;1,6882;1,8368;51,8156
0,0205;-0,0505;1,4544;1,4554;51,8740
0,2899;-0,0281;0,4466;0,5332;51,9333
0,0137;-0,0054;0,9152;0,9154;51,9950
0,0393;-0,0205;1,0177;1,0187;52,0532
0,1106;-0,0063;0,9604;0,9668;52,1137
0,1516;-0,0293;0,8249;0,8393;52,1801
0,1660;0,0054;0,5367;0,5618;52,2329
0,1179;-0,1257;1,7817;1,7900;52,2939
0,8689;-0,2211;1,9152;2,1146;52,3537
0,0525;0,0100;1,5396;1,5405;52,4123
0,1337;0,0283;0,5016;0,5199;52,4741
0,0095;0,0225;1,1112;1,1115;52,5347
0,1030;-0,0098;1,0080;1,0133;52,5924
0,0605;0,0059;0,9687;0,9706;52,6535
0,1730;0,0002;0,8176;0,8357;52,7137
-0,4454;0,0134;0,6192;0,7629;52,7738
-0,0478;-0,0366;1,4224;1,4237;52,8374
0,4518;-0,0786;1,1617;1,2490;52,8956
0,1892;0,0415;1,1124;1,1292;52,9537
-0,7485;-0,0364;-0,3698;0,8357;53,0127
0,0342;-0,0022;0,7100;0,7108;53,0735
0,0051;-0,0068;1,0258;1,0258;53,1329
0,0256;0,0029;0,9633;0,9637;53,1942
0,0461;0,0059;0,9787;0,9798;53,2544
0,1342;-0,0095;0,9653;0,9746;53,3136
0,1010;-0,0825;-0,0954;0,1616;53,3754
0,6194;-0,1416;3,7205;3,7744;53,4331
0,6250;-0,1311;1,3082;1,4558;53,4936
-0,0666;0,0139;1,1803;1,1823;53,5542
0,1560;0,0181;0,5250;0,5480;53,6138
0,0625;0,0247;0,9946;0,9968;53,6747
0,0542;-0,0120;0,9980;0,9995;53,7341
0,0735;-0,0049;0,9907;0,9934;53,7942
0,1037;-0,0081;0,9255;0,9313;53,8541
0,2655;0,0434;0,4117;0,4919;53,9149
0,1652;-0,0268;0,8698;0,8858;53,9772
0,0090;-0,1235;1,4192;1,4246;54,0338
0,3222;-0,0766;1,2203;1,2645;54,0943
0,4076;0,0654;0,7925;0,8935;54,1591
-0,0708;-0,0815;0,7888;0,7962;54,2140
0,0149;0,0085;1,0578;1,0579;54,2738
0,0517;-0,0078;0,9814;0,9828;54,3343
0,1128;0,0093;0,9938;1,0003;54,3946
0,1330;-0,0037;0,9382;0,9476;54,4535
0,1943;-0,0112;0,6846;0,7117;54,5141
0,3944;0,0305;1,5259;1,5763;54,5735
0,4339;-0,0083;1,6528;1,7088;54,6342
0,1240;-0,0644;1,6133;1,6193;54,6940
0,2426;-0,0718;0,9868;1,0187;54,7540
-0,0273;0,0159;0,8813;0,8819;54,8135
0,0129;-0,0085;1,0595;1,0596;54,8739
0,0913;-0,0002;1,0173;1,0213;54,9389
0,0691;-0,0105;0,9821;0,9846;54,9975
0,1015;-0,0129;0,9292;0,9348;55,0536
-0,1042;0,0090;0,9548;0,9605;55,1166
-0,0708;0,0615;1,6118;1,6145;55,1742
0,5235;-0,0661;1,8224;1,8973;55,2338
0,5194;-0,1003;1,9418;2,0125;55,2940
0,0361;0,0369;1,1412;1,1424;55,3555
0,0508;0,0095;0,7359;0,7377;55,4135
0,0027;-0,0044;1,0558;1,0558;55,4736
0,0520;-0,0156;0,9880;0,9895;55,5374
0,0539;-0,0110;0,9811;0,9827;55,5937
0,1035;-0,0103;0,9516;0,9573;55,6539
-0,6690;0,0020;1,6721;1,8009;55,7142
0,2543;-0,0454;1,5693;1,5905;55,7776
0,5016;-0,1040;1,1996;1,3044;55,8335
0,1633;0,0066;1,2530;1,2636;55,8941
-1,3197;0,0549;-2,1951;2,5618;55,9536
-0,0083;-0,0071;0,8738;0,8738;56,0155
0,0007;-0,0195;1,0426;1,0428;56,0734
0,0639;-0,0044;0,9980;1,0000;56,1352
0,0337;-0,0176;0,9589;0,9597;56,1935
0,1601;0,0293;0,6519;0,6719;56,2532
0,1362;-0,0198;0,2992;0,3294;56,3140
-0,0059;-0,0918;1,7741;1,7765;56,3734
0,3073;-0,0271;1,0490;1,0934;56,4336
-0,3183;0,0813;0,8767;0,9362;56,4939
0,3934;-0,0259;0,1594;0,4253;56,5532
0,0391;-0,0010;0,8406;0,8415;56,6132
0,0139;-0,0215;1,0541;1,0544;56,6739
0,0793;0,0027;0,9643;0,9676;56,7337
0,0727;-0,0107;0,9584;0,9613;56,7936
0,1852;-0,0862;0,4859;0,5271;56,8550
-0,0644;-0,0300;0,6197;0,6237;56,9138
0,0254;-0,0884;1,4336;1,4366;56,9735
0,4444;-0,0359;1,1537;1,2369;57,0330
0,3939;-0,0041;1,4532;1,5056;57,0935
0,1303;-0,0686;1,0095;1,0201;57,1642
0,0366;-0,0159;0,8198;0,8208;57,2157
0,0388;-0,0159;1,0209;1,0218;57,2731
0,0791;-0,0254;0,9907;0,9941;57,3351
0,0945;-0,0205;0,9828;0,9876;57,3932
0,1362;-0,0281;0,9204;0,9308;57,4540
0,0251;-0,0637;0,8820;0,8847;57,5278
0,4627;-0,0964;1,9022;1,9601;57,5721
0,4854;-0,1074;1,0937;1,2014;57,6337
0,2492;-0,0647;1,4576;1,4801;57,6987
-0,3556;-0,1164;0,5767;0,6875;57,7540
0,0610;0,0098;0,5423;0,5458;57,8130
-0,0012;-0,0022;1,0131;1,0131;57,8729
0,0320;-0,0149;0,9914;0,9920;57,9380
0,0574;0,0002;0,9792;0,9809;57,9930
-0,0359;-0,0151;1,2306;1,2312;58,0531
-0,3214;-0,0005;0,8884;0,9448;58,1125
0,3297;-0,0791;1,6840;1,7178;58,1797
0,5033;-0,1716;1,2118;1,3233;58,2340
-0,4444;0,0305;0,8110;0,9253;58,2948
-0,8193;0,0661;-0,8337;1,1708;58,3539
0,0190;0,0124;0,8999;0,9002;58,4130
-0,0039;-0,0142;1,0495;1,0496;58,4738
0,0647;0,0039;0,9794;0,9816;58,5337
0,0749;-0,0078;0,9680;0,9709;58,5937
0,2560;0,0085;0,6416;0,6909;58,6539
0,0259;-0,0486;0,3942;0,3980;58,7162
0,3756;-0,1540;2,0375;2,0775;58,7735
0,4078;-0,0830;1,1686;1,2405;58,8334
0,1621;-0,0332;1,5051;1,5142;58,8939
-1,3475;0,0310;-1,3943;1,9393;58,9550
-0,0151;0,0120;0,9872;0,9874;59,0138
-0,0405;0,0244;1,0014;1,0025;59,0738
0,0947;0,0010;0,9916;0,9961;59,1390
0,0998;-0,0012;0,9321;0,9374;59,1979
0,2799;-0,0032;0,6126;0,6735;59,2545
0,1640;-0,0166;0,9726;0,9865;59,3191
0,3966;-0,0715;1,3499;1,4088;59,3744
0,4071;-0,0471;1,2357;1,3019;59,4340
-0,5040;0,1755;1,1300;1,2497;59,4971
-0,1440;0,1706;0,8515;0,8803;59,5537
0,0325;0,0444;1,0009;1,0024;59,6135
0,0000;-0,0022;1,0978;1,0978;59,6735
0,1106;0,0081;0,9091;0,9159;59,7335
0,0869;0,0085;0,9572;0,9612;59,8026
0,1369;-0,0041;0,9904;0,9998;59,8552
0,0442;0,0176;0,8093;0,8107;59,9163
0,3305;-0,1765;1,9354;1,9714;59,9745
0,4720;-0,0527;1,1925;1,2836;60,0391
-0,2436;-0,1164;1,0732;1,1066;60,0946
0,6434;0,0193;0,0164;0,6439;60,1576
0,0032;0,0085;1,0231;1,0232;60,2138
-0,0034;-0,0068;1,0234;1,0234;60,2735
0,0500;0,0015;0,9907;0,9919;60,3375
0,0683;0,0005;0,9658;0,9682;60,3967
0,0625;0,0337;0,4510;0,4566;60,4540
-0,2543;0,1379;2,0741;2,0941;60,5145
0,2077;-0,0730;1,5252;1,5410;60,5760
0,4964;0,0444;1,4837;1,5651;60,6340
-0,1835;-0,0078;1,1034;1,1186;60,6968
0,7898;0,1281;0,0159;0,8003;60,7556
-0,0124;0,0012;0,9262;0,9263;60,8153
0,0835;-0,0207;1,0307;1,0343;60,8747
0,0893;-0,0127;0,9875;0,9916;60,9343
0,1257;-0,0144;0,8908;0,8998;60,9997
0,1359;-0,0464;0,3065;0,3385;61,0559
-0,1137;0,0122;1,4737;1,4781;61,1138
0,3483;-0,0398;1,5801;1,6185;61,1739
0,4264;-0,0412;1,5247;1,5837;61,2357
0,1064;-0,0100;0,8008;0,8079;61,2950
0,0954;0,0417;0,7166;0,7241;61,3544
0,0896;0,0295;0,9882;0,9927;61,4139
0,1389;0,0420;1,0773;1,0870;61,4784
0,1728;0,0100;0,9721;0,9874;61,5345
0,1672;-0,0564;0,6753;0,6980;61,5937
0,1298;0,1396;0,6953;0,7210;61,6538
0,1974;-0,2302;2,0040;2,0268;61,7136
0,6546;-0,2350;1,1378;1,3336;61,7744
0,3820;-0,1545;1,3333;1,3955;61,8402
0,1801;-0,0203;1,2506;1,2637;61,8944
0,3353;-0,0122;1,4126;1,4520;61,9541
0,0945;0,0300;0,8035;0,8096;62,0152
0,0671;0,0132;0,9841;0,9864;62,0743
0,1215;0,0159;0,9936;1,0011;62,1344
0,1316;0,0154;0,9804;0,9893;62,1951
0,1726;0,0095;0,9670;0,9823;62,2537
-0,0378;-0,0378;0,0847;0,1002;62,3138
0,1423;-0,0581;1,3765;1,3851;62,3733
0,4784;-0,0954;1,1422;1,2420;62,4355
0,3756;-0,0720;1,0988;1,1634;62,4938
0,1023;-0,0969;1,2316;1,2396;62,5539
0,0351;0,0320;1,0036;1,0047;62,6173
0,1240;0,0051;0,7664;0,7763;62,6742
0,0827;-0,0288;1,0024;1,0062;62,7340
0,2121;-0,0122;1,0063;1,0285;62,7936
0,2619;0,0198;0,7066;0,7538;62,8533
0,0442;-0,0391;-0,1203;0,1340;62,9152
0,4037;0,0173;0,8911;0,9784;62,9739
0,3361;-0,0317;1,1974;1,2441;63,0376
0,3317;-0,0229;0,8913;0,9513;63,0947
0,0415;-0,1394;1,0241;1,0344;63,1538
0,2148;-0,0268;0,8847;0,9108;63,2135
0,3905;-0,0664;0,8772;0,9625;63,2756
0,3495;-0,0730;0,9887;1,0512;63,3332
0,2878;-0,0757;1,0815;1,1216;63,3959
0,3676;-0,0837;1,1659;1,2253;63,4540
0,2970;-0,0715;1,1439;1,1840;63,5136
0,3300;-0,0493;0,4825;0,5866;63,5804
0,1606;-0,0251;0,7839;0,8006;63,6332
0,4283;-0,0979;1,7873;1,8405;63,6966
0,3256;-0,0627;1,0116;1,0646;63,7552
-0,1069;-0,1672;0,3666;0,4168;63,8143
-3,2968;0,0334;5,8048;6,6758;63,8739
0,4122;-0,3966;3,2424;3,2925;63,9336
0,3632;-0,0903;1,0949;1,1571;63,9934
0,0000;-0,0422;1,0895;1,0903;64,0570
-0,1748;-0,1525;0,5806;0,6252;64,1135
0,0652;-0,0073;0,7112;0,7142;64,1758
-0,0054;-0,0181;1,0165;1,0167;64,2338
0,0854;-0,0190;0,9785;0,9824;64,2951
0,1521;-0,0112;0,9216;0,9341;64,3548
-0,0381;-0,0740;0,8640;0,8680;64,4139
0,7825;-0,1933;3,0064;3,1126;64,4733
0,3634;-0,1008;1,0251;1,0922;64,5347
-0,1499;-0,0041;1,1703;1,1799;64,5939
-0,1672;-0,0420;0,5838;0,6087;64,6536
0,0727;0,0415;0,8611;0,8651;64,7137
0,0337;-0,0022;1,0370;1,0376;64,7777
0,1089;-0,0010;1,0016;1,0075;64,8340
0,1184;-0,0046;0,9802;0,9873;64,8947
0,0427;-0,0644;-0,0652;0,1011;64,9530
0,4374;-0,0225;1,9452;1,9939;65,0135
0,4620;-0,0466;1,0768;1,1727;65,0734
0,1357;-0,0188;1,4466;1,4530;65,1337
0,0835;0,0576;1,1952;1,1995;65,1944
0,0530;0,0110;0,7407;0,7427;65,2533
0,0452;0,0056;1,0014;1,0024;65,3150
0,0854;-0,0015;1,0090;1,0126;65,3725
0,1279;0,0056;0,9831;0,9914;65,4337
0,2663;-0,0805;0,3053;0,4131;65,4948
0,5340;0,0220;0,7468;0,9184;65,5541
0,4483;-0,0632;1,3065;1,3827;65,6137
0,6331;-0,0239;1,4761;1,6063;65,6735
-0,1262;-0,0866;0,8266;0,8407;65,7353
-0,1852;-0,0261;0,4117;0,4522;65,7931
0,0798;0,0015;0,8706;0,8742;65,8545
0,0749;-0,0305;1,0644;1,0674;65,9133
0,1081;-0,0207;0,9814;0,9875;65,9734
0,1176;-0,0239;0,9272;0,9349;66,0330
-0,3546;-0,0120;1,2682;1,3169;66,0923
0,3959;-0,0659;1,3236;1,3831;66,1535
0,2619;-0,0610;1,3482;1,3748;66,2210
0,4501;-0,0537;1,3572;1,4309;66,2730
0,0669;-0,0793;1,2030;1,2075;66,3325
0,2282;-0,0918;1,1476;1,1737;66,3924
0,0615;-0,0354;0,9289;0,9316;66,4543
0,0449;-0,0491;1,0073;1,0094;66,5144
0,0913;-0,0408;0,9841;0,9891;66,5720
0,0925;-0,0473;0,9284;0,9342;66,6332
-0,0644;0,0639;0,0391;0,0988;66,6974
0,4535;-0,0349;1,6081;1,6712;66,7533
0,4220;-0,0691;1,1693;1,2450;66,8132
0,1328;0,0005;1,1871;1,1945;66,8734
-0,1809;-0,0644;0,9770;0,9957;66,9331
-0,3026;0,0781;0,0041;0,3126;66,9975
-0,0044;-0,0271;0,9087;0,9091;67,0524
0,0207;-0,0351;1,0248;1,0256;67,1129
0,0486;-0,0290;0,9963;0,9979;67,1773
0,0430;-0,0344;0,9582;0,9598;67,2331
-0,0410;0,0061;0,2404;0,2440;67,2935
0,1184;0,0532;0,7651;0,7761;67,3549
0,5189;-0,0844;1,2657;1,3706;67,4128
0,0959;-0,0120;1,1849;1,1889;67,4762
0,0212;-0,1179;1,9037;1,9075;67,5331
0,2184;-0,0044;1,4270;1,4437;67,5933
0,1369;0,0159;0,7188;0,7319;67,6590
-0,0085;-0,0305;1,0151;1,0156;67,7139
0,0708;-0,0283;0,9767;0,9797;67,7758
0,1330;-0,0288;0,9304;0,9403;67,8340
-0,0940;-0,0112;0,3883;0,3997;67,8944
0,2624;-0,1140;1,7136;1,7373;67,9536
0,3607;-0,0893;1,1676;1,2253;68,0136
-0,3698;0,1713;1,0644;1,1397;68,0764
-0,2116;-0,0844;0,6243;0,6646;68,1356
0,1215;0,0339;0,6392;0,6515;68,1968
0,0156;-0,0076;0,9902;0,9903;68,2544
0,0310;-0,0369;1,0412;1,0423;68,3146
0,0481;-0,0310;0,9760;0,9777;68,3745
0,1201;-0,0412;0,9199;0,9286;68,4344
-0,0452;-0,0115;0,8210;0,8224;68,4941
0,2136;-0,1172;2,0201;2,0348;68,5555
0,3856;0,0122;1,3311;1,3859;68,6144
0,0696;-0,1418;1,4495;1,4581;68,6741
0,0498;0,0403;0,5513;0,5550;68,7391
0,1391;-0,0649;0,5994;0,6188;68,7944
0,0129;-0,0515;1,0055;1,0069;68,8548
0,0608;-0,0454;0,9904;0,9933;68,9141
0,0879;-0,0410;0,9787;0,9835;68,9756
0,1938;-0,0905;0,2504;0,3293;69,0360
0,1811;0,0876;0,4364;0,4805;69,0950
0,3505;-0,0735;1,9020;1,9354;69,1576
0,4747;0,0000;1,3829;1,4621;69,2141
0,0920;-0,0398;0,8755;0,8812;69,2744
0,3810;-0,0142;1,0815;1,1467;69,3375
0,0486;-0,0564;0,9040;0,9071;69,3944
0,0635;-0,0500;1,0209;1,0241;69,4540
0,0713;-0,0510;0,9907;0,9945;69,5153
0,0830;-0,0478;0,9724;0,9771;69,5741
0,1235;-0,0893;0,8635;0,8768;69,6360
0,1294;0,0085;0,4857;0,5027;69,6954
0,0547;-0,0681;1,5625;1,5649;69,7546
0,3685;-0,0371;1,1132;1,1732;69,8135
-0,8781;0,0205;0,1201;0,8866;69,8743
0,1469;-0,0691;1,0915;1,1035;69,9369
0,0615;0,0088;0,8457;0,8480;69,9941
0,0552;-0,0044;1,0365;1,0380;70,0536
0,0737;-0,0120;0,9911;0,9940;70,1141
0,1154;-0,0078;0,9599;0,9669;70,1741
0,1340;-0,0766;0,1367;0,2062;70,2338
0,4876;0,0410;0,9199;1,0419;70,2938
0,4405;-0,0725;1,9259;1,9770;70,3539
0,5113;-0,0857;1,5191;1,6051;70,4191
-0,0432;-0,0710;1,0280;1,0314;70,4742
-0,0159;-0,0056;0,1782;0,1790;70,5362
0,0603;0,0085;0,9150;0,9170;70,5939
0,0613;-0,0264;1,0465;1,0487;70,6568
0,1193;-0,0129;0,9865;0,9938;70,7145
0,1491;-0,0259;0,9528;0,9648;70,7741
-0,2782;0,0234;0,6038;0,6652;70,8338
0,4930;-0,0603;1,7565;1,8254;70,8936
0,2438;-0,0769;1,2862;1,3114;70,9552
0,1613;0,0290;1,1537;1,1653;71,0143
-0,0185;-0,0525;0,5523;0,5551;71,0734
0,1411;0,0520;0,6521;0,6692;71,1348
0,0527;0,0271;0,9516;0,9535;71,1979
0,0971;-0,0005;1,0441;1,0486;71,2557
0,1010;-0,0171;0,9904;0,9957;71,3137
0,1860;-0,0661;0,4388;0,4812;71,3741
-0,1086;0,0378;0,0566;0,1282;71,4339
-0,0764;-0,0081;1,2738;1,2761;71,4935
0,2702;-0,0769;1,0678;1,1041;71,5536
-0,0161;-0,1276;0,5919;0,6057;71,6168
-0,1413;-0,1069;1,0846;1,0990;71,6733
0,1538;-0,0542;0,5611;0,5843;71,7341
0,0376;-0,0168;0,9855;0,9864;71,7935
0,0947;-0,0146;1,0612;1,0655;71,8541
0,1357;-0,0168;0,9599;0,9696;71,9144
0,1728;0,0225;0,5069;0,5360;71,9730
0,5604;-0,0408;2,5419;2,6033;72,0336
0,3663;-0,0669;1,1364;1,1958;72,0952
0,2990;-0,0107;1,3177;1,3512;72,1566
-0,0556;0,0171;0,6392;0,6419;72,2172
0,2099;0,0412;1,1366;1,1566;72,2738
0,0632;0,0332;0,8938;0,8966;72,3340
0,0347;-0,0159;1,0705;1,0711;72,3946
0,0683;-0,0527;0,9763;0,9801;72,4531
0,1057;-0,0344;0,9335;0,9401;72,5136
0,1386;-0,0039;0,5323;0,5501;72,5749
0,3483;-0,0849;0,5401;0,6483;72,6511
0,4649;-0,0808;1,3348;1,4158;72,7073
-1,1022;0,0688;0,3536;1,1596;72,7535
0,0871;-0,0852;0,9648;0,9725;72,8157
0,1145;0,0290;0,7525;0,7617;72,8736
0,0698;0,0185;0,9924;0,9950;72,9334
0,0400;-0,0117;1,0273;1,0281;72,9932
0,0678;-0,0139;0,9843;0,9867;73,0574
0,1030;-0,0134;0,9228;0,9286;73,1132
0,1455;-0,0142;0,4056;0,4312;73,1738
0,0427;-0,0984;1,8781;1,8811;73,2335
0,3056;-0,0437;1,0795;1,1228;73,2944
0,0090;0,0032;0,8306;0,8306;73,3542
0,1213;-0,0910;1,0143;1,0256;73,4136
0,0561;-0,0505;0,8962;0,8994;73,4732
0,0605;-0,0522;1,0217;1,0248;73,5355
0,0588;-0,0469;0,9938;0,9967;73,5931
0,0603;-0,0473;0,9792;0,9822;73,6531
0,1108;-0,0493;0,9416;0,9494;73,7132
0,0715;-0,0776;0,7117;0,7195;73,7738
0,1904;0,0359;1,4956;1,5081;73,8339
0,2965;-0,0410;1,2084;1,2449;73,8928
0,1906;-0,0532;1,5520;1,5646;73,9525
0,1974;0,0032;1,5508;1,5633;74,0153
0,0813;-0,0061;0,8022;0,8064;74,0733
0,0359;-0,0364;1,0202;1,0215;74,1363
0,0979;-0,0327;1,0297;1,0349;74,1977
0,0791;-0,0381;0,9753;0,9792;74,2532
0,1550;-0,0708;0,9292;0,9446;74,3137
0,1694;0,0674;0,5494;0,5788;74,3724
0,0552;-0,0325;1,2423;1,2439;74,4337
0,3197;-0,0578;1,1937;1,2371;74,4944
-0,0088;-0,0525;1,0651;1,0664;74,5533
0,1381;-0,0288;0,7539;0,7670;74,6130
0,1928;-0,0278;0,6568;0,6851;74,6734
0,0322;-0,0473;0,9770;0,9787;74,7328
0,0530;-0,0483;1,0041;1,0066;74,7926
0,1247;-0,0403;0,9789;0,9877;74,8526
0,1791;-0,0486;0,9299;0,9482;74,9130
0,1350;-0,0054;0,3568;0,3815;74,9783
0,2702;-0,0918;1,6765;1,7006;75,0330
0,3449;-0,0425;1,1386;1,1904;75,0929
-0,0847;-0,0081;0,4471;0,4551;75,1528
0,0193;-0,1018;0,9296;0,9354;75,2205
0,1023;-0,0295;0,9087;0,9149;75,2730
0,0564;-0,0696;0,9894;0,9935;75,3353
0,0957;-0,0615;1,0104;1,0168;75,3970
0,1076;-0,0617;0,9755;0,9834;75,4525
0,1369;-0,0637;0,9514;0,9633;75,5131
0,0803;-0,0676;0,5387;0,5488;75,5742
0,3927;-0,0942;1,4239;1,4800;75,6333
0,3356;-0,0761;1,3402;1,3836;75,6942
0,0905;-0,0935;1,3712;1,3773;75,7526
0,1206;-0,1423;1,0173;1,0342;75,8150
0,0949;-0,0447;0,7586;0,7658;75,8744
0,0232;-0,0554;0,9846;0,9864;75,9332
0,0715;-0,0559;1,0173;1,0213;75,9931
0,0749;-0,0610;0,9738;0,9786;76,0520
0,1352;-0,0588;0,8803;0,8926;76,1128
0,1313;-0,0547;0,4603;0,4818;76,1725
0,2602;-0,1977;1,4947;1,5300;76,2333
0,3390;-0,0473;1,1901;1,2383;76,2924
0,1101;-0,0586;1,2530;1,2592;76,3518
0,1657;-0,0993;1,1010;1,1178;76,4126
-0,1201;-0,0090;0,5338;0,5472;76,4742
0,0622;-0,0657;0,9270;0,9314;76,5320
0,0473;-0,0566;0,9841;0,9868;76,5929
0,0630;-0,0491;0,9697;0,9729;76,6557
0,1106;-0,0442;0,9604;0,9677;76,7120
0,1718;0,0105;0,3561;0,3955;76,7721
0,3639;-0,1169;1,9164;1,9541;76,8329
0,2943;-0,0654;1,2164;1,2532;76,8931
0,1040;-0,0571;1,1881;1,1940;76,9529
0,1538;-0,1240;1,2489;1,2644;77,0128
0,0210;0,0137;0,5731;0,5736;77,0744
0,0356;-0,0471;0,9367;0,9386;77,1323
0,0581;-0,0395;1,0031;1,0056;77,1939
0,0862;-0,0383;0,9553;0,9599;77,2525
0,1201;-0,0388;0,9667;0,9749;77,3125
-0,0930;0,0168;1,0280;1,0323;77,3735
0,3666;-0,1623;2,2459;2,2814;77,4332
0,3214;-0,0437;1,2787;1,3192;77,4919
0,1223;0,0586;1,2647;1,2720;77,5531
0,1028;0,0347;0,4908;0,5027;77,6120
0,0007;0,0164;0,8664;0,8666;77,6729
0,0032;-0,0278;1,0619;1,0623;77,7330
0,0371;-0,0383;1,0295;1,0308;77,7939
0,0320;-0,0369;0,9780;0,9792;77,8520
0,0652;-0,0405;0,9692;0,9722;77,9124
0,0559;-0,0325;0,5030;0,5072;77,9724
0,2404;-0,1340;0,1386;0,3082;78,0366
0,1755;-0,1481;1,3653;1,3845;78,0924
0,5162;-0,1560;1,4995;1,5935;78,1529
-0,0103;0,0376;1,0004;1,0012;78,2195
0,0542;-0,0581;0,5081;0,5143;78,2723
0,0012;-0,0425;0,9553;0,9562;78,3332
0,0422;-0,0439;1,0097;1,0115;78,3917
0,0478;-0,0527;0,9911;0,9937;78,4520
0,0693;-0,0473;0,9689;0,9726;78,5135
0,1377;-0,0290;0,3646;0,3908;78,5719
-0,2121;0,0205;1,6799;1,6934;78,6320
0,1904;-0,1289;1,5200;1,5373;78,6941
0,4347;-0,1169;1,7761;1,8322;78,7557
-0,0247;-0,0134;0,3707;0,3718;78,8143
0,0422;0,0115;0,7937;0,7949;78,8721
0,0476;-0,0264;0,9907;0,9922;78,9323
0,1057;-0,0486;1,0929;1,0991;78,9961
0,0969;-0,0422;0,9816;0,9873;79,0523
0,0654;-0,0510;0,8940;0,8978;79,1117
0,1813;-0,0200;0,6895;0,7132;79,1731
-0,0207;0,0510;1,1024;1,1038;79,2317
0,4466;-0,1926;1,5332;1,6085;79,2934
0,3976;-0,1420;1,0963;1,1748;79,3524
0,0510;-0,0308;0,9106;0,9126;79,4117
0,1274;-0,1220;1,0453;1,0601;79,4747
0,0456;-0,0893;0,9314;0,9367;79,5321
0,1069;-0,0405;0,8286;0,8364;79,5924
0,0632;-0,0508;0,9960;0,9993;79,6516
0,0918;-0,0459;0,9721;0,9775;79,7174
0,1213;-0,1494;0,3295;0,3816;79,7730
-0,0190;-0,0022;0,7734;0,7737;79,8319
0,2934;-0,0896;1,2967;1,3325;79,8915
0,2909;-0,0583;1,3770;1,4086;79,9565
0,0259;-0,0129;0,9819;0,9823;80,0113
0,0251;-0,0051;0,3654;0,3663;80,0715
0,0029;-0,0034;0,9475;0,9475;80,1363
0,0078;-0,0161;0,9907;0,9908;80,1957
0,0095;-0,0337;1,0131;1,0137;80,2542
0,0171;-0,0361;0,9816;0,9824;80,3142
0,0893;-0,0349;0,9401;0,9450;80,3720
0,0020;-0,0549;0,8906;0,8923;80,4326
0,5084;-0,0569;2,0965;2,1580;80,4913
0,4152;-0,0810;1,1940;1,2667;80,5519
0,1125;-0,0122;1,1649;1,1704;80,6120
0,4056;-0,0437;1,8122;1,8575;80,6734
0,0842;-0,0478;0,7698;0,7758;80,7322
0,0498;-0,0469;0,9992;1,0015;80,7914
0,0510;-0,0527;0,9907;0,9934;80,8518
0,0571;-0,0537;0,9907;0,9938;80,9158
0,0276;0,0430;0,6797;0,6816;80,9720
0,1425;-0,0710;0,7039;0,7217;81,0318
0,0593;-0,0666;1,4178;1,4206;81,0943
0,3419;-0,0905;1,1652;1,2177;81,1514
-1,0048;0,0862;0,1628;1,0216;81,2129
-0,0615;-0,1333;1,2750;1,2834;81,2715
-0,0415;-0,0783;0,7871;0,7921;81,3340
0,0657;-0,0164;0,8633;0,8659;81,3921
0,0293;-0,0229;0,9933;0,9940;81,4526
0,0903;-0,0193;0,9777;0,9821;81,5114
0,1777;-0,0976;0,7280;0,7557;81,5721
0,2082;-0,0600;0,6822;0,7157;81,6321
0,2406;-0,0515;1,7985;1,8153;81,6919
0,4178;-0,0603;1,1254;1,2020;81,7517
0,3451;-0,0681;1,3048;1,3514;81,8126
0,1423;-0,0073;1,4187;1,4259;81,8728
0,2006;-0,0400;1,3653;1,3805;81,9313
0,0559;0,0085;0,8159;0,8179;81,9916
0,0481;-0,0032;0,9811;0,9823;82,0532
0,0700;-0,0493;0,9838;0,9875;82,1149
0,1711;-0,1106;0,8352;0,8597;82,1717
0,0740;-0,0454;1,0583;1,0618;82,2309
0,0969;-0,0761;1,4641;1,4693;82,2921
0,3617;-0,0696;1,2608;1,3135;82,3512
0,2414;-0,0935;0,9804;1,0140;82,4114
0,1501;0,0168;1,2457;1,2548;82,4715
0,2206;-0,0354;0,9148;0,9417;82,5316
0,1630;0,0107;0,9858;0,9992;82,5962
0,0434;-0,0549;0,8647;0,8676;82,6517
0,0283;-0,0632;0,9907;0,9931;82,7118
0,0810;-0,0649;0,9660;0,9716;82,7714
0,1965;-0,1284;0,5296;0,5793;82,8323
-0,2050;-0,0259;0,6570;0,6888;82,8907
0,1367;-0,0520;1,0690;1,0790;82,9508
0,4669;-0,1015;1,0104;1,1177;83,0144
0,0674;-0,0022;1,3875;1,3891;83,0710
0,2673;0,0093;1,4029;1,4281;83,1317
0,2838;0,0378;0,6787;0,7367;83,1986
0,0017;-0,0061;1,0256;1,0256;83,2513
0,0303;-0,0325;1,0065;1,0075;83,3141
0,1093;-0,0266;0,9731;0,9796;83,3709
0,1079;-0,0120;0,5738;0,5840;83,4313
-0,1030;0,0471;-0,2219;0,2491;83,4915
-0,0569;-0,0715;1,3033;1,3065;83,5544
0,2860;-0,0415;1,0461;1,0853;83,6111
-0,6512;0,2087;0,6443;0,9395;83,6711
0,1806;-0,1181;1,4783;1,4940;83,7315
-0,0225;-0,0278;0,5138;0,5150;83,7913
0,0247;-0,0068;0,8606;0,8610;83,8506
0,0093;-0,0137;1,0082;1,0084;83,9111
0,0869;-0,0007;0,9933;0,9971;83,9713
0,1418;0,0085;0,7476;0,7609;84,0323
0,0415;-0,0266;0,7683;0,7699;84,0915
0,4303;-0,0395;1,8529;1,9027;84,1514
0,4542;-0,0979;1,1674;1,2564;84,2114
0,2148;-0,0366;1,2316;1,2507;84,2712
0,1172;-0,0334;1,1271;1,1337;84,3309
0,1630;0,0278;0,6155;0,6374;84,3907
0,0012;0,0129;0,9868;0,9868;84,4554
0,0251;0,0090;1,0046;1,0049;84,5108
0,0676;0,0100;0,9880;0,9903;84,5706
0,1118;0,0005;0,9255;0,9322;84,6319
0,1025;0,0212;0,7891;0,7960;84,6907
0,2890;-0,1081;2,2793;2,3001;84,7599
0,3795;-0,0766;1,1237;1,1885;84,8107
0,0810;-0,0017;1,0929;1,0959;84,8712
0,1508;-0,0727;0,7991;0,8164;84,9310
0,0554;-0,0317;0,7393;0,7420;84,9920
0,0498;-0,0229;0,8906;0,8923;85,0510
0,0120;-0,0276;0,9855;0,9860;85,1110
0,0781;-0,0227;0,9929;0,9962;85,1722
0,1218;-0,0229;0,9748;0,9826;85,2326
0,2267;-0,0949;0,1757;0,3022;85,2914
0,1816;-0,1189;2,7728;2,7813;85,3548
0,3927;-0,0957;1,1903;1,2571;85,4109
-0,2050;-0,0654;0,8242;0,8518;85,4754
0,0334;-0,0561;0,9902;0,9923;85,5314
0,1301;0,0276;0,7102;0,7226;85,5911
0,0247;0,0132;0,9892;0,9896;85,6513
0,0388;0,0085;0,9933;0,9941;85,7116
0,0596;0,0066;0,9831;0,9849;85,7780
0,1264;0,0046;0,9367;0,9452;85,8304
0,0893;0,0342;0,7256;0,7319;85,8920
0,2497;-0,1289;2,3926;2,4090;85,9511
0,4330;-0,1211;1,2921;1,3681;86,0113
-0,1564;0,1530;1,0119;1,0353;86,0716
-0,0598;0,0564;0,6470;0,6522;86,1305
0,0481;-0,0085;0,8733;0,8746;86,1906
0,0437;-0,0193;1,0063;1,0074;86,2505
0,0849;-0,0256;0,9911;0,9951;86,3108
0,1067;-0,0217;0,9846;0,9906;86,3702
0,1657;-0,0383;0,6643;0,6858;86,4306
0,1752;0,0334;0,7813;0,8014;86,4916
0,2870;-0,2450;2,0182;2,0532;86,5505
0,3307;-0,0903;1,0004;1,0575;86,6135
-0,2170;0,1045;0,6031;0,6494;86,6714
-0,0571;-0,1377;0,9082;0,9203;86,7318
0,0488;-0,0578;0,8198;0,8233;86,7941
0,0681;-0,1069;0,9907;0,9987;86,8501
0,0425;-0,0561;0,7698;0,7730;86,9114
0,0901;-0,0376;0,9885;0,9933;86,9716
0,1992;-0,0403;0,4820;0,5231;87,0316
0,0884;-0,0325;0,6299;0,6369;87,0923
0,3312;-0,2075;2,1756;2,2104;87,1509
0,2658;-0,0771;1,1205;1,1542;87,2120
0,1342;-0,0476;1,1024;1,1116;87,2699
0,3576;-0,0539;1,5989;1,6392;87,3312
0,1325;0,0000;0,6822;0,6949;87,3904
0,0090;-0,0122;0,9660;0,9661;87,4512
0,0322;-0,0281;1,0170;1,0179;87,5104
0,0771;-0,0220;0,9885;0,9917;87,5720
0,2380;0,0766;0,4505;0,5153;87,6315
-0,0408;0,0171;0,7461;0,7474;87,6904
0,0205;-0,1191;1,7712;1,7753;87,7511
0,4376;-0,0713;1,3277;1,3998;87,8132
0,1457;-0,1137;1,3658;1,3782;87,8705
-0,3812;-0,0127;-0,0337;0,3829;87,9301
0,0320;0,0268;0,8430;0,8440;87,9911
0,0085;-0,0054;0,9972;0,9973;88,0513
0,0674;-0,0203;1,0129;1,0153;88,1111
0,0979;-0,0215;0,9550;0,9603;88,1714
0,0359;-0,0920;0,3544;0,3679;88,2338
0,0901;-0,0273;1,1942;1,1979;88,2895
0,2221;-0,1013;1,2047;1,2292;88,3502
0,4230;-0,0945;1,4117;1,4767;88,4125
0,3266;-0,1159;1,2420;1,2895;88,4701
-0,0596;-0,0090;0,0669;0,0900;88,5308
-0,0061;-0,0251;0,8964;0,8968;88,5953
0,0041;-0,0371;1,0429;1,0436;88,6505
0,0478;-0,0356;0,9907;0,9925;88,7099
0,0425;-0,0320;0,9362;0,9377;88,7708
0,1340;-0,0261;0,8486;0,8595;88,8317
0,1198;-0,0054;0,5989;0,6108;88,8908
0,1089;-0,1821;2,0902;2,1009;88,9514
0,3231;-0,0625;1,0358;1,0868;89,0089
0,3180;-0,0210;1,6081;1,6394;89,0723
-0,6165;0,0974;-0,4935;0,7957;89,1300
-0,0032;-0,0171;0,8598;0,8600;89,1902
0,0105;-0,0349;1,0431;1,0438;89,2494
0,0805;-0,0205;0,9848;0,9883;89,3121
0,0837;-0,0305;0,9721;0,9762;89,3700
0,0161;-0,0803;0,4610;0,4683;89,4295
0,3441;-0,0273;0,7261;0,8040;89,4892
0,2987;-0,1106;1,2623;1,3019;89,5493
0,3192;-0,0957;1,3194;1,3609;89,6142
0,2658;-0,0796;1,9110;1,9311;89,6700
-0,5208;0,0273;-0,9023;1,0422;89,7296
-0,0127;0,0115;0,8825;0,8827;89,7899
-0,0283;-0,0437;1,1100;1,1112;89,8498
0,0510;-0,0395;0,9763;0,9784;89,9145
0,0432;-0,0452;0,9562;0,9583;89,9694
-0,2035;-0,0432;0,7415;0,7701;90,0294
0,2067;0,0017;1,3863;1,4016;90,0933
0,4278;-0,1037;1,1693;1,2494;90,1498
0,1430;0,0044;1,2616;1,2697;90,2138
0,0254;0,0112;0,5897;0,5903;90,2699
0,0041;-0,0210;0,8779;0,8782;90,3295
0,0452;-0,0283;1,0480;1,0494;90,3896
0,0632;-0,0300;0,9853;0,9878;90,4497
0,0661;-0,0403;0,9538;0,9569;90,5128
-0,1059;-0,0608;0,5662;0,5792;90,5697
0,3754;-0,0988;2,3540;2,3858;90,6296
0,5157;-0,0830;0,9880;1,1176;90,6909
0,3646;-0,0520;1,4483;1,4944;90,7495
0,2807;-0,0076;1,5789;1,6036;90,8095
0,0993;0,0090;0,6260;0,6339;90,8690
0,0403;-0,0134;1,0375;1,0384;90,9309
0,0886;-0,0154;1,0124;1,0164;90,9903
0,0798;-0,0137;0,9770;0,9803;91,0521
0,0796;-0,0271;0,9567;0,9604;91,1095
0,1274;-0,0020;0,3527;0,3750;91,1692
0,0449;-0,0027;0,1037;0,1131;91,2358
0,2502;-0,0993;1,5400;1,5634;91,2892
0,4806;-0,1057;1,6709;1,7418;91,3495
-0,3536;-0,0683;0,7539;0,8355;91,4089
0,0098;0,0168;0,8410;0,8413;91,4691
0,0029;-0,0081;1,0717;1,0717;91,5322
0,1010;0,0046;0,9611;0,9664;91,5888
0,0632;-0,0049;1,0609;1,0628;91,6495
0,2106;0,0271;0,6604;0,6937;91,7093
0,2197;-0,0791;1,0802;1,1052;91,7689
0,3185;-0,0478;1,6760;1,7067;91,8293
0,3319;-0,0908;1,1437;1,1943;91,8893
0,2150;-0,0188;1,5152;1,5305;91,9494
0,1733;-0,1140;1,1452;1,1638;92,0093
0,0168;0,0325;0,8188;0,8197;92,0709
0,0020;-0,0056;1,0736;1,0737;92,1297
0,0620;-0,0037;1,0002;1,0021;92,1895
0,0471;-0,0078;0,9709;0,9721;92,2491
0,0635;-0,0156;0,9711;0,9733;92,3092
-0,0310;-0,0222;0,3656;0,3676;92,3707
0,2987;-0,0115;1,0392;1,0814;92,4299
0,3622;-0,0439;1,5225;1,5656;92,4896
0,3124;-0,0351;1,4224;1,4567;92,5515
0,2272;-0,0083;1,3038;1,3235;92,6099
0,0783;-0,0132;0,6258;0,6308;92,6704
0,0569;-0,0071;0,9907;0,9923;92,7292
0,0454;-0,0276;1,0253;1,0267;92,7893
0,0459;-0,0225;0,9699;0,9713;92,8502
0,0369;-0,0161;0,9008;0,9017;92,9091
0,1813;0,0095;0,5631;0,5916;92,9691
0,0083;-0,0308;0,2902;0,2919;93,0282
0,1538;-0,0718;1,7958;1,8038;93,0890
0,3656;-0,0268;1,3939;1,4413;93,1485
-0,1172;0,0056;0,7495;0,7586;93,2097
-0,1084;-0,0603;-0,2904;0,3158;93,2690
0,0044;-0,0059;0,9516;0,9516;93,3302
0,0122;-0,0290;1,0326;1,0331;93,3889
0,0281;-0,0286;1,0038;1,0046;93,4499
0,0325;-0,0312;0,9765;0,9775;93,5165
0,0788;-0,0290;0,9826;0,9862;93,5691
0,2873;-0,0373;0,6895;0,7479;93,6295
0,2289;-0,0181;1,5610;1,5778;93,6919
0,3580;-0,0271;1,4329;1,4772;93,7492
0,0139;0,0395;1,2723;1,2730;93,8089
0,1750;0,0171;0,3990;0,4361;93,8688
0,0076;-0,0020;0,9919;0,9919;93,9338
0,0144;-0,0361;1,0522;1,0529;93,9884
0,0556;-0,0247;0,9907;0,9925;94,0503
0,0776;-0,0305;0,9011;0,9049;94,1088
0,0603;-0,0276;0,5528;0,5568;94,1686
0,0298;-0,0039;0,4557;0,4567;94,2288
0,1355;-0,0598;1,4385;1,4461;94,2906
0,4610;-0,0493;1,5789;1,6455;94,3496
-0,1677;0,0937;0,3219;0,3749;94,4100
-0,1962;-0,0061;-0,2497;0,3176;94,4690
-0,0332;-0,0381;0,9631;0,9644;94,5314
-0,0068;-0,0515;1,0273;1,0286;94,5886
0,0371;-0,0454;0,9872;0,9890;94,6483
0,0525;-0,0471;0,9553;0,9579;94,7100
0,1274;-0,0925;0,4310;0,4589;94,7685
-0,1223;-0,0617;0,3488;0,3747;94,8292
0,0483;-0,0642;1,2237;1,2264;94,8914
0,5411;-0,0459;1,4485;1,5470;94,9498
-0,0947;0,0081;0,8442;0,8496;95,0095
0,1418;0,0142;0,3485;0,3765;95,0690
0,0081;-0,0051;0,9907;0,9907;95,1319
0,0354;-0,0183;1,0141;1,0149;95,1908
0,0342;-0,0247;0,9907;0,9916;95,2533
0,0466;-0,0293;0,9597;0,9612;95,3095
0,1965;0,0085;0,5379;0,5727;95,3718
0,1342;-0,0952;0,3229;0,3624;95,4294
0,2514;-0,0657;1,5720;1,5933;95,4900
0,3812;-0,0920;1,1842;1,2475;95,5490
-0,8061;-0,1093;0,3310;0,8783;95,6098
0,0159;-0,0884;1,2035;1,2068;95,6699
0,0122;-0,0032;0,8608;0,8609;95,7294
0,0049;-0,0200;1,0153;1,0155;95,7893
0,0395;-0,0207;1,0002;1,0012;95,8520
0,0503;-0,0205;0,9777;0,9792;95,9095
0,1018;-0,0234;0,9943;0,9998;95,9701
-0,0293;0,0242;0,9196;0,9204;96,0296
0,1755;0,0081;1,2579;1,2701;96,0895
0,2907;-0,0678;1,3038;1,3375;96,1499
0,5435;-0,0210;1,8669;1,9445;96,2136
0,2155;0,0073;-0,1652;0,2717;96,2692
-0,0888;-0,0308;0,9287;0,9334;96,3316
-0,0022;-0,0337;1,0497;1,0503;96,3885
0,0251;-0,0366;1,0138;1,0148;96,4490
0,0630;-0,0349;0,9235;0,9263;96,5134
0,0095;-0,0583;0,5360;0,5392;96,5685
-0,3288;0,0073;1,7787;1,8089;96,6300
0,2663;-0,0654;1,4497;1,4754;96,6937
0,6287;-0,0825;1,6953;1,8100;96,7542
0,1870;0,0000;1,1700;1,1849;96,8091
0,2777;0,0373;0,3932;0,4828;96,8704
0,0715;0,0298;0,9270;0,9302;96,9286
0,0827;0,0085;1,0773;1,0805;96,9890
0,1662;0,0347;0,9231;0,9385;97,0486
0,1469;0,0517;0,9836;0,9958;97,1088
0,1940;0,0493;0,9606;0,9813;97,1685
0,2006;0,0120;0,9914;1,0116;97,2291
0,0964;-0,0271;0,5535;0,5625;97,2891
0,4762;-0,0979;0,8706;0,9971;97,3487
0,4601;-0,0403;1,5017;1,5711;97,4093
0,4147;-0,1367;1,4422;1,5068;97,4734
0,0473;-0,0725;1,0597;1,0633;97,5305
-0,0454;0,0576;0,9933;0,9960;97,5901
0,1098;-0,0195;0,7388;0,7472;97,6490
0,0144;-0,0178;0,9467;0,9470;97,7104
0,0940;-0,0168;0,9963;1,0008;97,7719
0,2499;-0,0508;0,2341;0,3462;97,8300
-0,2836;0,0020;-0,7937;0,8428;97,8890
0,1638;-0,0571;1,5491;1,5588;97,9490
0,7544;-0,1850;1,5864;1,7664;98,0102
-0,0010;-0,0615;1,0732;1,0749;98,0692
-0,1728;0,0093;0,2345;0,2915;98,1291
0,0322;-0,0161;0,9118;0,9125;98,1893
0,0649;-0,0110;1,0119;1,0140;98,2485
0,0561;-0,0185;0,9994;1,0012;98,3098
0,0708;-0,0166;0,9572;0,9600;98,3701
0,2072;0,0112;0,2768;0,3459;98,4288
-0,0173;0,0342;0,4891;0,4906;98,4888
0,4291;-0,1084;1,8974;1,9483;98,5515
0,7727;-0,1889;1,6179;1,8029;98,6087
0,1074;-0,0217;1,2562;1,2610;98,6689
0,1189;0,0417;0,4991;0,5148;98,7331
0,0229;0,0020;0,9907;0,9909;98,7884
0,0962;-0,0012;1,0087;1,0133;98,8488
0,0644;-0,0010;0,9970;0,9991;98,9108
0,0896;0,0037;0,9726;0,9767;98,9678
-0,0473;-0,0061;0,7510;0,7525;99,0291
-0,2131;0,0473;1,5156;1,5313;99,0884
0,1752;-0,0659;1,4700;1,4819;99,1501
0,4320;-0,0249;1,5315;1,5915;99,2131
0,0930;0,1015;1,1596;1,1677;99,2683
0,0803;0,0349;0,7905;0,7954;99,3289
0,0569;0,0083;1,0710;1,0725;99,3935
0,1196;0,0132;0,9948;1,0021;99,4493
0,0923;0,0115;0,9672;0,9717;99,5083
0,1496;0,0085;0,9797;0,9911;99,5682
0,1782;-0,0229;1,0324;1,0479;99,6285
-0,1425;-0,0740;1,2294;1,2398;99,6884
0,3939;-0,0298;1,2596;1,3201;99,7507
-0,0864;0,3576;1,0195;1,0838;99,8093
0,1940;0,0181;1,2028;1,2184;99,8712
0,0822;0,0088;0,8662;0,8701;99,9301
0,0725;-0,0020;1,0251;1,0276;99,9887
0,0852;-0,0010;0,9907;0,9943;100,0522
0,0881;0,0020;0,9699;0,9739;100,1095
0,1870;0,0107;0,5733;0,6031;100,1684
-0,0561;0,0674;-0,4186;0,4277;100,2311
0,3258;-0,0298;1,0729;1,1217;100,2887
0,6668;-0,0317;1,7907;1,9111;100,3492
0,4247;0,0078;1,5693;1,6258;100,4093
0,1152;0,0066;0,5838;0,5951;100,4687
0,0678;0,0183;1,0021;1,0046;100,5291
0,0827;0,0098;1,0124;1,0158;100,5881
0,0893;0,0195;0,9809;0,9851;100,6502
0,1018;0,0137;0,9665;0,9719;100,7093
0,1723;0,0027;0,5884;0,6132;100,7680
-0,0901;0,0581;0,2519;0,2737;100,8285
0,0110;-0,0700;1,2357;1,2377;100,8883
0,4383;-0,0788;1,1735;1,2551;100,9506
0,1108;-0,0298;1,1098;1,1157;101,0082
-0,2367;0,0290;0,4078;0,4725;101,0684
0,0888;0,0222;0,8479;0,8528;101,1285
0,0998;0,0159;1,0363;1,0412;101,1881
0,1323;-0,0132;0,9892;0,9981;101,2475
0,1345;0,0090;0,9148;0,9246;101,3087
0,0837;0,0164;0,3432;0,3536;101,3689
0,3244;-0,0210;1,1315;1,1772;101,4285
0,3947;-0,0808;1,5742;1,6249;101,4891
0,3249;-0,0151;1,2555;1,2969;101,5490
0,2516;-0,0212;1,3228;1,3467;101,6132
0,0329;-0,0764;0,5047;0,5115;101,6702
0,0542;0,0032;0,9367;0,9383;101,7294
0,0676;0,0059;0,9780;0,9803;101,7886
0,1711;-0,0203;0,9331;0,9488;101,8504
0,1455;0,0249;0,6929;0,7084;101,9095
0,1406;0,0952;0,2485;0,3009;101,9691
0,4400;-0,0927;1,6216;1,6828;102,0290
0,5775;-0,1628;1,2455;1,3824;102,0931
-2,9232;0,2870;-0,8252;3,0509;102,1502
-0,4796;0,0852;-0,2197;0,5343;102,2089
0,0927;-0,0173;0,8642;0,8694;102,2690
0,1140;-0,0183;1,0138;1,0204;102,3310
-0,0344;-0,0556;0,9736;0,9758;102,3896
0,2372;-0,0056;0,7481;0,7848;102,4489
0,0766;0,0818;0,7693;0,7774;102,5087
0,1394;0,0759;0,7947;0,8104;102,5712
0,2160;-0,0103;1,1190;1,1397;102,6289
0,1796;-0,0342;1,1666;1,1809;102,6887
-0,0017;0,0976;1,2118;1,2157;102,7488
0,2746;0,0061;0,6370;0,6937;102,8135
0,0430;-0,0010;0,9309;0,9319;102,8687
0,1023;-0,0105;1,0300;1,0351;102,9285
0,1750;-0,0034;1,0102;1,0252;102,9889
0,1708;-0,0049;0,9399;0,9553;103,0493
0,1328;0,0195;0,7100;0,7226;103,1118
0,0005;0,0935;0,5572;0,5650;103,1683
0,2355;-0,0930;1,2289;1,2547;103,2304
0,4117;-0,0581;1,3192;1,3832;103,2881
0,1974;0,0744;0,9868;1,0091;103,3491
0,1562;0,0198;0,8066;0,8219;103,4111
0,0683;0,0264;0,8794;0,8824;103,4684
0,0681;0,0083;1,0163;1,0186;103,5291
0,1223;0,0039;1,0180;1,0253;103,5889
0,1250;0,0020;0,9577;0,9658;103,6486
0,1984;-0,0578;0,5206;0,5601;103,7092
-0,1616;-0,0046;0,0835;0,1819;103,7684
0,3427;-0,0168;1,1161;1,1676;103,8288
0,4235;-0,0808;1,4166;1,4807;103,8886
0,2797;-0,0022;1,3995;1,4271;103,9490
-0,0527;0,0037;0,3473;0,3513;104,0092
0,0552;-0,0066;0,9326;0,9342;104,0692
0,0749;-0,0095;0,9933;0,9962;104,1288
0,0981;-0,0173;1,0129;1,0178;104,1910
0,1218;-0,0093;0,9260;0,9340;104,2502
0,1152;-0,0286;0,6416;0,6525;104,3081
-0,1357;-0,0320;1,6125;1,6186;104,3680
0,4259;-0,0566;1,3553;1,4218;104,4285
0,2633;-0,0373;1,3328;1,3591;104,4893
0,2782;-0,0061;1,4598;1,4860;104,5484
0,0925;0,0154;0,5545;0,5624;104,6085
0,0225;0,0059;0,9738;0,9741;104,6685
0,0813;0,0051;1,0136;1,0169;104,7286
0,0727;0,0034;0,9770;0,9797;104,7888
0,1816;-0,0200;0,6468;0,6721;104,8480
0,1250;-0,0212;0,2424;0,2735;104,9090
-0,0737;-0,0300;1,2633;1,2658;104,9686
0,4371;-0,0437;1,1303;1,2126;105,0282
0,0737;0,0085;1,1754;1,1778;105,0881
-0,0024;-0,0510;0,8698;0,8713;105,1507
0,0752;0,0012;0,6773;0,6814;105,2082
0,0268;0,0085;0,9916;0,9920;105,2677
0,0500;0,0046;1,0002;1,0014;105,3297
0,0593;0,0056;0,9631;0,9649;105,3881
0,1572;0,0095;0,7830;0,7986;105,4487
0,0869;0,0212;0,2680;0,2825;105,5119
0,0764;-0,1428;2,3374;2,3430;105,5679
0,3934;-0,0866;1,2135;1,2786;105,6282
0,2331;-0,0786;1,2870;1,3102;105,6886
-0,3822;-0,0766;0,4427;0,5899;105,7476
0,0100;-0,0215;0,6077;0,6082;105,8125
0,0020;0,0049;0,9907;0,9907;105,8682
0,0351;0,0005;1,0348;1,0354;105,9317
0,0503;0,0083;0,9770;0,9783;105,9883
0,1115;0,0015;0,9467;0,9533;106,0477
0,0793;0,0093;0,7322;0,7365;106,1092
0,1403;0,0574;1,1271;1,1372;106,1682
0,3566;-0,0596;1,5132;1,5558;106,2288
0,7012;-0,0578;1,7387;1,8757;106,2884
-0,1340;0,0203;1,3792;1,3859;106,3487
0,1455;0,0046;0,3746;0,4019;106,4078
0,0071;0,0298;0,9719;0,9723;106,4706
0,0181;0,0193;1,0214;1,0218;106,5275
0,0364;0,0227;0,9907;0,9916;106,5900
0,0452;0,0168;0,9540;0,9553;106,6515
0,1906;-0,0727;0,4044;0,4530;106,7073
0,0422;0,0781;1,1166;1,1201;106,7684
0,3314;-0,0305;1,4407;1,4787;106,8324
0,5238;0,0200;1,5051;1,5938;106,8885
0,6853;0,0952;2,3013;2,4031;106,9477
0,2277;0,0027;0,4957;0,5455;107,0077
0,0166;0,0183;0,9445;0,9449;107,0683
0,0095;0,0076;1,0309;1,0310;107,1277
0,0320;0,0085;0,9865;0,9871;107,1872
0,0322;0,0061;1,0378;1,0383;107,2503
-0,0081;-0,0112;0,4383;0,4386;107,3080
-0,1218;0,0879;1,7185;1,7250;107,3692
0,2284;-0,0984;1,2806;1,3045;107,4278
0,7261;-0,1152;1,5235;1,6916;107,4876
0,2033;0,0115;1,7446;1,7564;107,5489
-0,4203;-0,0005;-0,6858;0,8044;107,6079
0,0256;0,0290;0,8994;0,9002;107,6677
0,0185;0,0088;0,9326;0,9328;107,7304
0,0207;0,0081;0,9455;0,9458;107,7883
0,0261;-0,0146;1,1576;1,1580;107,8482
0,0730;-0,0344;0,7764;0,7806;107,9080
0,1440;-0,0591;1,5903;1,5979;107,9676
0,4095;-0,0466;1,0609;1,1382;108,0284
0,1833;-0,0349;1,0663;1,0825;108,0909
0,0937;-0,0415;1,1959;1,2003;108,1514
-0,1147;0,0869;1,0509;1,0607;108,2077
0,1162;0,0134;0,3217;0,3423;108,2696
0,0078;-0,0093;0,9428;0,9429;108,3271
0,0320;-0,0215;1,0231;1,0238;108,3875
0,0454;-0,0215;1,0019;1,0031;108,4474
0,0578;-0,0207;0,9728;0,9748;108,5091
0,1071;0,0107;0,8908;0,8973;108,5682
0,0164;-0,0185;0,3539;0,3548;108,6275
0,3795;-0,0207;2,0548;2,0896;108,6870
0,1811;-0,0700;1,1466;1,1629;108,7471
0,6006;-0,0881;1,7124;1,8168;108,8077
-0,1001;-0,0332;0,9270;0,9329;108,8674
0,1089;-0,0156;0,5840;0,5943;108,9269
0,0364;-0,0124;0,9907;0,9914;108,9873
0,0901;-0,0095;1,0068;1,0108;109,0484
0,0881;-0,0071;0,9919;0,9958;109,1071
0,1430;-0,0085;0,9404;0,9512;109,1669
0,1423;-0,0290;1,0146;1,0249;109,2278
-0,0713;-0,0247;1,3101;1,3123;109,2873
0,1250;-0,0627;1,1688;1,1772;109,3504
0,4674;-0,0559;1,2577;1,3429;109,4088
0,0476;0,0381;1,1891;1,1906;109,4676
0,0547;-0,0056;0,9838;0,9854;109,5305
0,1110;0,0364;0,8342;0,8424;109,5873
0,0793;0,0298;1,0160;1,0196;109,6475
0,1003;0,0105;0,9970;1,0021;109,7122
0,1103;0,0127;0,9689;0,9753;109,7680
0,1979;0,0625;0,6092;0,6436;109,8302
0,1870;0,0005;-0,0559;0,1951;109,8886
-0,1157;-0,0644;1,2889;1,2957;109,9472
0,4149;-0,0378;1,1827;1,2540;110,0070
-1,5056;-0,0510;0,3717;1,5517;110,0672
0,0217;-0,0081;0,6160;0,6165;110,1288
0,0561;0,0056;0,8921;0,8938;110,1866
0,0862;-0,0012;0,9907;0,9944;110,2469
0,1154;-0,0076;0,9875;0,9942;110,3070
0,1862;-0,0044;0,7771;0,7991;110,3696
0,0144;-0,0137;0,7258;0,7261;110,4311
0,5604;-0,1347;2,8124;2,8708;110,4871
0,4544;-0,0757;1,1757;1,2627;110,5470
0,2428;0,0537;1,3221;1,3453;110,6083
-0,6114;0,0500;-0,9821;1,1579;110,6674
0,0444;0,0295;0,9069;0,9085;110,7267
0,0632;0,0100;1,0634;1,0653;110,7869
0,1733;0,0166;0,9938;1,0090;110,8486
0,1474;0,0110;0,8459;0,8587;110,9076
0,0886;-0,0617;0,4720;0,4842;110,9670
0,3510;-0,1008;2,0892;2,1209;111,0270
0,4618;-0,0229;1,1173;1,2092;111,0884
0,5164;-0,0556;1,5405;1,6257;111,1478
-0,2345;-0,0725;0,5494;0,6017;111,2081
0,1508;0,0063;0,6268;0,6447;111,2740
0,0571;-0,0051;1,0095;1,0111;111,3270
0,1403;-0,0110;1,0082;1,0180;111,3880
0,1340;-0,0139;0,9807;0,9899;111,4466
0,2143;0,0295;0,6795;0,7131;111,5066
0,0674;-0,0337;0,8027;0,8063;111,5715
0,2580;-0,1337;1,8356;1,8585;111,6271
0,4520;-0,0693;1,2062;1,2899;111,6869
-0,6765;0,3209;1,0978;1,3289;111,7463
-1,0778;-0,0359;-1,3858;1,7559;111,8083
0,0781;0,0161;0,8606;0,8643;111,8682
0,0437;0,0027;1,0280;1,0289;111,9264
0,0940;0,0085;0,9811;0,9857;111,9873
0,0923;0,0005;0,9677;0,9721;112,0470
0,2231;0,0083;0,5294;0,5745;112,1075
0,2104;-0,0054;1,0446;1,0656;112,1668
0,3915;-0,1884;1,9974;2,0441;112,2265
0,3978;-0,0905;1,3201;1,3818;112,2876
0,3126;-0,0554;1,2743;1,3132;112,3473
0,2380;-0,0203;1,1722;1,1963;112,4074
0,0893;0,0085;0,7820;0,7871;112,4671
0,0727;0,0041;0,9911;0,9938;112,5270
0,1074;0,0085;1,0029;1,0086;112,5873
0,1325;0,0098;0,9645;0,9737;112,6469
0,1708;0,0124;0,8000;0,8182;112,7059
0,2014;-0,0317;0,6199;0,6526;112,7664
0,2687;-0,0171;1,3438;1,3705;112,8304
0,4996;-0,0349;1,1190;1,2260;112,8867
0,4664;0,0124;1,5003;1,5711;112,9462
0,1762;0,0674;1,4356;1,4479;113,0076
0,0505;0,0393;0,7854;0,7880;113,0663
0,0964;0,0376;1,0214;1,0266;113,1271
0,1357;0,0207;0,9865;0,9960;113,1864
0,1440;0,0264;0,9775;0,9884;113,2512
0,1655;0,0083;0,8733;0,8888;113,3113
0,1628;-0,0405;0,8369;0,8535;113,3663
0,1896;-0,0471;0,8398;0,8623;113,4270
0,2489;-0,1591;1,4319;1,4621;113,4866
0,5826;-0,1252;1,6509;1,7551;113,5484
-0,6072;-0,0234;0,7405;0,9579;113,6067
0,1916;0,0266;0,5604;0,5928;113,6688
0,0783;0,0312;0,9663;0,9699;113,7259
0,1301;0,0300;1,0095;1,0182;113,7862
0,1674;0,0088;0,9521;0,9667;113,8494
0,1774;0,0085;0,8083;0,8276;113,9069
0,1147;-0,0115;1,1730;1,1786;113,9669
0,2529;-0,0081;0,7322;0,7747;114,0262
0,4296;-0,0237;1,3184;1,3869;114,0867
0,6702;-0,0559;1,7109;1,8383;114,1462
0,4464;0,0356;1,0453;1,1372;114,2058
0,0996;0,0198;0,7090;0,7162;114,2656
0,0952;0,0105;1,0016;1,0062;114,3258
0,1791;0,0090;1,0146;1,0303;114,3858
0,1882;0,0085;0,9196;0,9387;114,4474
0,1843;0,0005;0,6692;0,6941;114,5069
0,1967;-0,0822;0,7629;0,7922;114,5659
0,6265;-0,1059;2,4785;2,5586;114,6257
0,6612;-0,0139;1,0890;1,2741;114,6860
0,4332;-0,0417;1,4480;1,5120;114,7469
-0,2416;-0,1064;1,1046;1,1358;114,8072
0,0703;0,0229;0,7515;0,7551;114,8659
0,1294;0,0090;0,9899;0,9984;114,9267
0,1589;-0,0022;1,0353;1,0474;114,9869
0,1638;0,0012;0,9575;0,9714;115,0463
0,1992;-0,0056;0,9377;0,9586;115,1081
0,1965;-0,0473;0,2834;0,3480;115,1658
0,4383;-0,0278;1,8874;1,9378;115,2259
0,5374;-0,0361;1,4004;1,5005;115,2859
0,2699;0,1079;1,4563;1,4851;115,3460
0,1176;-0,0381;0,4728;0,4887;115,4071
0,0884;0,0456;0,8569;0,8627;115,4650
0,0696;0,0144;1,0304;1,0329;115,5263
0,1874;0,0298;1,0065;1,0243;115,5857
0,1618;0,0234;0,9584;0,9723;115,6549
0,2358;0,0295;0,7586;0,7949;115,7078
0,2014;-0,0422;0,5984;0,6328;115,7680
0,4420;-0,0669;1,1410;1,2254;115,8267
0,3859;-0,0742;1,3729;1,4280;115,8868
0,5540;-0,0151;1,6467;1,7375;115,9471
0,2834;0,0256;1,0082;1,0476;116,0056
0,0444;0,0483;0,8642;0,8667;116,0657
0,0371;0,0085;1,0614;1,0621;116,1255
0,2097;0,0227;0,9982;1,0203;116,1860
0,1364;-0,0151;0,9887;0,9982;116,2482
0,0986;-0,0398;0,7798;0,7870;116,3053
-0,0054;0,0178;0,3541;0,3546;116,3657
0,0954;-0,0652;1,4695;1,4741;116,4295
0,4979;-0,0774;1,2413;1,3397;116,4854
-0,2838;-0,0554;1,1139;1,1508;116,5452
-0,6778;0,0222;-0,5003;0,8427;116,6095
0,0754;0,0200;0,9270;0,9302;116,6665
0,1340;0,0120;1,0207;1,0295;116,7254
0,1355;-0,0210;1,0229;1,0320;116,7855
0,1523;-0,0027;0,9516;0,9637;116,8473
0,2304;-0,0415;0,4791;0,5332;116,9053
-0,0447;-0,0261;0,6609;0,6629;116,9653
0,1542;-0,1403;1,3323;1,3486;117,0285
0,4144;-0,0796;1,3140;1,3801;117,0859
0,2389;0,0010;1,4834;1,5025;117,1457
0,2687;0,0334;0,1633;0,3162;117,2067
0,1311;0,0454;0,9138;0,9242;117,2747
0,1347;0,0266;1,0070;1,0163;117,3250
0,1862;-0,0127;0,9453;0,9635;117,3870
0,1623;-0,0376;0,8767;0,8924;117,4453
0,1694;-0,0393;0,8193;0,8376;117,5063
0,3331;-0,2216;2,2781;2,3130;117,5653
0,5379;-0,1555;1,0876;1,2232;117,6259
0,3090;-0,0159;1,4392;1,4721;117,6867
0,2590;0,0024;1,3455;1,3702;117,7470
0,0649;0,0139;0,7171;0,7201;117,8070
0,0686;-0,0024;1,0036;1,0059;117,8660
0,1865;-0,0066;0,9907;1,0081;117,9253
0,1752;-0,0249;0,9462;0,9627;117,9850
0,1833;-0,0034;0,6866;0,7106;118,0457
0,2580;-0,0100;0,6646;0,7130;118,1054
0,4991;-0,3407;2,0170;2,1055;118,1648
0,4762;-0,0893;1,1029;1,2046;118,2248
-0,1555;0,1240;1,0705;1,0888;118,2852
-0,9240;-0,0122;-1,3121;1,6049;118,3446
0,0905;0,0181;0,8349;0,8400;118,4044
0,1608;0,0000;1,0221;1,0347;118,4662
0,1911;-0,0078;0,9980;1,0161;118,5265
0,1757;-0,0127;0,9314;0,9479;118,5857
0,1355;-0,0759;0,6517;0,6699;118,6442
0,2035;0,0610;0,7171;0,7479;118,7053
0,2548;-0,0957;1,3189;1,3467;118,7700
0,7356;-0,2089;1,6718;1,8384;118,8249
0,2443;-0,0395;1,4529;1,4738;118,8852
0,1040;0,0054;0,7337;0,7410;118,9481
0,1330;0,0134;0,8362;0,8468;119,0069
0,2294;0,0244;0,9406;0,9685;119,0657
0,1735;-0,0691;1,0624;1,0787;119,1276
0,1982;-0,0400;0,8781;0,9011;119,1856
0,2118;-0,0520;0,6309;0,6676;119,2445
0,2050;-0,0222;0,3898;0,4410;119,3051
0,4513;-0,0803;1,2721;1,3521;119,3639
0,6099;-0,1477;1,5432;1,6659;119,4260
-0,0796;0,0893;0,9343;0,9419;119,4850
0,1755;0,0310;0,4688;0,5016;119,5474
0,0818;0,0251;0,9521;0,9559;119,6077
0,1557;0,0110;1,0138;1,0258;119,6644
0,2060;-0,0002;1,0397;1,0599;119,7295
0,1894;-0,0251;0,9746;0,9931;119,7846
0,2243;-0,0400;0,8681;0,8975;119,8439
0,0083;-0,0276;0,7312;0,7318;119,9043
0,3378;-0,1389;1,5415;1,5842;119,9647
0,4310;-0,0657;1,1661;1,2450;120,0241
0,1994;0,0273;1,3433;1,3583;120,0858
0,1208;-0,0300;1,1278;1,1347;120,1438
0,0495;0,0105;0,8364;0,8379;120,2058
0,0715;-0,0120;1,0146;1,0172;120,2653
0,1425;-0,0171;1,0012;1,0114;120,3240
0,1730;-0,0164;0,9543;0,9700;120,3867
0,1091;-0,0134;0,8213;0,8286;120,4438
0,0403;-0,0173;0,7329;0,7342;120,5035
0,4598;-0,0342;1,4659;1,5367;120,5641
0,3727;-0,0722;1,4732;1,5213;120,6316
0,2660;0,0029;1,4888;1,5124;120,6856
0,0925;0,0083;0,7398;0,7456;120,7463
0,1106;-0,0010;1,0009;1,0070;120,8051
0,1638;-0,0063;1,0187;1,0318;120,8649
0,1267;-0,0098;0,9841;0,9922;120,9240
0,1494;-0,0105;0,9611;0,9727;120,9839
0,1791;-0,0100;0,6011;0,6273;121,0440
-0,0991;0,0310;0,2255;0,2483;121,1061
0,1091;-0,0578;1,3961;1,4015;121,1643
0,3971;-0,0657;1,3406;1,3998;121,2250
0,0183;-0,0386;0,9628;0,9638;121,2836
0,3424;0,0769;0,1460;0,3801;121,3439
0,0332;-0,0395;0,9423;0,9437;121,4083
0,1245;-0,0439;1,0282;1,0367;121,4705
0,1386;-0,0400;0,9985;1,0088;121,5258
0,1582;-0,0415;0,9550;0,9689;121,5858
0,2092;-0,0073;0,7376;0,7667;121,6455
0,2118;-0,0237;0,8764;0,9020;121,7053
0,2887;-0,1164;1,6013;1,6313;121,7653
0,3724;-0,0615;1,2909;1,3449;121,8283
0,3126;-0,0168;1,3170;1,3537;121,8878
0,2387;-0,0203;1,0095;1,0375;121,9469
0,1174;-0,0239;0,9492;0,9567;122,0055
0,1279;-0,0417;1,0004;1,0094;122,0696
0,1377;-0,0403;0,9914;1,0017;122,1254
0,1511;-0,0383;0,9680;0,9804;122,1852
0,1901;-0,0005;0,8764;0,8968;122,2453
0,1616;0,0061;0,3105;0,3500;122,3051
0,1059;-0,0083;0,7442;0,7517;122,3648
0,4718;-0,0227;1,2977;1,3810;122,4247
0,3820;0,0434;1,5771;1,6233;122,4855
-0,0081;0,0322;0,4095;0,4109;122,5455
0,0700;0,0276;0,8315;0,8349;122,6050
0,1108;0,0005;1,0492;1,0551;122,6651
0,1396;-0,0034;1,0014;1,0111;122,7310
0,1501;-0,0020;0,9811;0,9926;122,7878
0,1589;-0,0059;0,9516;0,9648;122,8456
0,2426;-0,0456;0,8442;0,8796;122,9086
-0,0774;0,0217;0,3829;0,3913;122,9672
0,1743;0,0400;1,0993;1,1137;123,0254
0,2404;-0,0603;1,1303;1,1571;123,0860
0,6175;-0,1274;2,0523;2,1470;123,1454
0,6182;0,0400;1,2762;1,4186;123,2090
0,0393;-0,0471;0,9633;0,9653;123,2666
0,0910;-0,0464;1,0082;1,0134;123,3244
0,1330;-0,0400;0,9909;1,0006;123,3838
0,1608;0,0225;0,8042;0,8204;123,4476
0,0010;-0,0088;0,6031;0,6031;123,5049
0,5450;-0,2394;2,9154;2,9755;123,5660
0,4232;-0,0803;1,1193;1,1993;123,6277
0,1699;0,0344;1,3406;1,3518;123,6849
0,1721;0,0425;1,0990;1,1132;123,7445
0,0547;0,0290;0,7874;0,7898;123,8047
0,0542;0,0149;1,0156;1,0171;123,8643
0,1237;0,0103;0,9919;0,9996;123,9239
0,1162;0,0061;0,9623;0,9694;123,9904
0,1694;0,0295;0,7686;0,7876;124,0446
0,1391;-0,0388;0,8686;0,8806;124,1044
0,3273;-0,0896;1,5896;1,6254;124,1669
0,3292;-0,0473;1,1408;1,1883;124,2249
0,5665;-0,1862;1,5010;1,6151;124,2875
0,3568;0,0305;1,7890;1,8245;124,3441
0,5455;0,0391;0,5545;0,7788;124,4081
0,0215;0,0347;0,9375;0,9383;124,4649
0,0168;0,0124;1,0231;1,0233;124,5243
0,0979;0,0254;0,9587;0,9640;124,5858
0,1010;0,0112;0,9599;0,9653;124,6437
0,1245;0,0361;0,5623;0,5771;124,7063
-0,0820;0,0520;-0,1162;0,1514;124,7676
0,3134;-0,0852;1,7082;1,7388;124,8267
0,4337;-0,0671;1,1491;1,2300;124,8840
-1,2747;-0,0632;0,2079;1,2931;124,9486
0,3002;-0,0537;1,1788;1,2176;125,0063
0,1150;0,0220;0,7810;0,7897;125,0639
0,0495;0,0085;1,0070;1,0083;125,1245
0,0923;0,0168;1,0119;1,0162;125,1902
0,1240;0,0268;0,9699;0,9782;125,2456
0,1386;0,0322;0,9738;0,9842;125,3039
0,1337;-0,0820;0,6275;0,6468;125,3654
0,2990;0,0439;2,1236;2,1450;125,4240
0,3988;-0,0688;1,2723;1,3351;125,4841
0,3637;0,0478;1,4922;1,5366;125,5443
0,2123;0,0969;1,7109;1,7267;125,6060
0,1020;0,0678;0,8486;0,8574;125,6644
0,0442;0,0268;1,0260;1,0273;125,7239
0,1189;0,0256;0,9907;0,9981;125,7833
0,1167;0,0251;1,0041;1,0111;125,8439
0,2031;0,0300;0,9389;0,9611;125,9042
-0,0303;0,0359;0,5692;0,5711;125,9633
0,1447;-0,1135;1,6069;1,6174;126,0236
0,7368;-0,0051;1,8686;2,0086;126,0842
0,4742;0,1281;1,5679;1,6430;126,1448
-0,0024;0,0420;0,9887;0,9896;126,2038
0,0647;0,0298;1,0214;1,0239;126,2642
0,1665;0,0305;0,9763;0,9908;126,3245
0,1638;0,0295;0,9765;0,9906;126,3841
0,1564;-0,0371;0,2887;0,3305;126,4434
0,2194;-0,0041;0,7463;0,7779;126,5037
0,4852;-0,1289;1,1117;1,2198;126,5694
0,5013;0,1062;1,6711;1,7479;126,6250
0,3168;0,1113;0,6739;0,7529;126,6842
0,1887;0,0437;0,4491;0,4891;126,7435
0,1130;0,0813;0,7922;0,8044;126,8079
0,1303;0,0503;0,7839;0,7963;126,8639
0,2377;-0,1137;0,9982;1,0324;126,9255
0,2182;-0,0696;1,0065;1,0322;126,9844
0,2531;0,0476;1,0348;1,0664;127,0439
0,2414;0,0520;0,8972;0,9305;127,1099
0,1508;0,0220;0,9968;1,0083;127,1633
