0,1347;-0,0495;0,9929;1,0032;0,1119
0,0149;-0,0825;1,0287;1,0321;0,1368
0,1359;-0,0498;0,9914;1,0019;0,3876
0,1452;-0,0486;1,0004;1,0121;0,3896
0,1069;-0,0547;0,9750;0,9824;0,3914
0,1464;-0,0544;0,9904;1,0027;0,3934
0,1921;-0,0464;1,0021;1,0214;0,4411
0,2006;-0,0478;0,9955;1,0167;0,4933
0,1872;-0,0495;0,9877;1,0065;0,5531
0,1852;-0,0461;0,9870;1,0053;0,6134
0,1874;-0,0456;0,9907;1,0093;0,6790
0,1816;-0,0461;0,9909;1,0085;0,7346
0,1760;-0,0459;0,9904;1,0070;0,7948
0,1767;-0,0461;0,9907;1,0074;0,8544
0,1835;-0,0432;0,9863;1,0041;0,9144
0,1962;-0,0432;0,9826;1,0029;0,9755
0,1757;-0,0544;1,0566;1,0725;1,0360
-0,2763;-0,1821;1,5344;1,5697;1,0972
0,0564;0,0093;0,0515;0,0769;1,1555
-2,7750;-0,2404;2,3220;3,6263;1,2163
-0,1984;0,0544;1,1825;1,2003;1,2804
0,9604;-0,0010;2,2161;2,4153;1,3411
-1,7600;0,1877;-2,4704;3,0390;1,3953
0,0603;-0,0166;0,6639;0,6668;1,4585
0,2319;-0,0591;1,1161;1,1415;1,5168
0,1921;-0,1342;1,5078;1,5259;1,5787
0,7000;-0,3532;2,5954;2,7112;1,6397
0,1557;-0,0103;-0,7866;0,8019;1,7019
0,0200;0,0403;0,9765;0,9775;1,7564
0,0032;-0,0654;-0,0456;0,0798;1,8193
1,3067;-0,3256;5,8634;6,0161;1,8792
0,5850;0,0364;1,1261;1,2695;1,9366
0,6414;-0,2987;2,9520;3,0356;1,9969
0,2804;0,0847;0,2319;0,3736;2,0614
-0,0408;0,0117;1,1007;1,1015;2,1167
0,1428;0,0173;0,7615;0,7749;2,1769
-0,1152;0,0183;0,8542;0,8622;2,2425
0,5323;-0,2089;1,1664;1,2990;2,2967
-1,8883;-0,5116;0,6038;2,0475;2,3565
0,4542;0,1347;0,2817;0,5512;2,4193
-0,0430;-0,0017;1,0041;1,0050;2,4776
0,4088;-0,0666;-0,1018;0,4265;2,5372
1,4395;-1,2230;7,9885;8,2088;2,6001
0,2799;-0,0561;1,2706;1,3023;2,6575
-0,0139;-0,0774;1,6467;1,6486;2,7217
0,0434;0,0366;0,6661;0,6685;2,7769
0,0923;0,0200;0,7617;0,7676;2,8383
-0,1213;0,1640;0,1809;0,2726;2,8963
0,6629;-0,2055;1,2806;1,4566;2,9565
-0,0322;0,0344;2,0238;2,0243;3,0191
0,1296;0,0903;0,3993;0,4294;3,0763
-0,0827;0,0037;0,9667;0,9703;3,1391
1,1134;-0,3083;-1,5762;1,9542;3,2004
0,5584;-0,3000;1,8515;1,9570;3,2567
-0,9343;-0,0432;1,6150;1,8663;3,3180
0,5340;0,0859;-0,1276;0,5557;3,3762
-0,0757;0,0271;1,0539;1,0569;3,4369
0,2160;-0,0766;0,1311;0,2640;3,4994
0,2270;0,0979;0,8603;0,8951;3,5619
1,0307;-0,1250;1,9132;2,1768;3,6168
0,2785;0,1433;1,0939;1,1378;3,6785
0,0012;0,0808;0,8122;0,8163;3,7363
0,0581;0,0156;1,2469;1,2484;3,7972
-0,0813;-0,0107;0,1018;0,1307;3,8604
1,0478;-0,4562;2,2361;2,5112;3,9203
-1,3812;0,2690;1,2728;1,8974;3,9778
0,2309;0,1110;0,2658;0,3692;4,0364
-0,0542;0,0127;1,0815;1,0829;4,0975
0,2563;-0,0276;0,0905;0,2732;4,1560
0,5279;-0,2197;3,8430;3,8853;4,2176
0,7571;-0,0678;1,6369;1,8048;4,2785
0,0198;-0,0020;1,6404;1,6405;4,3390
0,0112;0,0386;0,7722;0,7733;4,3963
0,0854;0,0049;0,9921;0,9958;4,4562
1,0944;0,0212;-1,5054;1,8613;4,5163
-0,5692;-0,0703;1,6311;1,7290;4,5774
-1,4893;-0,2995;1,7189;2,2940;4,6356
0,3266;0,0862;0,0556;0,3423;4,7070
-0,0749;0,0085;0,9684;0,9714;4,7571
-0,1071;-0,0969;-0,3678;0,3952;4,8162
-0,2006;0,0803;1,6408;1,6550;4,8760
0,9292;-0,1962;2,2998;2,4882;4,9366
-1,2630;-0,0349;-2,7020;2,9829;4,9965
-0,0691;0,0320;0,9904;0,9933;5,0572
0,1152;0,0164;0,7612;0,7701;5,1198
-0,3942;-0,0488;1,4107;1,4655;5,1757
0,7561;-0,0737;1,2411;1,4551;5,2372
-0,3556;-0,1137;1,3914;1,4406;5,2962
0,1542;0,0600;0,3012;0,3437;5,3565
0,2838;0,0552;0,0947;0,3043;5,4168
-0,0164;-0,1689;1,1100;1,1229;5,4765
0,6431;-0,0600;1,4907;1,6247;5,5360
-0,0581;-0,0154;1,1393;1,1409;5,5965
0,1933;0,0273;0,1398;0,2401;5,6563
-0,0146;-0,0181;0,4830;0,4836;5,7164
0,5736;-0,0547;2,0687;2,1474;5,7758
0,3641;-0,0935;1,4527;1,5005;5,8355
-0,2394;-0,0085;0,1652;0,2910;5,8962
0,0383;-0,0027;0,4981;0,4996;5,9562
0,4574;-0,0740;-0,0024;0,4633;6,0189
0,4523;-0,2243;1,6740;1,7485;6,0755
0,9221;-0,1892;2,6091;2,7737;6,1366
0,0964;0,0596;0,3954;0,4113;6,1968
0,0469;0,2282;1,0426;1,0684;6,2631
0,1193;-0,0420;1,5986;1,6036;6,3156
0,3563;-0,0483;1,3641;1,4107;6,3762
0,5909;-0,0310;1,7870;1,8825;6,4403
0,0327;0,0012;0,4906;0,4917;6,4951
-0,6089;-0,0493;1,4756;1,5971;6,5561
0,6841;-0,2348;3,3625;3,4394;6,6225
1,1207;-0,2419;2,1617;2,4469;6,6801
-0,0417;-0,0054;2,1878;2,1882;6,7359
0,0393;0,0085;0,6470;0,6483;6,8002
0,0200;0,0203;-0,1923;0,1944;6,8559
1,1295;-0,5726;5,3133;5,4621;6,9160
0,7432;-0,0644;1,8183;1,9654;6,9786
-0,6465;-0,1423;0,9467;1,1552;7,0355
0,0678;0,0159;0,5992;0,6032;7,0954
0,3056;0,1542;0,0869;0,3531;7,1559
0,1716;-0,1147;0,7288;0,7574;7,2159
0,5169;-0,0090;1,3826;1,4761;7,2748
0,3156;0,0159;0,9543;1,0052;7,3357
0,1635;0,0127;0,2838;0,3278;7,3994
0,0727;0,1486;0,6033;0,6256;7,4561
0,6229;-0,0483;0,0696;0,6286;7,5160
0,4876;-0,0103;1,4124;1,4942;7,5757
0,0434;-0,0259;2,5551;2,5556;7,6353
0,1318;0,0325;0,2992;0,3286;7,6954
0,3075;0,0581;0,2055;0,3744;7,7558
-0,6512;-0,1023;1,5610;1,6945;7,8161
0,6851;-0,0322;1,4490;1,6031;7,8757
0,5338;-0,0793;2,1312;2,1984;7,9357
0,1381;0,0322;0,3261;0,3556;8,0000
0,0713;-0,0403;-0,4891;0,4959;8,0558
0,7471;-0,2363;2,9817;3,0830;8,1156
1,0514;-0,2323;1,7719;2,0734;8,1769
0,3124;0,0520;3,1384;3,1544;8,2350
0,0566;0,0166;0,6560;0,6587;8,2957
0,0466;-0,0161;-0,3893;0,3924;8,3595
0,2189;0,0039;1,1705;1,1908;8,4195
0,2516;-0,1665;2,6718;2,6888;8,4757
0,3148;0,0112;0,0991;0,3303;8,5363
-0,0378;-0,0100;0,8325;0,8334;8,5997
-0,4606;0,0783;1,1661;1,2562;8,6550
0,7612;-0,2201;1,2452;1,4760;8,7158
1,5264;0,0483;2,3462;2,7994;8,7755
0,3666;0,1545;-0,2009;0,4456;8,8350
-0,0708;-0,0425;-0,0430;0,0930;8,8949
0,1318;-0,4327;2,5070;2,5475;8,9565
0,4479;-0,0412;1,3497;1,4226;9,0153
0,0491;-0,0620;1,2098;1,2124;9,0756
0,1174;-0,0161;0,7410;0,7504;9,1380
0,0896;-0,1928;1,2179;1,2363;9,1956
0,1384;0,0478;1,0729;1,0829;9,2548
0,1772;-0,1147;0,9792;1,0017;9,3184
0,1767;-0,1049;0,9614;0,9831;9,3783
0,2265;-0,1198;1,1290;1,1578;9,4355
0,1843;0,0598;0,8349;0,8571;9,4969
0,2929;-0,1093;0,8113;0,8694;9,5565
0,2782;0,0347;1,0419;1,0790;9,6161
0,4069;-0,2492;2,5339;2,5784;9,6758
0,2614;0,0383;0,0737;0,2743;9,7360
0,1223;0,0930;0,1586;0,2208;9,7980
0,8003;-1,1112;7,0710;7,2024;9,8549
0,9389;-0,1740;2,3274;2,5157;9,9153
-1,0744;-0,0798;-4,0722;4,2123;9,9753
0,0713;0,0332;0,4034;0,4110;10,0355
0,6812;0,0085;0,8132;1,0609;10,0996
0,7393;-0,1191;1,5010;1,6774;10,1548
0,8076;-0,0142;3,5912;3,6809;10,2177
0,0730;0,0781;0,1818;0,2109;10,2771
0,0744;0,0908;0,3524;0,3715;10,3353
0,3395;-0,1174;3,0154;3,0367;10,3964
0,6929;-0,1867;1,7016;1,8467;10,4588
-2,0919;0,3805;-4,5911;5,0595;10,5164
0,0420;0,0495;0,5875;0,5910;10,5779
0,0376;0,0073;0,7251;0,7261;10,6402
0,1899;-0,3519;1,1688;1,2353;10,7011
0,1818;-0,1938;2,4777;2,4920;10,7590
0,1023;0,0422;0,4937;0,5060;10,8165
0,1740;-0,0139;1,0151;1,0300;10,8762
1,1054;-0,0966;2,4795;2,7164;10,9357
0,7373;-0,0193;1,3636;1,5503;10,9959
0,3695;-0,0852;0,5111;0,6364;11,0596
-0,0410;-0,0205;0,3954;0,3980;11,1169
0,0249;-0,0310;0,4606;0,4623;11,1759
0,8701;-0,0427;1,6089;1,8296;11,2381
-1,4561;0,2507;0,8960;1,7279;11,2954
0,0369;-0,0286;0,3288;0,3320;11,3560
0,0422;-0,0171;0,9379;0,9390;11,4154
-0,0959;-0,0298;0,9309;0,9363;11,4752
0,6385;0,0315;1,8776;1,9834;11,5365
0,1674;-0,1560;4,3343;4,3404;11,5956
-0,0332;-0,0124;0,1735;0,1771;11,6556
-0,0483;-0,0903;0,3253;0,3411;11,7197
-0,0093;0,2853;4,4386;4,4477;11,7756
-0,0864;0,2233;2,6400;2,6509;11,8364
0,1852;0,0312;0,8918;0,9114;11,8982
-0,0945;-0,0166;0,8935;0,8987;11,9551
-0,4581;0,0691;1,1676;1,2562;12,0157
0,2665;-0,0120;2,0191;2,0367;12,0793
-0,1132;0,0217;1,4146;1,4193;12,1388
-0,0854;-0,0185;0,5980;0,6043;12,1981
-0,0971;0,0351;-0,4256;0,4380;12,2596
0,2670;-0,0771;2,4321;2,4479;12,3158
0,2458;-0,2594;3,4804;3,4987;12,3750
0,2792;0,0637;0,1076;0,3059;12,4382
0,1884;0,1120;0,1701;0,2775;12,4950
0,4410;-0,2209;3,5646;3,5985;12,5554
0,7749;-0,2153;2,7377;2,8534;12,6187
-0,5479;0,0676;-5,1942;5,2234;12,6756
-0,1774;0,0098;0,8086;0,8279;12,7351
-0,7056;0,2158;1,1081;1,3312;12,7970
0,4122;-0,0971;1,8500;1,8979;12,8553
0,2936;0,0351;3,6158;3,6279;12,9150
0,0037;0,0315;0,5108;0,5118;12,9799
-0,4789;0,0896;-0,5550;0,7385;13,0350
0,1669;-0,0949;2,7174;2,7242;13,0955
0,2734;-0,1865;3,1977;3,2148;13,1557
0,3022;0,0078;0,3536;0,4652;13,2185
-0,1628;0,0254;0,8474;0,8633;13,2754
-0,4398;0,1128;2,7982;2,8348;13,3357
0,6387;-0,1357;2,4865;2,5708;13,3953
-0,8286;0,3471;-5,8007;5,8698;13,4549
0,2284;0,0598;0,0610;0,2439;13,5169
1,6775;-0,0049;1,6452;2,3496;13,5748
0,8191;-0,2731;3,8555;3,9510;13,6356
0,8330;0,0678;-0,4667;0,9572;13,6998
0,4998;-0,0808;-0,3888;0,6384;13,7550
1,2140;-0,2572;2,6078;2,8880;13,8152
0,9211;-0,4579;3,5389;3,6854;13,8753
0,5174;0,0288;-1,2899;1,3901;13,9346
0,2187;0,2040;-0,2963;0,4210;13,9952
1,1976;-0,4259;3,1653;3,4110;14,0556
1,0231;-0,4981;3,7086;3,8792;14,1167
0,6641;0,0222;-0,1738;0,6868;14,1747
0,1757;0,1857;-0,2175;0,3357;14,2354
1,0524;-0,3986;3,4801;3,6575;14,2986
0,4649;-0,3578;3,9170;3,9607;14,3563
0,5304;0,1555;0,0259;0,5533;14,4145
-1,3614;-0,1657;1,1764;1,8069;14,4783
0,0093;-0,0730;1,8546;1,8561;14,5378
-0,6563;0,5567;2,4565;2,6029;14,5962
0,3610;0,1357;0,2755;0,4740;14,6587
-0,4483;-0,2099;0,5013;0,7045;14,7151
0,2970;-0,1896;1,8354;1,8689;14,7774
-0,0586;-0,0022;1,2206;1,2220;14,8359
0,2126;0,0527;0,6731;0,7079;14,8946
-0,0637;-0,3153;1,3904;1,4272;14,9572
0,0393;-0,1660;1,3258;1,3367;15,0149
0,0932;0,0181;0,9504;0,9551;15,0757
-0,0979;-0,0744;0,8259;0,8350;15,1342
0,0779;-0,0761;0,9765;0,9826;15,1940
0,1357;-0,0964;0,9982;1,0120;15,2546
0,1586;0,1855;1,0834;1,1106;15,3149
0,0822;-0,1001;1,1327;1,1401;15,3774
0,5469;-0,2277;2,1180;2,1993;15,4350
0,2807;0,0698;0,4283;0,5168;15,4947
-0,0027;0,1525;0,5923;0,6117;15,5547
0,0642;-0,2270;2,1707;2,1835;15,6207
0,2741;-0,0593;1,1905;1,2231;15,6755
0,1103;-0,0852;2,1592;2,1637;15,7344
0,3829;0,0918;0,0737;0,4006;15,7967
-0,0984;0,1145;-0,7913;0,8055;15,8567
-0,2719;-0,1943;1,7192;1,7514;15,9183
1,2574;-0,3229;2,6205;2,9245;15,9749
-1,6801;0,4371;-1,7751;2,4829;16,0373
0,3185;0,0940;0,4911;0,5928;16,0942
-0,0822;-0,1511;0,8371;0,8546;16,1551
0,5538;-0,1630;1,4283;1,5405;16,2157
0,4427;0,0674;2,1248;2,1715;16,2762
0,5648;0,0242;-0,0002;0,5653;16,3348
0,2526;0,0430;0,5804;0,6344;16,3984
-0,2587;-0,2499;0,2875;0,4605;16,4568
0,5096;-0,2216;1,4168;1,5219;16,5147
0,5950;-0,1247;2,5937;2,6640;16,5756
0,2436;0,0786;0,0425;0,2594;16,6354
-0,0339;0,1977;-0,2953;0,3570;16,6995
0,9675;-1,1608;7,1408;7,2990;16,7554
0,7754;-0,3175;2,0767;2,2394;16,8153
-0,1093;0,0503;0,6028;0,6147;16,8799
0,1006;0,0742;0,3590;0,3801;16,9421
-0,3200;-0,0503;1,8027;1,8315;16,9955
0,4828;-0,1040;1,6579;1,7299;17,0574
-0,4093;-0,1359;1,2320;1,3053;17,1185
0,2909;0,1062;0,2345;0,3885;17,1752
0,1699;0,1852;1,0614;1,0908;17,2415
0,6414;-0,1125;1,5103;1,6447;17,2956
0,0639;-0,0535;1,6750;1,6771;17,3562
0,4130;0,1010;0,0945;0,4355;17,4186
-0,0598;-0,0217;1,2948;1,2963;17,4756
0,3522;-0,1159;1,6228;1,6646;17,5363
0,2487;0,1113;1,2467;1,2761;17,5977
0,4095;0,1379;0,1118;0,4464;17,6555
0,0181;0,1996;0,7705;0,7962;17,7201
0,5567;-0,2331;1,3311;1,4616;17,7783
0,4198;-0,2350;2,2286;2,2799;17,8359
0,2187;0,0920;0,2882;0,3733;17,8955
-0,3434;-0,1762;-0,9511;1,0265;17,9554
0,3973;-0,2668;2,0819;2,1362;18,0148
-0,6358;0,6768;1,7204;1,9550;18,0750
0,2116;0,0879;0,3249;0,3975;18,1389
-0,3166;0,1438;-0,3085;0,4648;18,1970
0,8474;-0,4278;3,5455;3,6704;18,2555
1,0182;-0,4415;2,6352;2,8593;18,3180
-1,9152;0,4476;-2,5776;3,2422;18,3767
0,1164;0,0391;0,2902;0,3151;18,4355
0,4210;-0,1567;1,9918;2,0418;18,4956
0,2721;-0,1262;1,4424;1,4733;18,5551
0,2648;0,0076;1,5144;1,5374;18,6170
0,1630;0,0425;0,4749;0,5039;18,6779
0,1377;0,0486;0,6526;0,6688;18,7356
0,5279;-0,1110;1,5254;1,6180;18,7973
0,4105;-0,1401;1,8468;1,8971;18,8558
0,2939;0,1047;0,0029;0,3120;18,9148
0,2560;0,1560;-1,1559;1,1941;18,9751
1,1752;-0,4415;4,0503;4,2403;19,0344
0,9465;-0,5772;2,3320;2,5821;19,0948
-0,5982;0,1743;-0,4864;0,7905;19,1547
0,4518;0,0818;0,2709;0,5331;19,2165
-0,4144;0,0808;0,3019;0,5191;19,2750
0,3917;-0,1745;1,4507;1,5128;19,3348
0,1286;-0,0268;1,9359;1,9404;19,3950
0,5877;0,1435;0,2035;0,6383;19,4548
0,3490;0,0752;-0,6036;0,7013;19,5159
0,8022;-0,3827;5,0373;5,1151;19,5751
0,2777;-0,0549;1,2982;1,3287;19,6348
0,5245;-0,1830;2,2137;2,2823;19,6974
0,5189;0,0930;0,0203;0,5275;19,7541
-0,3578;0,1455;-0,7754;0,8663;19,8189
0,0100;0,0195;1,4527;1,4528;19,8750
1,1805;-0,2360;2,3752;2,6629;19,9352
-0,3034;-0,1767;1,1105;1,1647;19,9979
0,2311;0,0305;0,3851;0,4502;20,0589
-0,1440;0,0005;0,0371;0,1487;20,1148
0,1957;-0,1318;1,7626;1,7784;20,1777
0,1877;-0,0669;1,8229;1,8338;20,2348
0,3249;0,1247;0,0051;0,3480;20,2979
-0,2055;-0,2514;0,3798;0,4996;20,3553
0,3803;-0,1394;1,5994;1,6498;20,4157
0,5233;0,1452;1,9240;1,9991;20,4777
0,1499;0,1030;0,5435;0,5731;20,5343
0,1040;0,3219;-0,2406;0,4152;20,5942
0,9475;-0,2829;3,8221;3,9479;20,6549
0,4986;-0,1411;1,5889;1,6712;20,7199
0,1921;-0,1157;1,5564;1,5725;20,7745
0,4188;0,1125;0,2428;0,4970;20,8350
0,2121;-0,2470;0,8101;0,8730;20,8944
0,5335;-0,0356;1,2962;1,4022;20,9542
0,3004;-0,1189;1,9174;1,9444;21,0166
0,3000;0,0844;0,1274;0,3367;21,0747
-0,0569;-0,1708;0,1340;0,2244;21,1368
0,6331;-0,0415;2,6740;2,7482;21,1941
0,2895;-0,1852;1,9122;1,9429;21,2568
0,1708;0,0559;0,3087;0,3573;21,3153
0,0049;-0,0544;0,7136;0,7157;21,3754
0,1643;-0,0986;1,1247;1,1409;21,4378
0,1645;-0,1662;1,0241;1,0505;21,4945
0,1652;-0,1440;0,9401;0,9653;21,5548
0,1894;-0,0405;0,8066;0,8296;21,6146
0,3036;-0,1416;1,0917;1,1419;21,6738
0,2453;-0,1279;1,0548;1,0905;21,7330
0,2145;-0,1130;0,9907;1,0199;21,7951
0,2743;-0,1196;0,9816;1,0262;21,8539
0,2045;-0,1440;0,9577;0,9898;21,9138
0,2799;-0,0783;0,8044;0,8554;21,9731
0,3297;-0,0779;0,9890;1,0454;22,0338
0,3395;-0,0886;0,9911;1,0514;22,0939
0,3795;-0,0600;0,8601;0,9420;22,1534
0,3812;-0,0818;1,1032;1,1700;22,2134
0,4688;-0,1196;1,6269;1,6974;22,2736
-1,5557;0,1533;-2,4397;2,8975;22,3339
0,3007;0,0432;0,5667;0,6430;22,3933
0,2731;-0,1940;1,0719;1,1231;22,4534
0,2777;-0,0632;1,5105;1,5371;22,5136
0,1782;-0,1274;0,2470;0,3301;22,5735
0,3480;-0,0005;0,4225;0,5474;22,6350
0,2799;-0,1748;1,9262;1,9542;22,6983
0,3361;-0,0859;1,3821;1,4250;22,7545
-0,5399;0,1030;-1,5261;1,6221;22,8149
0,1254;0,0303;0,3803;0,4016;22,8743
0,4386;-0,1069;0,1147;0,4658;22,9339
0,4654;-0,1162;1,5518;1,6242;22,9936
0,5037;0,0349;1,8039;1,8732;23,0538
0,1586;-0,0059;-0,1696;0,2323;23,1194
-0,2255;-0,0412;0,0215;0,2303;23,1738
0,4042;-0,1137;1,5681;1,6234;23,2339
0,4127;-0,4012;2,7260;2,7861;23,2964
0,3573;0,0427;-0,0439;0,3625;23,3547
-0,6443;-0,0266;-0,4649;0,7950;23,4142
0,4176;-0,0998;2,1783;2,2202;23,4772
-0,0644;0,0893;2,7552;2,7574;23,5393
0,4381;0,1067;0,3405;0,5650;23,5936
0,0749;-0,0225;-0,3170;0,3265;23,6543
0,6397;-0,1110;2,5136;2,5961;23,7137
0,7515;-0,2982;2,9732;3,0812;23,7733
-0,0041;-0,0115;0,0115;0,0167;23,8341
0,3212;0,0461;0,3388;0,4691;23,8939
0,7525;-0,0471;4,0651;4,1345;23,9611
0,9587;-0,1235;1,9674;2,1920;24,0148
-0,5579;0,1420;-1,7907;1,8810;24,0756
0,1525;-0,0085;0,5723;0,5924;24,1337
0,7537;-0,0947;1,8756;2,0236;24,1938
0,2321;-0,0329;1,5950;1,6121;24,2533
-1,9000;0,3605;-4,3387;4,7502;24,3138
0,4420;0,0327;0,0447;0,4455;24,3773
-0,3986;-0,1167;3,0164;3,0448;24,4337
0,2104;-0,0874;1,3792;1,3979;24,4935
0,2172;0,0647;1,1630;1,1848;24,5575
0,2614;-0,0254;0,3022;0,4003;24,6144
0,9985;-0,1303;0,5989;1,1716;24,6744
0,3158;-0,0503;1,5354;1,5684;24,7350
0,0632;0,0801;1,0339;1,0389;24,7957
0,2533;0,0051;0,2187;0,3347;24,8547
-0,0076;-0,1823;1,2020;1,2158;24,9134
0,4984;-0,0356;1,1988;1,2988;24,9738
0,2192;0,0422;1,6975;1,7121;25,0366
0,3456;0,0305;0,2148;0,4080;25,0931
0,2726;-0,1079;0,3493;0,4560;25,1535
0,6146;-0,1254;1,2442;1,3934;25,2185
-0,9135;-0,1276;1,1312;1,4596;25,2759
0,3163;0,0632;0,2516;0,4091;25,3335
-0,3022;-0,0720;-0,4142;0,5177;25,3965
0,5269;-0,0971;1,6389;1,7243;25,4541
0,5260;-0,2233;1,3411;1,4578;25,5126
0,2214;-0,0017;0,6370;0,6744;25,5733
-0,3302;0,0073;-0,1391;0,3584;25,6387
0,5462;-0,3139;2,6996;2,7721;25,6930
0,2280;-0,1518;2,8653;2,8784;25,7539
0,3558;0,0542;0,3295;0,4880;25,8171
-1,3094;-0,0769;0,3846;1,3669;25,8743
0,3454;-0,0588;1,4092;1,4521;25,9326
-0,5623;0,3515;2,4646;2,5522;25,9959
0,2880;0,0120;0,4386;0,5248;26,0533
-0,4976;0,0144;-0,0359;0,4991;26,1139
0,0652;-0,0681;1,6687;1,6713;26,1736
0,9494;-0,4925;3,4694;3,6305;26,2335
0,5008;0,0632;-0,2018;0,5437;26,2976
0,1860;0,1779;-1,3873;1,4109;26,3528
-0,1037;-0,1257;1,5452;1,5537;26,4132
1,1137;-0,4171;2,5178;2,7845;26,4766
0,0561;0,2028;-1,2874;1,3045;26,5328
0,1225;0,3368;-0,6709;0,7607;26,5932
1,1725;-0,1809;2,7367;2,9828;26,6563
1,2689;-0,4496;2,6086;2,9354;26,7173
0,3314;0,0400;-1,0107;1,0644;26,7728
-0,0369;0,4005;-0,3771;0,5513;26,8349
0,9013;-0,2104;2,9742;3,1149;26,8977
0,9890;-0,3219;2,6056;2,8055;26,9525
-1,0634;0,5894;-3,5011;3,7062;27,0139
0,0893;0,2958;-0,5679;0,6466;27,0734
1,0285;-0,1481;2,6359;2,8333;27,1329
0,4061;-0,2734;2,2339;2,2869;27,1953
-1,2491;0,4830;-2,9759;3,2634;27,2534
0,1655;0,3942;-0,9011;0,9973;27,3132
1,1159;-0,3000;3,5175;3,7024;27,3723
1,0053;-0,3229;2,5500;2,7600;27,4324
-0,9421;0,2743;-3,4030;3,5416;27,4937
0,1552;0,2724;-0,5643;0,6455;27,5521
0,9833;-0,0735;3,7366;3,8646;27,6141
0,4523;-0,1921;2,0848;2,1419;27,6736
-0,2575;0,1145;-0,3290;0,4332;27,7333
0,1423;0,0237;0,7251;0,7393;27,7963
0,7158;-0,1667;2,2105;2,3295;27,8519
0,7615;-0,1545;2,2290;2,3606;27,9141
0,5867;0,0093;-2,0111;2,0950;27,9741
0,2399;0,3824;-0,1711;0,4828;28,0319
1,0924;-0,2738;3,9155;4,0743;28,0925
0,9174;-0,3834;2,7145;2,8909;28,1570
0,7383;0,1377;-1,3045;1,5053;28,2138
0,4259;0,2868;-0,5306;0,7383;28,2725
1,9183;-0,3000;3,3002;3,8291;28,3321
0,2250;-0,1377;1,8620;1,8806;28,3969
0,4640;0,0071;-1,3216;1,4007;28,4519
0,4154;0,3266;-0,5172;0,7394;28,5120
1,2455;-0,1582;3,2878;3,5193;28,5780
0,0220;-0,1049;1,8122;1,8153;28,6369
-1,8319;0,2812;-4,4212;4,7940;28,6934
0,1594;0,0554;0,5550;0,5801;28,7526
0,6626;-0,0078;3,0367;3,1081;28,8149
0,8935;-0,1708;2,3242;2,4959;28,8725
-1,8119;0,6529;-5,3018;5,6408;28,9319
0,1308;0,0408;0,6089;0,6242;28,9919
0,7534;0,0725;3,8684;3,9418;29,0522
0,9675;-0,1291;2,4873;2,6719;29,1126
-1,7009;0,0991;-4,2150;4,5463;29,1721
0,1552;0,0068;0,7817;0,7970;29,2380
0,4596;-0,1467;2,5951;2,6396;29,2952
0,9370;-0,1220;2,6105;2,7763;29,3522
-1,4400;0,0071;-5,9183;6,0910;29,4132
0,1601;0,0547;0,5555;0,5807;29,4740
0,2751;-0,0940;1,3211;1,3527;29,5318
0,5692;-0,1115;2,1085;2,1868;29,5922
0,1640;0,0076;0,8986;0,9135;29,6527
0,0505;0,0066;0,8225;0,8241;29,7272
0,7354;-0,0652;1,1139;1,3363;29,7722
0,2426;-0,1067;1,7912;1,8107;29,8335
0,6731;0,0788;1,1615;1,3448;29,8932
0,1799;-0,0024;0,7783;0,7988;29,9529
0,7324;-0,0466;1,1761;1,3863;30,0141
-0,0195;-0,0835;1,6343;1,6365;30,0733
0,2294;0,1047;1,3904;1,4131;30,1327
0,2621;0,0481;0,5716;0,6307;30,1961
0,1369;-0,1154;1,3446;1,3564;30,2524
0,2670;-0,0991;1,5476;1,5736;30,3141
-2,9212;0,6519;-5,1937;5,9944;30,3768
0,1806;0,0107;0,4681;0,5019;30,4411
0,5767;-0,0544;2,4582;2,5256;30,4928
0,6521;-0,0581;1,8771;1,9880;30,5579
-1,3985;0,2094;-3,1314;3,4358;30,6132
0,1616;-0,0373;0,8125;0,8292;30,6735
0,3246;-0,1164;1,0983;1,1512;30,7363
0,1032;-0,1118;1,4292;1,4373;30,7924
0,0644;0,0976;0,6382;0,6489;30,8528
0,1608;-0,0103;0,6290;0,6493;30,9156
0,1779;-0,1196;2,4936;2,5028;30,9742
0,2201;-0,0515;1,5554;1,5718;31,0333
-1,6491;0,3002;-3,6917;4,0545;31,0924
0,2899;0,0527;0,0486;0,2987;31,1555
0,7134;-0,2719;2,2476;2,3737;31,2120
0,7754;-0,0539;2,0084;2,1536;31,2739
-3,0471;0,0161;-6,3801;7,0704;31,3329
0,2077;-0,0276;0,7232;0,7529;31,3921
0,5372;-0,1037;2,1768;2,2445;31,4523
0,7996;-0,0810;1,8834;2,0477;31,5149
-2,0938;0,2304;-3,5965;4,1680;31,5747
0,4203;0,1330;-0,2616;0,5126;31,6336
1,1073;-0,2663;3,4960;3,6768;31,6937
0,6846;-0,2912;2,1507;2,2757;31,7558
-0,1272;0,1396;-3,3439;3,3493;31,8147
0,2441;0,4632;-0,1777;0,5529;31,8738
1,0153;-0,1555;2,4763;2,6809;31,9336
0,1606;-0,0991;1,4517;1,4639;31,9932
-0,9284;0,1074;-2,0726;2,2736;32,0533
0,3061;0,1826;-0,4281;0,5570;32,1140
0,6914;-0,1257;2,0538;2,1707;32,1778
0,8713;-0,2521;2,5207;2,6789;32,2337
0,8020;0,1564;-0,5079;0,9621;32,2938
0,3395;0,1923;-0,4742;0,6141;32,3541
1,1488;-0,2175;3,9126;4,0836;32,4170
0,9899;-0,3400;2,1073;2,3529;32,4731
-2,2005;0,9438;-3,9597;4,6273;32,5338
0,2389;0,0134;0,4281;0,4904;32,5964
0,6712;-0,0825;1,5749;1,7140;32,6539
0,5228;0,0027;1,5613;1,6465;32,7164
-0,3317;0,0278;-0,4820;0,5858;32,7748
0,2323;-0,0388;0,6104;0,6543;32,8361
0,4254;-0,1054;1,4688;1,5328;32,8945
0,2446;0,0459;1,5920;1,6114;32,9537
0,4032;0,0249;0,6600;0,7738;33,0160
0,1852;-0,0588;0,2790;0,3400;33,0738
0,7634;-0,3849;0,5472;1,0151;33,1345
0,3966;-0,0415;1,4637;1,5170;33,1940
0,3446;-0,0552;0,9799;1,0402;33,2538
0,2507;-0,0166;0,3105;0,3994;33,3160
-0,2553;-0,2489;2,1890;2,2179;33,3772
0,6033;-0,0447;1,3126;1,4453;33,4395
0,0688;0,1169;1,2718;1,2790;33,4937
0,1486;0,0481;0,4452;0,4718;33,5544
0,0766;-0,0866;0,0017;0,1157;33,6131
0,3939;0,1691;1,2552;1,3264;33,6736
0,2851;0,1030;2,0982;2,1200;33,7369
0,1218;0,0093;0,3861;0,4050;33,7984
-0,3529;-0,0515;0,9111;0,9784;33,8557
0,5152;0,1267;1,5049;1,5957;33,9171
-0,2326;0,0473;1,8981;1,9129;33,9752
-0,9250;0,1294;-2,1373;2,3324;34,0340
0,3483;-0,0386;0,6292;0,7202;34,0936
0,3598;-0,1045;2,7997;2,8246;34,1536
0,3988;0,1089;1,4187;1,4777;34,2136
-1,7712;0,0488;-4,9394;5,2476;34,2740
0,3185;0,1313;-0,3873;0,5184;34,3342
1,1491;-0,3336;4,7312;4,8801;34,3935
0,8301;-0,0705;1,9852;2,1529;34,4533
0,3161;-0,0210;0,2875;0,4278;34,5158
0,3400;0,0210;0,4903;0,5970;34,5733
0,3473;-0,0437;0,7495;0,8272;34,6326
0,3702;-0,0964;1,4331;1,4833;34,6956
0,3839;-0,0708;1,4571;1,5085;34,7540
0,3561;0,0449;0,2963;0,4654;34,8139
-0,0639;-0,0088;1,1866;1,1884;34,8755
0,5948;-0,0234;1,9066;1,9974;34,9370
0,5604;-0,0207;1,6604;1,7525;34,9924
0,2563;-0,0017;0,3339;0,4209;35,0549
-0,0422;-0,0110;0,7400;0,7413;35,1164
0,7210;-0,0725;1,9340;2,0653;35,1730
0,6853;-0,2585;2,7267;2,8234;35,2325
0,3014;0,0615;0,2575;0,4012;35,2977
-0,4147;0,0300;0,9872;1,0712;35,3523
2,1170;-0,7834;4,6167;5,1390;35,4134
0,4388;-0,1381;1,6269;1,6907;35,4743
0,2065;0,2150;-0,8457;0,8967;35,5323
0,3751;-0,0139;0,6133;0,7191;35,5930
0,3097;-0,0993;0,1220;0,3474;35,6526
0,2821;-0,0930;1,4302;1,4607;35,7177
0,3624;-0,1799;1,3594;1,4184;35,7771
0,4300;-0,0002;0,3087;0,5294;35,8363
1,1859;0,2089;3,0706;3,2983;35,8929
0,2629;-0,0718;1,5454;1,5693;35,9585
0,3026;-0,1918;1,5671;1,6076;36,0144
0,4823;0,0715;0,2799;0,5622;36,0736
-0,2487;-0,0447;0,5872;0,6393;36,1325
0,2179;-0,0605;1,4478;1,4654;36,1973
0,4967;-0,1084;1,6782;1,7535;36,2528
0,5452;0,0779;0,1235;0,5644;36,3169
0,2082;0,0412;1,3104;1,3275;36,3719
0,7215;-0,0464;1,2435;1,4384;36,4325
0,4830;0,0388;1,8698;1,9315;36,4920
0,1833;0,0095;0,1469;0,2351;36,5523
0,1618;-0,1250;0,6570;0,6881;36,6169
0,2724;-0,1267;1,4773;1,5076;36,6722
0,2558;-0,1704;1,7607;1,7873;36,7327
0,2287;-0,0139;0,1206;0,2589;36,7985
-0,5626;-0,1186;0,9372;1,0995;36,8520
0,8386;-0,1909;1,5059;1,7342;36,9128
0,2904;0,0293;1,7226;1,7472;36,9727
0,0593;0,0085;0,2477;0,2549;37,0320
-0,2070;-0,0913;0,0161;0,2268;37,0939
0,6002;-0,2726;2,3743;2,4641;37,1522
1,3799;-0,0347;2,2156;2,6104;37,2131
0,0954;0,0166;0,2204;0,2407;37,2720
-0,2485;0,0718;-1,1020;1,1319;37,3317
0,4491;-0,0422;1,8822;1,9355;37,3928
1,2723;-0,1472;2,2979;2,6307;37,4523
0,2624;0,0154;0,1347;0,2953;37,5155
0,1350;-0,1259;0,7263;0,7494;37,5719
0,8557;-0,2504;2,0655;2,2497;37,6327
-0,3493;0,0293;2,2749;2,3018;37,6926
0,3705;0,0596;0,1445;0,4021;37,7543
-0,5945;-0,1953;1,8085;1,9137;37,8115
0,3383;-0,1386;1,6211;1,6618;37,8768
3,1418;-0,0776;2,2478;3,8639;37,9337
0,2138;0,0110;0,3266;0,3905;37,9923
0,0144;0,0068;0,9875;0,9876;38,0522
0,5387;-0,1579;1,5100;1,6110;38,1119
1,4253;-0,5638;1,0971;1,8849;38,1722
0,1423;-0,0949;0,4125;0,4465;38,2316
0,6387;0,0032;0,8781;1,0859;38,2917
0,3632;-0,0735;1,6147;1,6567;38,3575
0,1843;-0,0683;0,8940;0,9154;38,4119
0,1796;-0,0757;1,0141;1,0327;38,4716
0,1855;-0,1460;0,9470;0,9759;38,5361
0,1545;-0,0708;0,9555;0,9705;38,5947
0,2472;-0,1398;0,9543;0,9957;38,6521
0,2414;-0,1308;1,2342;1,2644;38,7167
-0,4205;0,0879;2,1600;2,2023;38,7713
0,1948;0,0539;0,1750;0,2673;38,8342
-0,5282;0,2404;-1,3502;1,4696;38,8918
0,4989;-0,2118;2,2901;2,3533;38,9517
0,3576;-0,2380;2,3494;2,3883;39,0138
-0,0473;-0,0373;0,0391;0,0718;39,0716
-0,9475;0,2355;-0,6294;1,1616;39,1317
0,4728;-0,1296;2,2261;2,2794;39,1914
-0,4122;0,2463;2,1714;2,2239;39,2516
0,5897;0,0613;-0,2568;0,6460;39,3122
-0,8562;0,2153;-0,6263;1,0824;39,3718
1,2147;-0,0259;4,5035;4,6645;39,4349
-1,5737;0,1289;1,1481;1,9523;39,4931
0,5074;0,0788;0,0779;0,5194;39,5515
0,2106;-0,0522;0,9672;0,9913;39,6120
0,2050;-0,0027;2,6435;2,6514;39,6745
0,7024;-0,1611;2,5978;2,6959;39,7321
-0,5369;-0,0015;-1,7888;1,8676;39,7916
0,1652;0,0110;0,8467;0,8627;39,8523
0,7834;-0,1162;2,1861;2,3251;39,9109
-3,5553;0,2140;0,4903;3,5953;39,9742
0,1518;-0,0229;-0,3685;0,3992;40,0330
0,1560;-0,0105;0,8762;0,8900;40,0926
0,4493;0,0200;2,6320;2,6701;40,1527
1,5059;-0,2531;2,8990;3,2766;40,2112
-0,3800;-0,1425;-0,8467;0,9389;40,2717
0,2009;-0,0405;0,7339;0,7620;40,3327
-0,1926;-0,1460;0,6087;0,6549;40,3913
0,2043;-0,0896;1,3948;1,4126;40,4527
-0,4386;-0,1132;-1,5801;1,6437;40,5117
-0,1257;-0,1189;0,8545;0,8718;40,5717
0,9472;-0,1308;3,4362;3,5668;40,6334
0,1728;-0,1176;1,6113;1,6248;40,6913
0,0681;0,0776;-0,0020;0,1033;40,7513
0,2021;-0,0696;0,4903;0,5349;40,8124
0,7732;-0,3102;3,7039;3,7965;40,8707
0,3898;-0,1406;1,5461;1,6007;40,9321
-0,0515;0,0110;0,7981;0,7998;40,9917
0,1516;-0,0369;0,5418;0,5638;41,0513
0,3763;-0,2638;1,3560;1,4318;41,1107
0,2899;-0,0991;1,4900;1,5212;41,1712
0,4969;-0,0469;1,4439;1,5277;41,2383
0,1660;-0,1381;-0,0298;0,2180;41,2928
0,5770;-0,0864;1,7429;1,8379;41,3505
0,3702;-0,1408;1,4405;1,4939;41,4118
0,5955;-0,0225;1,5105;1,6238;41,4726
0,1172;-0,0805;0,4132;0,4370;41,5304
0,3732;-0,4544;2,7823;2,8438;41,5914
0,6966;-0,2055;1,5361;1,6992;41,6547
0,4720;0,0085;0,8264;0,9517;41,7120
0,1738;-0,0254;0,3397;0,3824;41,7719
0,4227;-0,3993;1,0099;1,1654;41,8335
0,3349;0,0051;1,8293;1,8597;41,8917
0,0290;0,0932;1,5076;1,5107;41,9577
0,2031;0,0085;0,5670;0,6023;42,0117
-0,0693;-0,0727;0,5365;0,5458;42,0725
0,2870;-0,2675;1,4605;1,5123;42,1311
0,5225;-0,0456;1,7153;1,7937;42,1914
0,1508;0,0110;0,2280;0,2736;42,2515
0,0932;-0,1765;0,5882;0,6211;42,3123
0,9216;0,0822;2,7826;2,9324;42,3710
-0,7795;0,0879;0,5643;0,9663;42,4314
0,1023;-0,0752;0,0774;0,1486;42,4910
-0,4042;0,0666;-0,3522;0,5402;42,5534
0,7449;-0,1984;2,0396;2,1805;42,6102
0,2809;-0,1230;1,8119;1,8377;42,6711
-0,4742;-0,1455;-0,1333;0,5136;42,7372
-0,6905;0,2797;-1,3258;1,5207;42,7980
0,6888;-0,3578;2,2935;2,4212;42,8522
0,4440;-0,3012;2,9129;2,9619;42,9107
0,2143;0,0271;-0,3239;0,3893;42,9738
-0,4437;0,1901;0,0925;0,4915;43,0320
0,8215;-0,2856;2,7948;2,9270;43,0906
0,0915;-0,1284;2,5383;2,5432;43,1514
0,3209;0,0757;-0,3793;0,5026;43,2115
-0,3334;0,3017;0,3310;0,5583;43,2709
0,8818;-0,4127;3,1223;3,2706;43,3319
0,5450;-0,4139;2,3916;2,4876;43,3912
0,2236;0,1745;-0,7471;0,7991;43,4511
0,1989;-0,0556;0,7273;0,7561;43,5122
0,9528;-0,1535;2,8595;3,0179;43,5788
0,3012;-0,0244;1,2879;1,3229;43,6307
0,1799;0,0400;0,9252;0,9434;43,6911
0,1013;0,0310;0,9606;0,9665;43,7515
0,1418;0,0581;1,0029;1,0145;43,8111
0,2638;0,0710;0,7930;0,8387;43,8703
-0,1867;-0,0786;1,0412;1,0607;43,9304
0,2914;-0,0334;1,0971;1,1356;43,9907
0,3007;-0,0730;1,2674;1,3047;44,0503
0,1850;-0,0061;0,5362;0,5673;44,1106
0,2280;-0,0481;0,4981;0,5499;44,1760
0,6316;-0,1718;1,6286;1,7553;44,2306
1,0012;-0,2040;2,5092;2,7093;44,2914
0,0073;0,0134;1,7094;1,7095;44,3545
0,1411;-0,0239;0,2428;0,2819;44,4116
0,0954;-0,1621;1,1598;1,1749;44,4712
-0,2028;-0,2982;0,6966;0,7844;44,5319
-0,0647;-0,2636;2,4873;2,5020;44,5911
0,2021;0,0198;0,1411;0,2472;44,6515
0,1657;-0,1096;0,9094;0,9308;44,7232
0,4203;-0,4532;2,9734;3,0370;44,7710
0,7935;-0,3854;2,8509;2,9843;44,8310
0,0049;-0,0412;0,0071;0,0421;44,8903
0,0578;-0,0542;0,9484;0,9517;44,9507
0,4320;-0,6360;3,2929;3,3815;45,0103
1,2130;-0,5094;2,8665;3,1540;45,0714
-0,3129;0,1589;-1,0673;1,1235;45,1342
0,0974;-0,1142;0,8279;0,8414;45,1905
0,8520;-0,3598;1,9891;2,1936;45,2505
0,4213;-0,1926;1,6699;1,7329;45,3124
-0,0220;0,2792;-0,9780;1,0173;45,3698
-0,6072;-0,5882;1,7102;1,9077;45,4310
0,0671;0,2106;0,7600;0,7915;45,4915
0,3698;-0,0805;1,7826;1,8224;45,5505
-0,1057;-0,1091;-0,9804;0,9921;45,6102
0,1506;-0,0744;0,7988;0,8163;45,6701
0,3524;-0,0696;2,4397;2,4660;45,7348
0,1110;-0,1169;1,5479;1,5562;45,7901
0,4779;0,1306;0,3795;0,6241;45,8496
0,1355;-0,0254;0,6258;0,6408;45,9099
1,0363;-0,2968;3,1802;3,3579;45,9702
0,2885;-0,1086;1,7787;1,8053;46,0307
0,0452;0,0225;1,4222;1,4231;46,0942
0,0854;-0,0076;0,2446;0,2592;46,1530
-0,1962;0,0464;-0,7183;0,7460;46,2113
0,3017;-0,0925;2,0748;2,0986;46,2702
0,4413;-0,1325;2,0362;2,0877;46,3325
0,3610;0,0976;0,1203;0,3928;46,3901
0,1345;-0,0237;1,1822;1,1901;46,4514
0,6578;-0,1557;2,2605;2,3594;46,5099
0,5816;-0,2799;3,6217;3,6787;46,5709
0,3981;0,1233;0,0549;0,4203;46,6309
-0,9094;-0,1318;1,8495;2,0652;46,6919
1,0029;-0,3417;3,6124;3,7646;46,7549
0,4818;-0,1491;1,6306;1,7068;46,8110
-0,2768;0,1191;-1,3890;1,4213;46,8754
0,1345;-0,0940;0,8147;0,8310;46,9301
0,3737;-0,0264;-0,9157;0,9894;46,9902
0,2448;-0,0764;1,4849;1,5069;47,0556
0,5377;0,0652;-0,2243;0,5862;47,1102
0,1972;-0,0564;0,6458;0,6776;47,1707
1,2359;-0,3837;3,7139;3,9329;47,2303
0,2035;-0,0781;1,7233;1,7371;47,2909
-0,6263;0,0271;-2,0807;2,1730;47,3525
0,3654;0,0093;0,2453;0,4402;47,4116
1,0136;-0,2031;2,3943;2,6079;47,4699
0,4147;-0,0866;1,6194;1,6739;47,5306
0,0720;0,0603;2,1749;2,1769;47,5903
0,1377;0,0037;0,1752;0,2229;47,6507
-0,1159;-0,2177;0,6856;0,7286;47,7099
0,4596;-0,0547;1,9352;1,9898;47,7703
-0,0605;0,1145;2,0121;2,0162;47,8365
0,2614;0,0657;0,2873;0,3939;47,8894
-0,1935;-0,1247;0,4491;0,5047;47,9501
0,3458;-0,1523;1,5850;1,6294;48,0157
0,9977;0,0098;2,4719;2,6657;48,0697
0,3917;0,0754;0,0715;0,4053;48,1320
-0,3917;0,2543;-0,2419;0,5260;48,1898
0,9209;-0,0759;2,4846;2,6508;48,2496
0,8318;-0,0996;2,2439;2,3952;48,3104
0,3122;0,1245;-0,0576;0,3410;48,3721
-0,0591;0,1252;0,9689;0,9788;48,4299
0,2841;-0,3536;1,3299;1,4051;48,4902
0,4447;-0,3536;2,3313;2,3995;48,5531
0,5850;0,1225;-0,2248;0,6386;48,6105
0,2663;-0,0027;0,4847;0,5530;48,6698
0,6075;-0,5023;1,8373;1,9993;48,7312
0,2126;-0,0112;1,4715;1,4868;48,7901
-1,0012;0,6385;-1,5776;1,9746;48,8499
0,1425;-0,0371;1,1234;1,1330;48,9095
0,3180;0,2492;1,3563;1,4152;48,9695
0,3729;-0,1372;1,5447;1,5950;49,0300
-0,3656;-0,0815;0,1494;0,4033;49,0922
0,1662;-0,1091;0,3607;0,4119;49,1493
0,8264;-0,2260;2,1395;2,3046;49,2107
0,4928;-0,0559;1,3953;1,4808;49,2724
-0,2136;-0,0342;0,6578;0,6924;49,3316
0,2338;-0,0034;0,2219;0,3223;49,3903
1,0107;-0,8047;2,0985;2,4643;49,4511
0,2748;-0,1135;1,3917;1,4231;49,5101
-0,4710;0,1374;0,5181;0,7136;49,5701
0,2436;0,0268;-0,1042;0,2663;49,6306
-1,0788;0,2309;-1,9938;2,2786;49,6923
0,2448;-0,1384;1,6638;1,6874;49,7514
2,5117;-0,2138;3,1345;4,0224;49,8121
0,2704;0,0657;-0,0769;0,2887;49,8730
-2,1937;0,4759;-2,4965;3,3573;49,9318
0,1657;-0,0576;1,9789;1,9866;49,9919
0,1779;-0,1350;2,2515;2,2625;50,0500
0,2426;0,0571;0,3961;0,4680;50,1107
-0,1186;0,0256;1,0175;1,0247;50,1698
-0,3803;-0,2067;2,3089;2,3491;50,2304
1,0500;-0,2804;2,3516;2,5905;50,2910
0,5345;-0,0632;0,9426;1,0854;50,3506
0,1682;-0,0952;0,7749;0,7986;50,4130
0,5399;-0,2665;0,1889;0,6310;50,4700
0,2106;0,0002;1,6301;1,6437;50,5310
-0,4322;-0,2343;-1,1161;1,2196;50,5927
0,0881;-0,0295;0,7239;0,7298;50,6494
0,5950;-0,2921;3,5487;3,6101;50,7126
1,0553;-0,4418;2,1939;2,4743;50,7737
-0,8540;0,0725;-2,5893;2,7274;50,8298
0,0791;-0,0801;0,8125;0,8202;50,8935
-0,4174;0,1545;0,9914;1,0867;50,9514
0,0779;-0,1106;1,6967;1,7021;51,0107
-1,3485;0,0930;-2,6149;2,9436;51,0704
0,1052;-0,0132;0,6199;0,6289;51,1320
0,9187;-0,2509;2,5576;2,7291;51,1903
0,3327;-0,1045;1,7931;1,8267;51,2509
-0,3754;0,0761;0,8225;0,9073;51,3102
0,1264;-0,0142;0,4379;0,4560;51,3698
0,9392;-0,0334;0,9487;1,3353;51,4296
0,6870;-0,0913;1,8781;2,0019;51,4902
0,0879;0,0247;1,2089;1,2123;51,5512
0,1206;0,0312;0,3139;0,3377;51,6094
-0,7019;-0,0637;-0,2228;0,7392;51,6703
0,5435;-0,0347;2,0423;2,1137;51,7316
1,8964;-0,2875;2,8624;3,4456;51,7900
0,2597;0,0554;0,2021;0,3337;51,8527
-2,1160;0,5035;-1,9969;2,9528;51,9093
0,6429;-0,2111;2,4387;2,5308;51,9703
1,1134;-0,4103;3,5699;3,7620;52,0349
0,1145;0,0120;-0,1167;0,1639;52,0894
-0,0898;0,0508;0,7683;0,7752;52,1506
-0,0578;-0,3995;0,4664;0,6169;52,2150
1,1259;-0,2104;2,8019;3,0269;52,2730
-0,4091;0,2687;-1,2867;1,3766;52,3296
0,0940;-0,1032;0,9887;0,9985;52,3902
1,1127;-0,0754;2,2505;2,5117;52,4503
0,3405;-0,0603;1,7353;1,7694;52,5098
0,3763;-0,1047;1,0688;1,1379;52,5699
0,1379;0,0073;0,4064;0,4292;52,6302
-0,4903;0,0552;-1,8007;1,8671;52,6919
0,4100;-0,0527;1,4395;1,4977;52,7538
0,2777;-0,1245;2,2347;2,2553;52,8099
0,3595;0,0320;-0,1381;0,3865;52,8696
-0,1989;-0,0486;1,4112;1,4260;52,9292
0,4215;-0,1477;1,5728;1,6349;52,9896
0,2394;-0,1933;1,7424;1,7693;53,0498
0,5596;0,1340;-0,8179;1,0000;53,1103
0,3468;-0,0525;0,6338;0,7244;53,1710
1,0866;0,2975;2,6330;2,8639;53,2302
0,4523;-0,0605;1,4700;1,5392;53,2897
0,3156;-0,0642;1,0653;1,1130;53,3516
0,5377;0,1049;0,2302;0,5942;53,4088
-0,0737;-0,2995;1,2069;1,2457;53,4699
0,4296;0,0051;1,3665;1,4325;53,5296
0,5816;-0,1850;2,5295;2,6021;53,5919
0,3368;0,0561;-0,0896;0,3530;53,6499
-0,3131;-0,0276;0,2948;0,4310;53,7092
-0,8537;0,3910;-2,5578;2,7247;53,7724
0,3200;-0,0427;1,4756;1,5105;53,8293
0,0347;0,0410;0,6055;0,6079;53,8907
0,1574;-0,0227;0,6233;0,6433;53,9493
1,1444;-0,2431;0,3541;1,2224;54,0091
0,4452;-0,0422;1,4356;1,5036;54,0696
0,5330;-0,0537;1,3648;1,4662;54,1339
0,1428;-0,0376;0,4654;0,4883;54,1892
0,7329;0,2780;1,6843;1,8578;54,2497
0,4618;-0,0979;1,5095;1,5816;54,3097
0,0903;0,0334;1,5422;1,5452;54,3694
0,2153;0,0041;0,0268;0,2170;54,4296
-1,4717;0,1025;-1,9071;2,4111;54,4894
0,4186;-0,1240;2,3396;2,3800;54,5498
0,5352;-0,0242;2,3799;2,4394;54,6124
0,2704;-0,0635;0,2565;0,3781;54,6683
0,0305;0,0298;-0,2629;0,2663;54,7291
-0,1320;-0,0908;0,9941;1,0069;54,7902
0,7476;0,1940;1,4563;1,6485;54,8488
0,7381;-0,0083;1,8808;2,0204;54,9097
0,1550;-0,0383;0,2780;0,3206;54,9730
0,6744;-0,1801;2,5756;2,6685;55,0287
0,3932;-0,0139;0,9416;1,0205;55,0893
0,2360;-0,2062;1,5249;1,5568;55,1505
0,1359;-0,0293;0,2790;0,3117;55,2093
-1,3241;0,1215;-1,6323;2,1053;55,2695
0,3412;-0,0530;1,6025;1,6393;55,3285
0,7598;-0,1726;2,1326;2,2705;55,3896
-0,2480;-0,0708;-0,5677;0,6235;55,4518
-0,1176;-0,0159;0,2533;0,2798;55,5110
0,2799;-0,3195;1,8412;1,8896;55,5691
0,7349;-0,0232;2,4912;2,5974;55,6287
0,2358;0,0481;0,3822;0,4516;55,6895
0,0251;-0,0874;0,9379;0,9423;55,7570
0,5357;-0,3278;1,7961;1,9027;55,8088
0,4906;-0,0298;1,3504;1,4371;55,8702
0,4647;0,1364;1,8961;1,9570;55,9312
0,2219;0,0100;0,1499;0,2679;55,9888
-2,2935;0,3585;-2,7338;3,5864;56,0496
0,7298;-0,1591;2,8509;2,9471;56,1169
-0,2026;0,1655;1,3033;1,3293;56,1690
0,3959;0,0293;0,1145;0,4131;56,2290
-0,2385;-0,0110;0,3856;0,4535;56,2897
-0,4400;-0,1604;0,8105;0,9361;56,3503
0,9108;-0,0539;2,8185;2,9625;56,4105
-0,6631;-0,0759;-1,7226;1,8474;56,4690
0,1608;-0,0966;0,4896;0,5243;56,5300
0,3053;-0,1769;1,3582;1,4033;56,5933
0,6329;-0,0718;1,3704;1,5112;56,6505
-0,2001;0,1225;0,7751;0,8099;56,7095
0,2385;-0,0278;0,4720;0,5296;56,7695
1,2484;-0,2599;3,3835;3,6158;56,8306
0,3673;-0,0425;1,6936;1,7335;56,8900
0,5899;-0,2641;1,3236;1,4729;56,9494
0,2829;-0,0044;0,4540;0,5349;57,0100
0,0273;-0,0869;0,8115;0,8166;57,0694
0,3693;0,0142;1,4451;1,4916;57,1303
0,4444;0,0732;2,1358;2,1828;57,1898
0,1769;0,0063;0,3305;0,3749;57,2491
-0,4010;0,1201;-0,4881;0,6430;57,3097
0,2568;-0,2599;2,9371;2,9597;57,3729
0,6131;0,1337;1,8285;1,9332;57,4296
0,1010;0,0144;-0,0290;0,1061;57,4901
-0,6473;-0,1367;1,6003;1,7317;57,5508
0,0273;-0,1245;1,5188;1,5242;57,6139
0,6451;-0,0945;1,9364;2,0432;57,6695
0,1172;0,0447;-0,3041;0,3289;57,7300
0,2424;-0,1135;0,5169;0,5821;57,7905
0,5257;-0,3324;2,9666;3,0311;57,8534
0,5909;-0,0593;1,1969;1,3361;57,9100
0,2292;0,0437;1,3075;1,3281;57,9709
0,1767;-0,0005;0,2734;0,3255;58,0311
-1,5984;0,3898;-2,6147;3,0892;58,0905
0,9721;-0,1970;2,7711;2,9433;58,1526
0,4403;-0,1308;2,1937;2,2412;58,2116
0,0556;-0,0659;-0,1613;0,1829;58,2718
0,1198;-0,0945;0,8259;0,8399;58,3333
-0,5411;0,3698;0,8313;1,0586;58,3921
0,6182;-0,0571;1,2460;1,3921;58,4503
0,1259;-0,0425;1,5108;1,5166;58,5132
0,1721;-0,0276;0,3934;0,4303;58,5702
0,3361;-0,3834;1,2013;1,3050;58,6300
0,2004;-0,1464;1,4856;1,5062;58,6902
0,5345;-0,0735;1,1559;1,2756;58,7539
0,0818;-0,0473;0,1347;0,1646;58,8098
-2,1812;0,7583;-2,3230;3,2755;58,8699
0,7080;-0,2919;3,0672;3,1613;58,9306
0,4244;0,1965;1,9945;2,0486;58,9904
0,1413;-0,0173;0,0398;0,1478;59,0501
0,1735;-0,0988;0,9082;0,9299;59,1114
0,4928;-0,1028;0,8057;0,9500;59,1708
0,4012;-0,0552;1,3155;1,3764;59,2316
0,1887;-0,0056;1,4856;1,4976;59,2902
0,2611;-0,0146;0,2748;0,3794;59,3497
0,6207;-0,3148;1,0985;1,3004;59,4104
0,4859;-0,0884;1,2891;1,3805;59,4701
-0,2775;0,2726;0,5123;0,6433;59,5374
0,2360;-0,0430;0,2519;0,3478;59,5902
-0,7217;0,2677;-0,1962;0,7944;59,6499
0,2399;-0,2694;1,8290;1,8643;59,7107
0,8564;0,0510;1,3455;1,5958;59,7701
0,0046;-0,0041;0,6082;0,6082;59,8296
-0,0149;-0,0713;0,6282;0,6324;59,8897
0,1474;-0,1455;1,9452;1,9562;59,9502
0,5286;-0,0442;0,9038;1,0480;60,0109
0,1816;-0,0486;1,0024;1,0198;60,0743
0,3573;0,0105;1,0295;1,0898;60,1310
0,2260;0,0351;0,9489;0,9761;60,1900
0,3554;0,0422;0,8623;0,9336;60,2497
0,2333;0,0408;0,9062;0,9367;60,3117
0,6116;0,0966;0,7266;0,9546;60,3756
0,3471;-0,0705;0,9946;1,0557;60,4297
0,4210;-0,0542;0,9802;1,0681;60,4909
0,2919;-0,1157;1,0231;1,0702;60,5500
0,5643;-0,4959;2,2185;2,3423;60,6100
0,0910;-0,0884;1,0622;1,0697;60,6705
-0,0166;-0,0200;0,5164;0,5171;60,7310
-0,0093;-0,0832;1,1029;1,1061;60,7898
0,5413;-0,0203;0,8347;0,9951;60,8497
0,6026;0,0952;1,7639;1,8664;60,9107
0,1325;0,0117;-0,1513;0,2015;60,9702
-0,0066;-0,2951;1,1425;1,1800;61,0310
0,2077;-0,3680;2,0270;2,0705;61,1127
0,5079;0,0598;1,4600;1,5470;61,1509
0,3246;-0,1142;-0,1279;0,3671;61,2120
-0,3317;-0,3585;1,2223;1,3163;61,2699
-1,7629;0,3285;-4,0866;4,4627;61,3304
0,5208;0,0901;1,7504;1,8285;61,3903
0,5555;-0,0847;1,9213;2,0018;61,4500
0,0937;-0,0622;0,8816;0,8887;61,5116
-0,1262;-0,0798;0,5057;0,5273;61,5697
0,2668;-0,0342;2,0235;2,0413;61,6305
0,6509;0,1870;2,1038;2,2102;61,6902
-0,0700;-0,0652;0,5365;0,5449;61,7564
0,1418;-0,0661;0,9304;0,9434;61,8122
0,2372;-0,2982;1,7697;1,8103;61,8730
0,6851;0,0283;1,3868;1,5470;61,9304
0,3534;-0,1799;2,3977;2,4303;61,9915
0,0657;-0,0984;0,5445;0,5572;62,0507
0,1896;0,0535;0,1023;0,2220;62,1105
0,5435;0,0334;1,4590;1,5573;62,1717
0,0320;0,1777;1,2411;1,2541;62,2315
0,1003;0,0041;0,5516;0,5606;62,2915
-1,0129;0,0020;-1,6455;1,9322;62,3518
0,2319;-0,0007;1,5313;1,5487;62,4116
0,5755;-0,3573;0,9958;1,2044;62,4720
0,2016;0,0308;0,9309;0,9529;62,5316
-0,6138;0,0918;0,0825;0,6261;62,5905
-0,0542;-0,1269;1,1822;1,1903;62,6507
0,7637;-0,1220;1,7058;1,8729;62,7115
-0,0971;-0,0227;0,2472;0,2666;62,7721
0,0866;-0,0703;0,8591;0,8663;62,8338
0,0308;-0,1040;1,6675;1,6710;62,8903
0,4881;0,0205;1,5220;1,5985;62,9515
0,0373;0,0710;-0,1784;0,1956;63,0107
0,1369;-0,0456;0,7283;0,7425;63,0702
1,0595;-0,2965;3,7410;3,8994;63,1315
0,4030;0,0461;1,8444;1,8885;63,1920
0,3754;0,2136;0,3170;0,5357;63,2520
0,1772;0,0139;0,8032;0,8226;63,3107
0,0281;-0,0403;1,0697;1,0709;63,3703
0,3451;0,1113;1,2159;1,2688;63,4307
0,3583;0,1233;1,3941;1,4447;63,4924
-0,0979;-0,0154;0,1484;0,1784;63,5504
-1,5903;0,2109;-2,3237;2,8237;63,6114
0,4413;0,3312;2,2901;2,3556;63,6762
0,7405;-0,0727;1,7995;1,9472;63,7317
-0,1425;-0,2387;-0,6160;0,6758;63,7913
0,1074;0,0476;0,6504;0,6610;63,8515
-0,3954;-0,2633;0,5709;0,7427;63,9118
1,0627;-0,1625;2,1824;2,4328;63,9718
0,6724;-0,1108;0,7107;0,9846;64,0303
0,1040;0,0293;0,7910;0,7984;64,0912
0,4847;-0,0749;2,2915;2,3434;64,1564
0,8103;-0,0239;2,5668;2,6918;64,2155
0,0337;-0,1101;-0,2033;0,2336;64,2720
0,0588;-0,1591;0,8306;0,8477;64,3324
-0,0366;-0,3053;2,9261;2,9422;64,3921
0,6082;0,0400;1,5527;1,6681;64,4516
0,5892;-0,2450;3,5406;3,5977;64,5117
0,1586;-0,0227;0,4994;0,5244;64,5730
0,2443;0,3190;0,6070;0,7279;64,6324
1,0497;0,1057;1,8163;2,1005;64,6915
0,3502;-0,0178;1,4898;1,5305;64,7598
0,0971;0,0227;0,7730;0,7794;64,8128
0,6121;0,0600;1,0300;1,1996;64,8735
0,9104;0,0459;1,9725;2,1730;64,9338
0,2099;0,1806;2,6508;2,6652;64,9937
0,1823;0,0349;0,3805;0,4234;65,0515
-1,0785;0,4676;-3,7088;3,8906;65,1113
0,8613;0,1391;1,2733;1,5435;65,1706
0,4845;-0,0569;1,9293;1,9900;65,2317
0,1706;-0,0527;0,8083;0,8278;65,2918
0,2414;-0,0637;0,8110;0,8486;65,3535
0,4735;0,0527;1,3502;1,4318;65,4119
0,4061;0,0122;1,0744;1,1486;65,4715
0,1867;-0,0832;1,1686;1,1863;65,5333
0,1181;0,0932;0,2511;0,2928;65,5916
0,1074;0,0356;0,6170;0,6273;65,6512
-1,0087;0,0212;-1,4778;1,7894;65,7145
0,3231;-0,0544;1,4771;1,5130;65,7719
0,6858;-0,0041;2,0860;2,1959;65,8318
0,1274;0,0088;0,4615;0,4789;65,8921
0,2265;-0,0239;0,9279;0,9555;65,9507
0,0632;-0,1774;1,5188;1,5304;66,0116
0,6275;0,0588;2,2159;2,3037;66,0732
0,2995;-0,0530;-0,3925;0,4965;66,1309
0,0683;-0,0278;0,8613;0,8645;66,1913
1,5793;-0,5138;5,0514;5,3174;66,2550
0,5601;-0,0281;1,3719;1,4821;66,3120
0,0334;0,1987;0,0664;0,2121;66,3713
0,1872;-0,0442;0,8332;0,8551;66,4311
0,4742;-0,2489;1,0312;1,1620;66,4948
0,5391;0,0842;1,4881;1,5850;66,5518
0,1674;0,1301;0,9684;0,9914;66,6116
0,1174;0,0156;0,5699;0,5821;66,6714
-1,0221;0,2150;-3,5458;3,6964;66,7415
0,5164;0,0232;1,8276;1,8993;66,7923
0,7974;0,0771;3,8931;3,9746;66,8518
0,1560;0,0085;0,4335;0,4607;66,9114
0,0581;-0,0349;0,6560;0,6595;66,9754
0,3910;-0,0708;1,5728;1,6222;67,0313
0,1525;-0,0915;2,0972;2,1048;67,0939
0,0866;-0,0273;0,6460;0,6524;67,1509
0,0417;-0,0913;0,6287;0,6367;67,2106
0,4010;-0,0613;1,4371;1,4932;67,2725
0,5152;0,2162;1,7936;1,8787;67,3315
0,0461;0,0493;0,1010;0,1215;67,3905
0,2011;-0,0154;0,7629;0,7892;67,4514
0,3497;-0,2863;3,0479;3,0812;67,5109
0,4671;0,0144;1,1388;1,2310;67,5715
0,1350;-0,0554;0,7825;0,7960;67,6326
0,0862;-0,0498;0,9314;0,9367;67,6940
0,1782;-0,0303;1,0434;1,0589;67,7629
0,2372;-0,0185;0,9113;0,9419;67,8112
0,1931;-0,0693;0,9907;1,0117;67,8714
0,2394;-0,0398;0,9645;0,9946;67,9314
0,1023;-0,0796;0,9907;0,9991;67,9914
0,2348;-0,0300;0,9260;0,9558;68,0510
0,2641;-0,0193;0,8218;0,8634;68,1145
0,2311;-0,0386;1,0209;1,0475;68,1713
0,3785;-0,0288;1,0871;1,1514;68,2309
0,2680;-0,0427;0,9699;1,0072;68,2917
0,2851;-0,0286;1,0016;1,0418;68,3526
0,2243;-0,0381;1,0146;1,0398;68,4118
0,2380;-0,0242;0,9604;0,9897;68,4706
0,2590;-0,0173;0,9648;0,9991;68,5307
0,2953;-0,0129;0,9470;0,9920;68,5961
0,2880;-0,0198;0,9540;0,9968;68,6510
0,3161;-0,0183;0,9394;0,9913;68,7105
0,3024;-0,0200;0,9389;0,9866;68,7703
0,3236;-0,0249;0,9592;1,0126;68,8306
0,3024;-0,0373;0,9694;1,0162;68,8977
0,2946;-0,0400;0,9550;1,0002;68,9510
0,2734;-0,0430;0,9868;1,0248;69,0111
0,2760;-0,0405;0,9721;1,0114;69,0725
0,2485;-0,0354;0,9650;0,9971;69,1307
0,2170;-0,0347;0,9765;1,0009;69,1902
0,2145;-0,0288;0,9763;1,0000;69,2512
0,1913;-0,0315;1,0102;1,0286;69,3119
0,1474;-0,0281;0,9785;0,9899;69,3705
0,1416;-0,0498;0,9782;0,9897;69,4386
0,1706;-0,0371;0,9394;0,9555;69,4906
0,0500;-0,0666;1,1168;1,1199;69,5533
0,1879;-0,0059;0,9916;1,0093;69,6099
0,2387;-0,0393;0,9907;1,0198;69,6717
0,1867;-0,0513;1,0080;1,0264;69,7301
0,2516;-0,0222;0,9631;0,9957;69,7906
0,2550;-0,0461;0,9492;0,9839;69,8540
0,2504;-0,0229;0,9670;0,9991;69,9107
0,2170;0,0044;1,0329;1,0554;69,9706
0,2465;-0,0351;1,0239;1,0537;70,0304
0,2424;-0,0742;0,9904;1,0223;70,0903
0,3712;0,0373;0,7471;0,8351;70,1521
0,3046;-0,0185;1,0300;1,0742;70,2106
0,3075;-0,0142;0,9194;0,9696;70,2698
0,3314;-0,0071;0,9567;1,0125;70,3319
0,2914;-0,0217;0,8733;0,9209;70,3928
0,1974;0,0090;1,0358;1,0545;70,4503
0,1586;-0,0447;1,0043;1,0178;70,5103
0,1708;-0,0600;1,0351;1,0508;70,5735
0,2199;-0,0476;0,9641;0,9900;70,6301
0,1826;-0,0537;0,9916;1,0097;70,6907
0,1867;-0,0542;0,9750;0,9942;70,7714
0,1935;-0,0542;0,9680;0,9886;70,8121
0,2075;-0,0513;0,9711;0,9944;70,8720
0,2509;-0,0527;1,0012;1,0335;70,9341
0,1745;-0,0696;1,2008;1,2154;70,9910
0,3153;-0,2507;3,2473;3,2722;71,0630
0,1059;-0,0286;0,3939;0,4089;71,1106
0,4342;-0,2006;-1,1505;1,2460;71,1720
0,3407;-0,1647;2,4040;2,4336;71,2361
0,8669;-0,3468;4,4034;4,5013;71,2922
0,0884;0,0256;0,4701;0,4790;71,3513
-1,9018;0,3449;-4,0127;4,4539;71,4127
0,3824;-0,0805;1,8627;1,9033;71,4715
0,3014;-0,1379;3,8755;3,8897;71,5310
0,0966;0,0066;0,3705;0,3829;71,5911
-0,0754;0,0124;0,6985;0,7027;71,6560
0,3043;-0,3214;1,8483;1,9006;71,7122
0,2475;0,1013;1,4148;1,4399;71,7738
0,1423;0,0483;0,3954;0,4230;71,8325
0,1528;-0,1159;0,6436;0,6716;71,8907
-0,0783;-0,0012;2,0040;2,0055;71,9514
0,7112;0,0268;1,2052;1,3996;72,0112
0,8664;-0,1003;1,3831;1,6352;72,0713
0,1535;-0,0056;0,4835;0,5073;72,1309
0,3815;-0,3383;2,0279;2,0910;72,1906
0,6492;0,0251;1,2450;1,4043;72,2517
0,3973;-0,0142;2,0523;2,0905;72,3109
0,0869;0,0022;0,3258;0,3372;72,3704
-0,3646;0,2275;-1,1857;1,2612;72,4306
0,5665;0,1950;1,9501;2,0400;72,4915
0,0107;-0,2982;3,0198;3,0345;72,5505
0,1294;0,0273;0,4125;0,4331;72,6106
-0,2387;0,1218;0,4440;0,5186;72,6825
0,3854;-0,3297;1,8959;1,9626;72,7324
-0,0798;-0,2055;1,4497;1,4664;72,7907
-0,0478;-0,0154;0,4847;0,4873;72,8511
0,0107;-0,0644;0,8640;0,8665;72,9107
-0,0422;-0,1789;1,7643;1,7739;72,9707
0,5611;-0,0486;1,8742;1,9570;73,0305
0,1176;0,0676;0,3961;0,4187;73,0944
-0,1420;0,0969;0,6568;0,6789;73,1517
0,1555;-0,1096;1,8329;1,8428;73,2116
0,1913;-0,1069;1,7424;1,7561;73,2702
0,0674;0,0437;0,2216;0,2357;73,3303
0,0408;-0,0779;0,9069;0,9112;73,3909
0,2050;0,0193;1,7946;1,8064;73,4514
0,1718;0,0984;1,7019;1,7133;73,5114
0,0183;0,0337;0,3200;0,3223;73,5699
0,0254;-0,1135;0,9848;0,9916;73,6303
0,3483;-0,0422;1,8939;1,9262;73,6905
0,4698;0,1128;1,8512;1,9132;73,7504
-0,0637;-0,0259;-0,0037;0,0689;73,8112
0,0442;-0,1120;1,0107;1,0178;73,8713
0,3161;-0,1367;1,8161;1,8484;73,9336
0,3363;0,1469;1,7338;1,7723;73,9901
-0,1230;-0,0859;-0,5169;0,5383;74,0510
0,1974;-0,0493;0,8591;0,8829;74,1147
0,3585;-0,3558;4,3976;4,4265;74,1703
0,4342;0,0344;1,2464;1,3203;74,2317
-0,4781;0,0166;-2,2151;2,2662;74,2969
0,2860;-0,0110;0,3156;0,4261;74,3532
1,4746;-1,1066;4,0864;4,4830;74,4131
0,4728;0,0312;1,3870;1,4657;74,4706
1,2015;0,0505;1,0810;1,6170;74,5309
0,1101;0,0166;0,5238;0,5355;74,5904
0,3544;-0,3214;0,8484;0,9740;74,6501
0,5296;0,0776;1,6028;1,6898;74,7104
0,0810;0,1953;0,8352;0,8615;74,7716
0,0986;0,0010;0,4361;0,4472;74,8310
0,4149;-0,3810;0,5030;0,7552;74,8901
0,7171;0,0901;1,4873;1,6536;74,9495
0,2221;0,0298;1,5442;1,5604;75,0105
0,0920;0,0090;0,2221;0,2406;75,0700
0,2904;0,0703;-0,2428;0,3851;75,1305
0,5360;0,1081;1,9645;2,0391;75,1940
0,2067;-0,2302;2,9993;3,0152;75,2506
0,0920;0,0398;0,2741;0,2918;75,3103
-1,7902;0,4632;-3,0391;3,5575;75,3704
0,5574;0,1223;2,1968;2,2697;75,4313
0,7237;-0,2990;2,5812;2,6974;75,4918
0,1508;0,1030;0,2799;0,3343;75,5511
-1,1115;0,5552;-1,4851;1,9363;75,6132
0,3463;-0,1733;1,7885;1,8300;75,6711
-0,0434;0,0683;1,3670;1,3694;75,7321
0,1406;-0,0151;-0,5933;0,6099;75,7913
0,8083;0,0386;-0,3949;0,9005;75,8517
0,3368;-0,6270;4,4481;4,5047;75,9104
0,5084;0,0137;1,3446;1,4375;75,9704
-0,1164;0,1401;0,9931;1,0097;76,0342
0,1179;0,0032;0,4020;0,4189;76,0899
0,0256;-0,3834;0,5457;0,6675;76,1505
0,4759;0,0659;1,7612;1,8255;76,2103
0,2614;0,3114;1,1569;1,2262;76,2711
0,2194;0,0620;0,3178;0,3911;76,3315
-0,7622;-0,0796;0,6460;1,0023;76,3902
0,5460;0,1865;1,8739;1,9607;76,4518
-0,3068;0,0286;1,8141;1,8401;76,5099
0,1291;0,0393;0,2773;0,3084;76,5701
0,2241;0,1906;0,6104;0,6776;76,6302
0,4012;-0,0066;2,2657;2,3009;76,6996
0,3310;-0,3153;2,6034;2,6433;76,7506
0,3937;0,1084;0,1604;0,4387;76,8113
-0,6211;0,4850;-2,8014;2,9101;76,8699
0,4664;0,0908;1,7892;1,8513;76,9319
0,2819;0,0261;0,9921;1,0317;76,9901
-0,2670;-0,0993;-0,9689;1,0099;77,0516
-0,1821;0,1186;0,4623;0,5108;77,1141
0,0027;-0,1418;1,5896;1,5959;77,1765
0,3473;-0,3095;2,0475;2,0996;77,2314
0,1289;0,0200;0,4137;0,4338;77,2899
0,1242;-0,0256;1,1254;1,1325;77,3513
0,1965;-0,1225;0,4891;0,5411;77,4102
0,3126;0,0066;1,3089;1,3458;77,4729
0,2321;-0,0447;1,5073;1,5258;77,5289
0,1391;0,1464;0,6556;0,6860;77,5904
0,5013;0,1928;0,4615;0,7082;77,6502
0,0542;-0,0083;1,2889;1,2901;77,7099
0,2673;-0,1845;0,8237;0,8854;77,7757
0,2902;0,0491;0,9704;1,0140;77,8297
0,2775;-0,1674;0,8672;0,9257;77,8902
0,2336;-0,0569;0,9746;1,0038;77,9493
0,1779;-0,0703;0,9357;0,9551;78,0096
0,3522;-0,0351;0,9170;0,9829;78,0726
0,2365;-0,0710;0,9929;1,0231;78,1295
0,4049;-0,0327;0,9165;1,0025;78,1904
0,3742;-0,0405;0,9274;1,0009;78,2497
0,3927;-0,0268;0,9582;1,0359;78,3098
0,3305;-0,0603;1,1505;1,1986;78,3749
-0,1225;-0,1996;2,1302;2,1430;78,4294
0,2648;-0,0029;0,1047;0,2848;78,4899
0,1364;-0,1870;1,3824;1,4016;78,5496
0,7183;0,3344;1,3885;1,5986;78,6188
0,6158;0,0349;2,5319;2,6060;78,6710
0,3219;0,0408;0,3246;0,4590;78,7301
-0,0862;-0,0918;0,4730;0,4895;78,7890
-0,0827;-0,1787;1,3477;1,3620;78,8496
0,7859;0,1355;1,3314;1,5519;78,9110
0,0176;-0,0449;0,2184;0,2237;78,9702
0,1777;-0,0849;0,8245;0,8476;79,0347
0,4444;-0,0986;1,5108;1,5779;79,0925
0,3744;-0,0276;1,1515;1,2111;79,1503
0,2170;0,0266;0,4523;0,5023;79,2107
0,2421;-0,0408;0,5245;0,5791;79,2726
1,2823;-0,3580;4,4622;4,6566;79,3316
0,4325;-0,0674;1,0461;1,1339;79,3934
0,1726;-0,0063;1,3533;1,3643;79,4494
0,3988;-0,0369;-0,0478;0,4033;79,5101
-0,4911;-0,0588;0,6695;0,8323;79,5702
0,4542;-0,0207;1,1876;1,2717;79,6296
0,8025;-0,6563;3,7152;3,8571;79,6932
0,2575;0,0081;-0,0290;0,2592;79,7494
-0,3634;0,1037;-1,2220;1,2791;79,8106
0,3959;-0,1135;1,7922;1,8389;79,8725
0,6621;-0,1289;2,8621;2,9406;79,9299
0,4339;0,0678;0,0308;0,4403;79,9904
-1,0741;0,0830;-0,0888;1,0810;80,0531
0,3915;-0,1001;1,8310;1,8750;80,1101
0,3912;0,1550;1,6770;1,7290;80,1705
0,4713;0,0510;0,3807;0,6080;80,2299
-0,0090;-0,0515;0,5557;0,5582;80,2915
0,4828;-0,1086;1,8786;1,9426;80,3495
0,4693;-0,0998;1,5610;1,6331;80,4104
0,3329;0,0046;0,3458;0,4801;80,4736
0,2529;-0,0417;0,4161;0,4887;80,5297
0,5938;0,0085;1,9611;2,0490;80,5898
0,4020;-0,0434;1,0522;1,1272;80,6539
-0,0771;0,0593;0,5286;0,5375;80,7096
0,1867;-0,0635;0,5018;0,5392;80,7712
1,0268;-0,5531;1,9667;2,2865;80,8313
0,4066;-0,0674;1,3807;1,4409;80,8892
-0,0193;-0,0371;1,3014;1,3020;80,9505
0,0303;-0,1176;0,5496;0,5629;81,0136
0,4554;-0,2182;1,2667;1,3636;81,0699
0,4256;-0,0249;1,4207;1,4833;81,1301
0,4481;-0,1328;1,9242;1,9802;81,1892
0,2148;-0,0190;0,4083;0,4618;81,2506
-0,1259;0,1696;0,0242;0,2126;81,3147
0,3917;-0,1103;1,3748;1,4338;81,3694
0,7822;-0,3092;2,1876;2,3437;81,4296
0,2214;-0,0383;0,3380;0,4059;81,4898
-1,5244;0,4381;-1,2655;2,0291;81,5501
0,3605;-0,1325;1,6638;1,7075;81,6100
0,4047;0,0556;1,1591;1,2289;81,6707
-0,2692;0,0022;0,0412;0,2724;81,7293
0,3417;-0,0847;0,7444;0,8234;81,7970
1,4798;-0,9216;3,4035;3,8240;81,8498
0,3722;-0,0703;1,3651;1,4166;81,9150
0,8386;-0,0439;-1,0636;1,3552;81,9700
0,4044;-0,0268;0,4091;0,5758;82,0299
0,8435;-0,4217;1,7316;1,9718;82,0956
0,3771;-0,0569;1,4366;1,4863;82,1514
0,7381;-0,3527;2,6391;2,7629;82,2099
0,2526;0,0037;0,3322;0,4173;82,2698
-1,9279;0,4137;-2,1502;2,9174;82,3295
0,2507;-0,1364;1,6567;1,6811;82,3899
0,4125;0,1455;1,8398;1,8910;82,4511
0,3524;0,1132;0,4149;0,5560;82,5098
-0,3512;-0,3783;2,0887;2,1515;82,5696
1,1971;0,2299;2,9778;3,2177;82,6292
0,4244;-0,0198;1,3314;1,3975;82,6903
0,1708;-0,1516;-0,1613;0,2796;82,7493
0,3522;-0,0298;0,6060;0,7016;82,8097
0,4813;-0,2162;1,5823;1,6679;82,8695
0,3388;-0,1074;1,5571;1,5972;82,9291
0,3144;0,1089;0,0090;0,3328;82,9894
0,2646;0,0657;0,2487;0,3690;83,0504
0,7078;-0,4454;2,1949;2,3488;83,1097
0,3646;-0,0593;1,3817;1,4302;83,1722
0,7373;0,1948;2,1531;2,2842;83,2296
0,4435;0,0959;0,3022;0,5451;83,2896
0,3844;-0,0412;0,9418;1,0181;83,3492
1,3155;-0,1391;2,8831;3,1721;83,4124
0,5767;0,0205;1,4444;1,5554;83,4699
0,0654;0,0769;0,3178;0,3334;83,5296
0,3275;-0,0910;0,7927;0,8625;83,5897
1,7197;-0,7359;3,0730;3,5975;83,6499
0,4144;-0,0041;1,3485;1,4107;83,7102
-1,6860;0,7459;-3,8928;4,3073;83,7709
0,3212;-0,1118;0,6673;0,7489;83,8296
0,8179;-0,3949;1,7060;1,9327;83,8930
0,5221;0,0471;1,3270;1,4268;83,9531
0,1084;0,1337;0,5579;0,5839;84,0094
-0,0227;-0,0530;0,9875;0,9892;84,0709
1,8058;-0,3639;2,4289;3,0485;84,1290
0,4276;-0,0176;1,5676;1,6250;84,1920
0,2682;0,0000;0,9902;1,0259;84,2486
0,0173;-0,0176;0,8447;0,8451;84,3101
0,5487;0,1052;0,8759;1,0389;84,3695
0,1081;-0,0134;1,0868;1,0923;84,4292
0,2763;0,0532;0,6709;0,7275;84,4915
0,2458;-0,0046;1,0985;1,1257;84,5493
0,1430;-0,0727;1,2564;1,2666;84,6106
0,7771;0,0466;1,0463;1,3042;84,6697
0,7610;0,0710;0,9553;1,2234;84,7296
-0,3410;-0,0525;0,3056;0,4608;84,7897
0,2958;-0,0888;1,3531;1,3879;84,8527
0,2304;0,0832;1,7624;1,7793;84,9088
0,0593;0,0085;0,4850;0,4886;84,9695
0,1647;-0,0334;1,0048;1,0188;85,0330
0,6826;-0,0591;2,2083;2,3122;85,0891
0,3097;0,1647;1,8664;1,8990;85,1495
0,2270;0,0622;0,1296;0,2687;85,2093
0,1640;-0,0486;1,0753;1,0889;85,2690
1,3653;-0,6914;1,7643;2,3356;85,3293
0,4374;0,0010;1,2999;1,3715;85,3889
0,1328;-0,1735;0,1201;0,2493;85,4490
0,2738;-0,0449;0,5616;0,6264;85,5090
0,2150;-0,0779;0,8779;0,9072;85,5692
0,4715;-0,0405;1,4122;1,4894;85,6295
0,5787;0,1582;2,0272;2,1141;85,6965
0,1372;-0,0510;0,3573;0,3861;85,7510
0,1596;0,0605;0,6316;0,6543;85,8094
0,3329;0,0098;1,4368;1,4749;85,8690
0,4520;0,1469;1,5874;1,6570;85,9332
0,2843;0,0718;0,1804;0,3443;85,9888
0,2004;-0,0871;0,8501;0,8777;86,0486
1,3045;-0,3939;2,9527;3,2520;86,1132
0,5579;0,0190;1,3170;1,4304;86,1695
0,1989;0,2275;0,5155;0,5975;86,2300
0,0896;-0,1196;0,6121;0,6301;86,2914
-1,7185;0,2829;-1,3372;2,1957;86,3577
0,4608;0,0085;1,5723;1,6384;86,4092
0,4471;0,1098;1,8078;1,8655;86,4697
0,2558;0,0088;0,5018;0,5633;86,5287
-0,0615;0,0210;0,3986;0,4038;86,5889
0,3685;-0,0620;1,8256;1,8635;86,6489
0,5059;0,0578;1,3721;1,4636;86,7094
0,1333;0,0085;0,5408;0,5571;86,7751
0,2297;-0,0779;0,8191;0,8542;86,8290
0,3019;-0,0486;1,8368;1,8621;86,8884
0,4354;-0,0107;1,0492;1,1360;86,9499
-0,4691;0,0576;-0,3666;0,5981;87,0091
0,1970;-0,0591;0,6475;0,6794;87,0712
0,7029;-0,2924;1,6313;1,8002;87,1294
0,4291;-0,0566;1,2691;1,3409;87,1897
-0,2126;0,1128;0,6656;0,7077;87,2514
0,0452;-0,0818;0,8130;0,8183;87,3088
0,1215;-0,1682;0,7837;0,8107;87,3695
0,5531;-0,0583;1,2738;1,3899;87,4280
0,5540;-0,5992;3,3686;3,4660;87,4891
0,1132;-0,0085;0,3683;0,3854;87,5485
0,1787;-0,0500;0,7869;0,8084;87,6085
0,3519;-0,0203;2,1505;2,1792;87,6685
0,4808;-0,0788;1,4112;1,4929;87,7290
-0,0310;0,0015;0,7839;0,7845;87,7883
0,2004;-0,0359;0,8572;0,8810;87,8490
0,4403;-0,0759;0,9831;1,0799;87,9126
0,2416;-0,0905;1,4966;1,5187;87,9703
0,7415;-0,2402;2,7294;2,8385;88,0285
0,1677;-0,0063;0,3434;0,3822;88,0889
0,2602;-0,3109;1,2726;1,3356;88,1527
0,4369;-0,0281;1,5618;1,6220;88,2086
0,5020;0,0115;1,7526;1,8232;88,2691
0,2314;0,0559;0,8464;0,8792;88,3292
-0,3632;0,1215;-0,1955;0,4300;88,3882
0,4530;-0,0849;1,9903;2,0430;88,4489
0,4020;0,0405;1,6462;1,6951;88,5085
0,4847;0,0361;0,6319;0,7972;88,5712
0,4330;-0,0671;0,7793;0,8940;88,6287
0,1467;0,1413;0,6551;0,6860;88,6893
0,1806;0,0015;1,5842;1,5945;88,7481
0,0979;-0,0088;1,4783;1,4816;88,8146
0,3009;0,0596;0,3224;0,4450;88,8684
0,7944;-0,3810;1,5818;1,8106;88,9291
0,3715;-0,0300;1,7363;1,7758;88,9885
0,4176;0,1318;1,1051;1,1887;89,0480
0,1264;0,0185;0,7751;0,7856;89,1092
0,2057;-0,0378;0,6885;0,7196;89,1724
0,4357;-0,1813;2,2144;2,2641;89,2300
0,2787;-0,0852;1,4702;1,4989;89,2882
0,7581;0,0722;0,7451;1,0654;89,3492
0,3800;0,0164;1,3316;1,3849;89,4087
0,3883;-0,2575;1,4920;1,5630;89,4706
0,3043;-0,0862;1,6328;1,6631;89,5282
0,7381;-0,0969;1,9606;2,0971;89,5894
0,1501;0,0432;0,8115;0,8264;89,6482
-0,1086;0,0483;0,1899;0,2240;89,7079
0,6111;-0,0117;2,0460;2,1354;89,7687
0,8393;0,0727;1,6308;1,8356;89,8302
-1,5098;-0,0425;-1,4266;2,0776;89,8883
0,2673;0,1272;0,3356;0,4475;89,9480
0,8713;-0,4835;1,9386;2,1797;90,0122
0,2826;-0,0945;1,5047;1,5339;90,0683
0,2436;0,0093;0,9938;1,0233;90,1295
0,1184;-0,0288;0,6846;0,6954;90,1871
0,0063;0,0439;0,2158;0,2203;90,2482
0,6582;-0,0637;2,2051;2,3022;90,3078
-0,1523;0,5111;0,3161;0,6199;90,3675
0,0981;-0,0107;0,5020;0,5117;90,4286
0,2585;-0,0007;0,9697;1,0035;90,4881
0,7881;-0,5181;1,8520;2,0783;90,5480
0,4305;-0,0349;1,9076;1,9559;90,6126
0,0732;-0,1706;1,3270;1,3399;90,6677
-0,0898;-0,1796;0,7271;0,7543;90,7272
-0,2182;-0,1228;0,6985;0,7420;90,7911
0,2372;0,1047;0,6946;0,7414;90,8526
0,0159;0,0576;1,0297;1,0314;90,9079
0,5933;-0,0847;0,8857;1,0694;90,9681
0,4693;0,0164;1,1454;1,2379;91,0292
0,4527;-0,0066;1,1642;1,2491;91,0883
0,4454;-0,0127;1,1500;1,2333;91,1484
0,4608;-0,0373;0,7032;0,8415;91,2083
0,2858;-0,1069;0,6573;0,7246;91,2702
0,1018;0,0085;0,9907;0,9959;91,3369
0,1718;-0,0434;1,2020;1,2150;91,3879
0,2721;-0,0945;1,0453;1,0843;91,4484
0,2299;-0,1018;0,9650;0,9972;91,5076
0,2280;-0,0959;0,8723;0,9067;91,5678
0,2487;-0,1645;1,3819;1,4137;91,6278
0,2970;-0,0574;0,7024;0,7648;91,6893
0,1233;-0,2133;0,9345;0,9665;91,7479
0,1892;-0,1235;1,0253;1,0499;91,8077
0,2694;-0,0930;0,9282;0,9710;91,8690
0,2973;-0,1159;0,9599;1,0115;91,9288
0,2704;-0,0744;1,0553;1,0920;91,9872
0,2736;-0,0954;0,9843;1,0261;92,0477
0,2492;-0,0813;0,8852;0,9232;92,1086
0,2621;-0,1018;1,0292;1,0669;92,1688
0,2697;-0,0749;1,0146;1,0525;92,2284
-1,9249;0,4613;-1,0375;2,2349;92,2878
0,1330;-0,2136;0,1316;0,2839;92,3474
-0,4203;0,0696;0,5509;0,6964;92,4139
0,7288;-0,2572;2,0882;2,2266;92,4682
0,1706;-0,0002;1,1910;1,2032;92,5299
0,6685;-0,1162;1,5786;1,7183;92,5871
0,5086;0,0300;-0,0452;0,5115;92,6471
-1,8149;0,2633;-3,1194;3,6185;92,7071
0,8081;0,0183;1,9410;2,1026;92,7675
-0,3039;0,3617;1,0607;1,1611;92,8296
0,4630;0,1320;-0,2201;0,5294;92,8877
-0,3920;0,0720;0,4728;0,6183;92,9478
0,2675;-0,0998;2,0807;2,1001;93,0121
0,4044;0,0085;1,6870;1,7348;93,0704
0,3644;0,0452;0,2797;0,4616;93,1272
0,2982;0,0127;0,3373;0,4504;93,1874
0,4276;0,0691;2,4265;2,4648;93,2476
0,1530;-0,0271;1,3631;1,3719;93,3081
0,2004;0,0820;-0,1013;0,2390;93,3672
0,3280;0,0303;0,5016;0,6001;93,4268
0,9677;-0,7720;2,7491;3,0150;93,4922
0,1833;0,0237;1,5291;1,5402;93,5474
0,4459;0,1503;-0,3222;0,5703;93,6082
0,1823;-0,0442;0,9333;0,9520;93,6675
1,1234;-0,2328;3,7979;3,9674;93,7273
0,2785;-0,0171;1,6079;1,6319;93,7882
0,1411;-0,2021;-0,3151;0,4000;93,8483
0,8069;-0,0986;0,2692;0,8563;93,9069
0,6253;-0,3327;1,8615;1,9917;93,9673
0,3851;-0,0373;1,5950;1,6412;94,0264
0,3641;0,1555;0,0356;0,3975;94,0871
0,1638;0,0522;0,4588;0,4900;94,1493
1,0043;-0,3258;1,8678;2,1456;94,2081
0,2755;-0,0447;1,7665;1,7885;94,2696
-0,1889;0,5189;0,6045;0,8188;94,3283
0,3012;0,0786;0,4193;0,5222;94,3881
-1,5720;0,5284;-3,0562;3,4772;94,4505
0,3129;-0,1062;1,9057;1,9341;94,5084
0,2948;-0,3417;2,9964;3,0302;94,5681
0,1772;0,0034;0,2492;0,3058;94,6322
-1,3382;0,2809;-1,3126;1,8954;94,6902
0,1740;-0,0813;1,9389;1,9483;94,7482
1,9862;-0,7847;5,1334;5,5599;94,8080
0,1931;0,0473;0,0527;0,2056;94,8684
-0,0776;-0,1101;1,0924;1,1007;94,9278
0,1711;-0,0539;1,8893;1,8978;94,9889
0,3126;0,0356;0,8662;0,9216;95,0481
0,3666;0,0308;0,0840;0,3773;95,1080
0,0905;0,0754;0,2489;0,2754;95,1689
1,4207;-0,9890;4,6441;4,9562;95,2303
0,0974;-0,0527;1,6838;1,6874;95,2883
0,1152;-0,1054;-0,1023;0,1867;95,3480
0,0500;0,0220;0,6892;0,6914;95,4233
1,2591;-0,6897;3,7806;4,0440;95,4702
0,2992;-0,1106;1,7353;1,7644;95,5286
0,0286;-0,1867;-0,4086;0,4501;95,5928
-0,1206;0,1577;0,2526;0,3213;95,6470
1,5220;-1,2086;6,7740;7,0473;95,7075
0,5469;-0,1059;1,8637;1,9452;95,7704
-0,3629;-0,2804;-1,7409;1,8003;95,8271
0,2834;-0,0295;0,1901;0,3425;95,8897
1,0976;-0,1196;5,2847;5,3988;95,9498
0,5477;-0,0644;1,6645;1,7535;96,0080
-0,6568;0,2397;-0,8647;1,1120;96,0683
0,4820;0,0364;-0,0063;0,4834;96,1277
0,5806;-0,3310;0,9387;1,1523;96,1885
0,3278;-0,1089;1,6787;1,7138;96,2475
0,5692;0,0676;0,1718;0,5984;96,3081
0,2077;-0,0161;0,5457;0,5841;96,3680
-0,0215;-0,2536;0,9763;1,0089;96,4272
0,4449;-0,0510;1,5845;1,6465;96,4879
-0,2853;0,0617;0,5967;0,6643;96,5477
0,0749;-0,0056;0,4462;0,4524;96,6073
0,0442;-0,0249;0,9565;0,9578;96,6683
0,1989;-0,0825;0,8149;0,8429;96,7274
0,1962;-0,0840;1,2316;1,2499;96,7919
0,0761;-0,0181;1,1940;1,1965;96,8491
0,1999;0,0520;0,7878;0,8145;96,9192
0,2118;0,0935;0,7090;0,7459;96,9670
0,2724;0,0229;0,8906;0,9316;97,0277
0,4300;-0,0088;0,9975;1,0863;97,0890
0,3070;-0,1254;1,2643;1,3070;97,1489
0,3180;-0,1396;1,1242;1,1766;97,2090
-0,1467;-0,2177;1,1090;1,1397;97,2717
-0,0564;-0,0527;-0,3219;0,3310;97,3285
0,7276;-0,0229;-0,6255;0,9598;97,3884
0,5277;-0,1516;1,3114;1,4216;97,4482
0,3219;-0,0574;1,5442;1,5784;97,5125
0,1931;0,0078;1,4925;1,5049;97,5679
0,3710;0,0044;0,2507;0,4477;97,6287
0,1884;-0,1164;0,8613;0,8893;97,6876
0,1892;-0,2143;1,1830;1,2170;97,7477
0,6036;-0,0012;1,5913;1,7019;97,8077
-0,4603;0,0095;-1,7538;1,8133;97,8682
0,2931;-0,0054;0,4105;0,5045;97,9284
0,3485;0,0713;1,1937;1,2456;97,9903
0,4469;0,0085;1,1207;1,2066;98,0479
0,0264;-0,0100;1,4163;1,4166;98,1097
0,2538;-0,0954;0,6902;0,7416;98,1683
0,7371;-0,5059;1,8093;2,0181;98,2276
0,4681;-0,0486;1,3184;1,3999;98,2887
0,5801;-0,0674;1,9891;2,0731;98,3482
0,2243;-0,0220;0,5445;0,5893;98,4074
-0,0471;-0,0044;0,2167;0,2218;98,4683
0,2919;-0,1135;1,9325;1,9577;98,5305
0,5340;0,0076;1,3223;1,4261;98,5875
0,2109;0,0095;0,2109;0,2984;98,6482
0,1311;-0,0937;0,8210;0,8367;98,7079
0,6331;-0,2385;3,1745;3,2458;98,7724
0,5687;0,0222;1,4268;1,5361;98,8280
0,0395;0,0452;0,1738;0,1838;98,8884
0,1674;-0,0925;0,7061;0,7315;98,9481
0,2777;-0,1042;1,9486;1,9711;99,0072
0,5089;0,0254;1,0602;1,1763;99,0683
0,0993;-0,0339;-0,2697;0,2894;99,1324
0,0801;-0,0256;0,5999;0,6058;99,1879
0,8535;-0,4698;4,4244;4,5304;99,2492
0,4527;-0,0449;1,2042;1,2873;99,3081
0,5245;0,1735;0,5982;0,8143;99,3680
0,2609;-0,0771;0,7232;0,7726;99,4299
1,3143;-0,3947;4,0683;4,2935;99,4879
0,6207;0,0181;1,5081;1,6309;99,5482
0,2565;0,1457;-1,8241;1,8478;99,6121
0,1286;-0,0644;0,7915;0,8045;99,6709
2,3716;-1,0343;5,3699;5,9607;99,7278
0,6092;-0,0247;1,2694;1,4082;99,7899
-0,2926;0,0171;-0,0007;0,2931;99,8481
0,0532;-0,0918;0,0471;0,1161;99,9105
0,8940;-0,5120;3,5516;3,6980;99,9686
0,5562;-0,0237;1,0690;1,2053;100,0276
0,1115;-0,2416;1,7336;1,7539;100,0877
0,2004;-0,0678;0,3358;0,3969;100,1477
0,7708;0,4227;1,5513;1,7830;100,2113
0,4845;-0,0805;1,4331;1,5150;100,2683
0,5155;-0,0949;2,0684;2,1338;100,3275
0,1674;-0,0715;0,7005;0,7237;100,3884
-2,0338;0,2497;-3,8984;4,4041;100,4470
0,1813;-0,1040;1,6267;1,6401;100,5086
0,8647;-0,0801;1,7629;1,9652;100,5723
0,1840;-0,0347;0,7827;0,8048;100,6300
-1,8725;0,1508;-1,5093;2,4097;100,6883
0,4305;-0,0195;1,3890;1,4543;100,7476
0,5355;0,0205;0,6658;0,8547;100,8099
-0,5716;-0,0207;-1,7746;1,8645;100,8671
-0,1032;0,0617;0,1489;0,1914;100,9276
0,4235;-0,0046;1,6152;1,6698;100,9881
0,8061;0,0813;1,4593;1,6691;101,0535
-1,5034;-0,1811;-3,8299;4,1184;101,1071
0,1391;-0,1069;0,7315;0,7522;101,1678
0,1567;-0,0581;1,8683;1,8758;101,2285
0,7180;-0,0176;1,3343;1,5153;101,2870
-0,2738;-0,0107;-0,5067;0,5760;101,3471
0,2702;-0,0761;0,6807;0,7363;101,4173
0,1799;-0,0227;0,8164;0,8363;101,4818
0,4615;-0,0659;1,4651;1,5375;101,5277
-0,2370;0,0842;0,6753;0,7206;101,5882
0,2243;-0,0647;0,6607;0,7007;101,6475
0,3810;-0,0957;0,6104;0,7259;101,7076
0,5340;-0,0273;1,2455;1,3554;101,7694
0,2707;-0,2001;1,5247;1,5614;101,8270
0,2053;-0,0229;0,5316;0,5703;101,8874
-0,1276;-0,0071;0,2270;0,2605;101,9497
0,5299;0,0337;2,0933;2,1596;102,0074
0,3915;0,1621;1,4349;1,4961;102,0676
0,1386;0,0078;0,6189;0,6343;102,1299
-0,2502;0,0076;0,3546;0,4341;102,1872
0,5582;-0,0107;1,7092;1,7981;102,2474
0,2582;0,0242;0,7781;0,8202;102,3096
0,1240;-0,0666;0,6419;0,6571;102,3671
0,1965;-0,0791;1,0717;1,0924;102,4274
0,3700;-0,0056;1,0692;1,1315;102,4870
0,1550;-0,0791;1,0304;1,0450;102,5472
0,1335;-0,0923;0,9841;0,9974;102,6104
0,2128;-0,0283;0,9191;0,9439;102,6671
0,2026;-0,0300;0,9807;1,0018;102,7261
0,1979;-0,0205;0,9904;1,0102;102,7925
0,1857;-0,0351;0,9196;0,9389;102,8468
0,2109;-0,0237;0,9858;1,0084;102,9074
0,2057;-0,0571;1,0075;1,0299;102,9676
0,2143;-0,0503;0,9907;1,0148;103,0271
0,1950;-0,0544;0,9899;1,0104;103,0874
0,1928;-0,0461;0,9904;1,0101;103,1469
0,1967;-0,0334;0,9665;0,9869;103,2066
0,2101;-0,0332;0,9616;0,9849;103,2664
0,2206;-0,0425;0,9933;1,0184;103,3274
0,1938;-0,0473;0,9821;1,0022;103,3875
0,1838;-0,0500;0,9872;1,0054;103,4466
0,1921;-0,0473;0,9865;1,0061;103,5071
0,2219;-0,0447;1,0104;1,0355;103,5680
0,2538;-0,0371;0,9987;1,0311;103,6278
0,2209;-0,0420;0,9860;1,0113;103,6863
0,2136;-0,0434;0,9758;0,9998;103,7491
0,2216;-0,0430;0,9702;0,9961;103,8070
0,2104;-0,0652;1,0002;1,0241;103,8664
0,2228;-0,0554;0,9570;0,9841;103,9273
0,2411;-0,0554;1,0112;1,0410;103,9873
0,2184;-0,0515;0,9999;1,0248;104,0477
0,1296;-0,0603;1,1835;1,1921;104,1075
-0,0149;-0,0574;2,5158;2,5165;104,1667
0,6141;0,1562;0,3078;0,7044;104,2267
0,1999;0,0476;-0,0649;0,2155;104,2873
-0,2487;-0,3490;1,7826;1,8334;104,3482
0,5472;-0,0444;1,3978;1,5017;104,4065
0,5626;-0,5294;1,7199;1,8854;104,4679
0,2309;-0,0718;0,6041;0,6507;104,5295
0,0225;-0,3119;1,8000;1,8269;104,5885
0,4310;0,0054;1,5320;1,5915;104,6497
-0,1064;0,2006;-1,0683;1,0921;104,7094
0,3278;-0,0254;0,3148;0,4552;104,7679
1,1322;-0,5513;2,0772;2,4292;104,8296
0,3702;-0,0195;1,3633;1,4129;104,8922
-0,5948;0,1945;-1,4217;1,5533;104,9485
0,1838;-0,0046;0,7827;0,8040;105,0080
-0,5645;0,0940;-0,8828;1,0521;105,0689
0,2953;-0,0425;1,6911;1,7172;105,1320
0,2721;0,0779;1,2308;1,2629;105,1894
0,0381;-0,0459;0,2494;0,2565;105,2481
-0,0168;0,1862;0,3881;0,4308;105,3088
0,3663;0,0027;1,5527;1,5954;105,3731
0,8542;-0,7066;3,0818;3,2751;105,4283
0,2899;0,0149;0,5435;0,6162;105,4883
0,4091;-0,0276;1,0719;1,1477;105,5530
0,4632;0,0693;1,7019;1,7651;105,6095
0,1301;0,0134;0,9453;0,9543;105,6691
-0,6106;0,4100;-2,1324;2,2557;105,7285
0,3229;-0,0664;0,9055;0,9636;105,7876
0,3712;-0,0259;2,4148;2,4433;105,8509
0,5299;0,1230;1,4568;1,5551;105,9089
0,3036;0,0720;0,2201;0,3819;105,9707
0,2765;-0,0720;1,0068;1,0465;106,0279
0,6707;0,0879;3,0872;3,1604;106,0879
0,4247;0,1369;1,7648;1,8204;106,1482
0,1367;0,1740;-0,9353;0,9611;106,2084
0,2492;-0,0586;0,8313;0,8698;106,2684
2,0294;-1,2132;6,7887;7,1886;106,3290
0,3678;-0,0100;1,3458;1,3952;106,3884
-0,4566;0,3536;-1,0483;1,1968;106,4484
0,3937;-0,1591;-0,0869;0,4334;106,5083
0,8950;-0,1647;1,9550;2,1564;106,5770
0,3944;0,0095;1,3421;1,3989;106,6286
0,1572;-0,5091;2,1097;2,1759;106,6881
0,2321;-0,1128;0,1091;0,2802;106,7502
-0,3424;0,1462;-0,1350;0,3960;106,8100
0,4508;-0,0539;1,4737;1,5420;106,8677
-0,0945;-0,0068;1,7346;1,7372;106,9284
0,0454;-0,0310;0,3305;0,3350;106,9906
-0,7974;0,1506;-0,3622;0,8886;107,0481
0,4374;-0,0432;1,8110;1,8635;107,1086
0,4147;-0,0493;1,8781;1,9239;107,1681
0,2663;0,0156;0,3280;0,4228;107,2283
-0,2899;-0,0237;0,1726;0,3382;107,2886
0,5216;0,0034;1,8261;1,8991;107,3481
0,1701;0,0525;1,3397;1,3514;107,4078
-0,8630;0,4110;-2,2500;2,4447;107,4679
0,2592;-0,0581;0,8415;0,8825;107,5324
1,4231;-0,4039;3,1289;3,4610;107,5882
0,3395;0,0164;1,4283;1,4682;107,6477
0,0229;-0,0498;-0,0905;0,1059;107,7079
0,1928;-0,0434;0,7485;0,7742;107,7683
0,7332;-0,0625;2,7877;2,8832;107,8298
0,3788;-0,0207;1,1630;1,2233;107,8885
-0,8608;0,5306;-3,7933;3,9257;107,9507
0,1398;-0,0190;0,4879;0,5079;108,0073
0,1779;0,0447;0,5391;0,5695;108,0697
0,3180;-0,0708;1,7587;1,7887;108,1291
0,5897;-0,0386;2,3545;2,4275;108,1925
0,0959;-0,0156;0,3480;0,3613;108,2475
-0,1211;0,0085;0,3456;0,3663;108,3124
0,3507;-0,0005;1,6179;1,6555;108,3697
0,3590;0,0325;1,9144;1,9481;108,4278
0,1606;0,1164;0,6194;0,6504;108,4890
0,2568;-0,0264;0,7781;0,8198;108,5494
0,6495;-0,1542;2,2835;2,3790;108,6087
0,3676;-0,0683;1,8795;1,9164;108,6676
0,0261;0,0503;-0,1193;0,1321;108,7278
0,2053;-0,0469;1,0646;1,0852;108,7916
0,3593;0,0764;0,9458;1,0146;108,8472
0,2170;-0,0691;1,4680;1,4856;108,9081
0,2643;-0,0505;0,9814;1,0176;108,9719
0,1311;-0,1042;1,1007;1,1134;109,0282
0,1604;-0,0910;0,9008;0,9195;109,0882
0,0988;-0,0925;1,0361;1,0449;109,1504
0,1667;-0,0520;1,0331;1,0478;109,2075
0,1557;-0,0276;0,8191;0,8342;109,2704
0,1289;-0,0273;0,9531;0,9621;109,3274
0,1198;-0,1218;1,1005;1,1137;109,3874
-0,0181;-0,1865;1,4846;1,4964;109,4476
0,3178;0,0027;0,3124;0,4456;109,5103
0,0434;-0,0473;0,8381;0,8406;109,5673
-0,2275;0,0715;-0,1625;0,2886;109,6274
0,4144;-0,0718;2,0453;2,0881;109,6906
0,6329;0,0081;1,8681;1,9724;109,7477
0,1928;0,0488;0,4498;0,4918;109,8113
0,2314;-0,0935;0,9753;1,0067;109,8681
0,9680;-0,2946;3,1008;3,2617;109,9275
0,2817;0,0088;1,4903;1,5167;109,9879
-0,0242;-0,0822;1,2965;1,2993;110,0503
0,0542;-0,1103;0,8828;0,8913;110,1067
0,5138;-0,0537;1,9220;1,9902;110,1677
0,2187;-0,1401;1,6113;1,6321;110,2312
0,1821;0,1137;0,0337;0,2173;110,2887
0,2565;0,0066;0,4928;0,5556;110,3473
0,1767;0,3295;0,6961;0,7901;110,4074
0,4828;0,0068;1,4085;1,4889;110,4680
0,3200;-0,0678;1,8671;1,8955;110,5322
0,2009;0,0349;0,2411;0,3158;110,5926
-1,6233;0,4081;-1,1339;2,0217;110,6475
0,1367;-0,0495;1,4280;1,4354;110,7095
0,4979;-0,0337;3,0955;3,1354;110,7674
0,1460;0,0398;0,4274;0,4533;110,8278
-0,5792;0,3251;-0,7442;0,9974;110,8876
0,2060;-0,1237;1,4707;1,4902;110,9504
0,2402;0,0617;1,5191;1,5392;111,0177
0,1110;0,0513;0,6270;0,6388;111,0672
0,2834;0,0049;0,6829;0,7394;111,1307
0,4030;-0,0725;2,0233;2,0643;111,1871
0,2465;0,0678;1,6850;1,7043;111,2474
0,2409;0,0142;0,1091;0,2648;111,3075
0,1718;-0,0210;0,6761;0,6979;111,3670
2,0645;-0,9833;4,5567;5,0983;111,4274
0,3273;-0,0615;1,4090;1,4478;111,4923
-1,1779;0,5372;-3,8179;4,0314;111,5470
0,2487;-0,0095;0,6055;0,6547;111,6074
0,2097;0,0027;0,8933;0,9176;111,6671
0,3788;-0,0207;1,4654;1,5137;111,7273
0,1794;-0,2023;2,2820;2,2980;111,7895
0,1745;-0,0149;0,5128;0,5419;111,8501
-2,2315;0,2768;-3,1814;3,8958;111,9072
0,2067;-0,0840;1,6472;1,6622;111,9674
-0,5040;-0,0115;0,8647;1,0009;112,0305
0,2323;0,0761;0,8525;0,8869;112,0878
0,0837;-0,0320;0,6416;0,6479;112,1475
0,4405;0,0991;2,1573;2,2040;112,2069
0,3019;0,0449;1,6030;1,6318;112,2677
0,0744;0,0569;0,3454;0,3578;112,3269
0,1525;0,0215;0,8166;0,8310;112,3864
0,3659;-0,1394;1,0988;1,1664;112,4465
0,1677;-0,1460;1,0578;1,0809;112,5071
0,2016;-0,0923;0,9887;1,0133;112,5698
0,2060;0,0442;1,0888;1,1090;112,6267
0,3004;-0,0510;0,9221;0,9711;112,6861
0,2365;-0,2782;1,5051;1,5488;112,7470
0,3402;0,0996;0,5001;0,6130;112,8163
0,1701;0,0085;0,5203;0,5475;112,8671
0,3214;-0,3392;0,7276;0,8647;112,9276
0,3729;-0,0681;1,6306;1,6741;112,9906
0,2648;-0,1279;1,9225;1,9449;113,0489
-0,0303;-0,0115;0,4698;0,4709;113,1070
0,0847;0,0244;0,9994;1,0033;113,1666
0,4481;0,0085;1,8317;1,8857;113,2290
1,0136;-0,7664;4,4007;4,5805;113,2876
0,5194;0,1172;0,2355;0,5822;113,3467
0,1935;-0,1130;0,8698;0,8983;113,4077
0,3351;-0,0329;1,6650;1,6987;113,4738
0,2419;0,0591;1,4820;1,5027;113,5317
-0,9211;0,2353;-2,5124;2,6863;113,5885
0,2809;-0,0400;0,8076;0,8560;113,6490
0,6973;-0,1801;1,8144;1,9521;113,7112
0,5941;-0,2450;2,1971;2,2891;113,7689
0,4005;0,1132;0,0522;0,4195;113,8285
-0,1301;-0,0476;1,5181;1,5244;113,8884
0,5020;-0,2797;1,3924;1,5063;113,9486
0,1604;-0,0266;1,5032;1,5120;114,0090
0,3207;0,1955;1,5037;1,5499;114,0724
-0,0815;-0,0495;0,0578;0,1116;114,1283
-3,1116;0,3527;-3,9268;5,0225;114,1897
0,3105;-0,0854;1,4905;1,5249;114,2512
0,4996;-0,0090;2,2513;2,3060;114,3079
0,0964;-0,0281;0,5672;0,5760;114,3685
0,3732;-0,0217;1,2708;1,3247;114,4285
0,4259;0,0146;1,6223;1,6773;114,4880
0,0464;-0,0822;0,4928;0,5017;114,5489
0,0715;-0,0078;0,3951;0,4016;114,6085
0,3036;-0,0566;0,9096;0,9606;114,6718
0,4088;-0,1835;2,3974;2,4390;114,7288
0,3803;0,0071;1,7031;1,7450;114,7879
-0,6973;0,1589;-2,0626;2,1831;114,8498
0,1367;-0,0569;0,8506;0,8634;114,9085
-0,2787;0,1518;-0,2799;0,4232;114,9707
0,2079;-0,0864;1,5832;1,5992;115,0284
0,7932;-0,1674;2,4524;2,5829;115,0882
0,1118;-0,0715;0,2741;0,3045;115,1486
-0,2309;0,1298;0,0859;0,2785;115,2126
0,1416;-0,2460;2,0023;2,0223;115,2683
0,7634;-0,0452;1,9467;2,0915;115,3280
0,3766;0,0566;-0,2136;0,4366;115,3874
0,2231;-0,0603;1,1002;1,1242;115,4479
0,6036;-0,1867;0,9704;1,1579;115,5082
0,2043;0,0081;1,7585;1,7703;115,5682
0,0176;0,2712;-0,8740;0,9153;115,6285
0,2482;0,0456;0,4562;0,5213;115,6876
-0,8698;0,2062;-1,6101;1,8416;115,7478
0,3939;0,1665;1,6457;1,7004;115,8172
0,2648;0,0007;1,8178;1,8370;115,8683
0,1867;0,0249;0,2909;0,3466;115,9288
-0,1191;0,1006;0,8528;0,8669;115,9882
0,3727;-0,0998;2,0345;2,0708;116,0482
0,3622;0,0195;2,4597;2,4863;116,1085
0,3114;0,0879;0,1030;0,3396;116,1704
0,0869;-0,0749;1,0131;1,0196;116,2287
1,2433;-0,6421;3,8574;4,1034;116,2878
0,2904;-0,0342;1,5154;1,5434;116,3516
-1,4112;0,9560;-3,6922;4,0667;116,4094
0,0852;-0,0398;0,7100;0,7162;116,4681
-0,4515;0,2067;0,1926;0,5326;116,5280
0,2856;-0,0151;1,5530;1,5791;116,5910
0,4920;0,1013;1,5845;1,6622;116,6476
-0,3546;-0,1093;0,5728;0,6825;116,7079
-0,7312;0,4718;-2,2122;2,3772;116,7727
0,0400;-0,1091;1,4104;1,4152;116,8275
1,5491;-1,4429;3,0071;3,6776;116,8912
0,3927;0,0576;0,4623;0,6093;116,9535
0,1870;-0,0159;1,0297;1,0467;117,0076
0,1896;-0,1855;2,5744;2,5880;117,0679
0,3800;0,0090;1,4024;1,4530;117,1321
0,2795;0,2482;-0,3268;0,4965;117,1873
0,0844;-0,0710;0,7698;0,7776;117,2485
0,2226;0,1381;0,4493;0,5201;117,3076
0,4520;-0,0317;1,5418;1,6070;117,3674
0,3197;0,2104;1,7043;1,7468;117,4276
-0,0513;-0,0449;0,4130;0,4185;117,4881
0,2699;0,0237;1,2355;1,2648;117,5479
0,0625;-0,0979;1,4556;1,4602;117,6103
0,5494;0,0049;1,7414;1,8260;117,6680
0,1855;0,0090;0,0813;0,2027;117,7273
0,2189;-0,0815;0,9926;1,0197;117,7875
1,1483;0,0571;3,3935;3,5830;117,8469
0,5616;0,0625;1,7663;1,8545;117,9103
0,7783;0,0129;-0,2507;0,8178;117,9671
0,4571;0,0022;-0,1796;0,4912;118,0283
0,9963;-0,1569;1,2896;1,6372;118,0907
0,3803;0,0085;1,5940;1,6387;118,1524
-0,2665;-0,0886;2,0267;2,0461;118,2083
0,1706;-0,0249;0,2951;0,3418;118,2679
-1,0602;0,3551;-0,2145;1,1385;118,3287
0,3087;-0,0630;2,2185;2,2408;118,3873
0,3434;-0,9782;3,7852;3,9246;118,4471
0,2958;0,0844;0,2075;0,3710;118,5080
-0,4774;-0,0105;2,0931;2,1469;118,5671
1,6394;-0,6963;3,9282;4,3132;118,6283
0,3832;-0,0630;1,3243;1,3801;118,6891
-2,4975;1,6299;-5,1898;5,9856;118,7482
0,2590;-0,0412;0,3890;0,4692;118,8122
0,3244;-0,3251;1,5183;1,5863;118,8709
0,5199;-0,0132;1,4903;1,5784;118,9281
-1,2023;0,1035;-4,3490;4,5133;118,9881
0,1916;0,0159;0,3322;0,3838;119,0524
-0,0988;0,2829;0,1589;0,3392;119,1082
0,3126;-0,1015;1,5159;1,5511;119,1695
0,7061;-0,3539;2,8209;2,9294;119,2283
0,0349;-0,0076;0,3959;0,3975;119,2876
-3,0820;0,7485;-2,7650;4,2077;119,3489
0,4300;-0,0535;1,6577;1,7134;119,4096
-0,0918;-0,7764;2,6510;2,7639;119,4689
0,1242;0,0261;0,4818;0,4982;119,5281
0,3283;-0,0591;0,9436;1,0008;119,5936
0,3907;-0,1691;2,1649;2,2063;119,6488
0,9418;-0,1264;2,3189;2,5060;119,7111
0,2961;0,0347;0,1896;0,3533;119,7681
0,1750;-0,0608;1,0190;1,0357;119,8281
1,0148;-0,0598;3,7159;3,8524;119,8928
0,3517;0,0124;1,4283;1,4710;119,9484
0,1874;-0,0574;-0,7527;0,7778;120,0079
0,1704;-0,0752;0,8144;0,8355;120,0680
0,6861;-0,0329;1,4886;1,6394;120,1304
0,2834;-0,0822;1,4859;1,5149;120,1877
-0,5301;0,3651;-2,2276;2,3187;120,2482
0,6753;-0,2565;0,8152;1,0892;120,3131
0,9982;-0,3861;1,8215;2,1126;120,3680
0,4713;-0,0412;1,4158;1,4928;120,4279
-0,2126;0,0020;0,6768;0,7094;120,4889
-0,0210;-0,0686;0,5562;0,5608;120,5529
0,1235;0,2480;-0,0625;0,2840;120,6095
0,6106;-0,0779;1,4773;1,6004;120,6678
0,2841;-0,2014;2,1744;2,2021;120,7436
0,0093;-0,0376;0,3868;0,3888;120,7887
0,3466;-0,0098;1,1420;1,1935;120,8517
0,0586;-0,1198;2,4472;2,4509;120,9095
0,5582;-0,3883;2,9505;3,0278;120,9678
-0,5174;-0,1984;0,0910;0,5616;121,0293
-2,6337;1,0724;-4,4976;5,3212;121,0888
0,9423;-0,0927;1,3414;1,6419;121,1478
1,2464;-0,7922;3,5167;3,8143;121,2084
0,0293;-0,0395;0,7027;0,7044;121,2686
0,1223;-0,0603;0,8945;0,9048;121,3277
1,3294;-1,0976;3,1189;3,5636;121,3878
0,9360;-0,6878;2,8919;3,1165;121,4528
0,6414;-0,0886;0,0005;0,6475;121,5078
0,2941;-0,0222;0,4349;0,5255;121,5677
-0,8418;0,0488;2,5497;2,6855;121,6276
1,1881;-0,4327;2,3913;2,7051;121,6880
0,0752;0,0198;0,7659;0,7698;121,7494
0,2526;-0,0256;0,8359;0,8736;121,8078
2,0089;-0,4254;2,8368;3,5020;121,8674
0,3983;0,0164;1,1220;1,1907;121,9304
0,1669;-0,0439;1,1415;1,1545;121,9871
0,1420;0,1125;0,9506;0,9677;122,0484
0,3659;-0,0120;0,6682;0,7619;122,1127
0,3888;-0,0469;0,7986;0,8894;122,1678
0,2382;0,0432;0,8740;0,9069;122,2276
0,4647;0,0044;0,7061;0,8453;122,2904
0,3795;0,0161;1,0087;1,0779;122,3477
0,3700;0,0383;0,9289;1,0006;122,4102
0,3036;0,0903;0,9245;0,9773;122,4677
0,2787;0,0971;0,9223;0,9684;122,5314
