0,1313;-0,0588;1,0038;1,0141;0,1139
0,1377;-0,0342;1,0021;1,0121;0,1356
0,1538;-0,0405;0,9794;0,9923;0,3776
0,1154;-0,0576;0,9467;0,9555;0,3798
0,1660;-0,0549;1,0290;1,0437;0,3816
0,1618;-0,0593;0,9899;1,0048;0,3837
0,1677;-0,0527;0,9846;1,0001;0,4299
0,1494;-0,0598;0,9914;1,0044;0,4586
0,1579;-0,0610;0,9907;1,0050;0,5180
0,1721;-0,0547;0,9807;0,9971;0,5784
0,1691;-0,0583;0,9902;1,0062;0,6385
0,1748;-0,0561;0,9870;1,0039;0,7002
0,1745;-0,0537;0,9948;1,0114;0,7587
0,1750;-0,0552;0,9907;1,0075;0,8197
0,1730;-0,0535;0,9994;1,0157;0,8787
0,5099;-0,1540;1,2196;1,3308;0,9388
0,0703;-0,0884;1,3799;1,3846;0,9997
0,3156;-0,0769;0,9135;0,9696;1,0587
0,1530;-0,0940;0,8835;0,9016;1,1196
0,1623;-0,0383;0,9148;0,9298;1,1797
0,1147;-0,0520;0,9763;0,9843;1,2392
0,1423;-0,0571;0,9946;1,0063;1,3076
0,2314;-0,0342;0,9472;0,9757;1,3601
-0,1384;-0,0552;0,7053;0,7209;1,4203
0,1830;-0,0671;0,6133;0,6436;1,4840
0,6099;0,0879;1,9816;2,0752;1,5408
0,3798;0,0203;1,1378;1,1997;1,6005
0,2385;-0,0056;0,9714;1,0002;1,6612
0,1462;-0,0242;0,9907;1,0017;1,7200
0,1701;-0,0139;1,1181;1,1310;1,8184
0,1486;0,0002;1,2611;1,2698;1,8454
0,2492;-0,0320;1,1591;1,1860;1,9032
0,5347;-0,0408;0,9306;1,0741;1,9618
0,0737;-0,0161;0,9167;0,9198;2,0205
0,1108;-0,0366;1,0383;1,0448;2,0804
0,1640;-0,0259;0,9870;1,0009;2,1435
0,2458;0,0046;0,8847;0,9182;2,2007
0,2057;-0,0425;0,9902;1,0122;2,2654
0,2333;-0,0229;0,5975;0,6418;2,3265
0,2455;0,0525;0,3700;0,4471;2,3797
0,2245;-0,0412;1,1266;1,1495;2,4404
0,3285;-0,0635;1,0317;1,0846;2,5100
0,2226;-0,0166;0,9853;1,0103;2,5610
0,1567;-0,0264;1,0043;1,0168;2,6204
0,2087;-0,0268;1,1349;1,1542;2,6817
0,2321;-0,0083;1,2848;1,3056;2,7400
0,1655;0,0766;1,1212;1,1360;2,8054
0,2260;0,0083;1,0902;1,1134;2,8602
0,1728;-0,0647;0,6065;0,6339;2,9202
0,0603;0,0059;0,9614;0,9633;2,9800
0,1272;-0,0095;1,0400;1,0477;3,0400
0,1950;-0,0007;0,9623;0,9819;3,1006
0,1899;-0,0173;0,9540;0,9729;3,1643
0,2597;-0,0332;0,8249;0,8655;3,2203
0,2594;-0,0469;0,8503;0,8903;3,2833
0,1865;-0,0627;1,3568;1,3709;3,3398
0,2187;-0,0510;1,1786;1,1998;3,4004
0,3290;-0,0788;1,0475;1,1008;3,4607
0,2331;0,0039;0,9907;1,0177;3,5197
0,1474;-0,0535;0,9789;0,9914;3,5801
0,2053;-0,0422;1,0268;1,0479;3,6447
0,1767;-0,0517;1,1605;1,1750;3,7062
0,3773;-0,0471;1,2564;1,3127;3,7596
0,3305;-0,0571;1,0302;1,0834;3,8202
0,2543;-0,0813;0,5167;0,5816;3,8814
0,1242;0,0083;0,7832;0,7930;3,9396
0,1677;0,0017;0,9926;1,0067;4,0000
0,2333;0,0022;0,9958;1,0228;4,0619
0,2250;-0,0056;0,9570;0,9831;4,1190
0,2817;-0,0469;0,8284;0,8762;4,1807
0,0871;-0,0610;0,8562;0,8628;4,2451
-0,0676;-0,0369;1,7517;1,7533;4,3017
-0,0041;-0,0383;1,0844;1,0851;4,3609
0,2726;-0,0378;1,0375;1,0734;4,4216
0,2270;-0,0124;0,9929;1,0185;4,4833
0,1316;-0,0681;0,9907;1,0017;4,5401
0,1538;-0,0444;0,9914;1,0042;4,5998
0,2099;-0,0276;1,0566;1,0776;4,6598
-0,1489;-0,0696;1,0363;1,0492;4,7199
0,3075;-0,0249;1,0380;1,0829;4,7799
0,1228;-0,0693;0,9767;0,9869;4,8401
-0,5533;0,0410;0,0930;0,5626;4,9001
0,0896;0,0007;0,8103;0,8152;4,9593
0,1281;0,0071;0,9828;0,9912;5,0195
0,1857;0,0005;1,0126;1,0295;5,0799
0,1874;-0,0076;0,9960;1,0135;5,1410
0,1860;-0,0122;0,9536;0,9716;5,1998
0,1987;-0,0449;0,6824;0,7122;5,2596
0,1960;0,0034;0,7815;0,8057;5,3212
0,2626;-0,0410;0,7312;0,7780;5,3806
0,0083;-0,0517;0,9357;0,9372;5,4390
0,3532;-0,0486;1,0644;1,1225;5,4998
0,2394;0,0088;1,0087;1,0368;5,5602
0,1257;-0,0535;0,9902;0,9995;5,6199
0,1542;-0,0332;0,9853;0,9978;5,6793
0,1535;-0,0349;1,0336;1,0455;5,7401
0,1840;-0,0583;1,1320;1,1483;5,7996
0,2482;-0,0107;1,3397;1,3625;5,8588
-0,1240;-0,1218;0,7117;0,7326;5,9194
-0,2548;0,0154;0,5616;0,6169;5,9793
0,1306;0,0051;0,8188;0,8292;6,0399
0,1362;-0,0063;0,9643;0,9739;6,0994
0,2035;-0,0061;1,0243;1,0444;6,1630
0,2182;-0,0032;0,9609;0,9853;6,2233
0,2406;-0,0293;0,7420;0,7806;6,2801
0,1377;-0,0161;0,6797;0,6937;6,3396
-0,0273;-0,0188;1,0492;1,0498;6,3991
0,0554;-0,0232;0,9833;0,9852;6,4601
0,3507;-0,0537;1,0983;1,1542;6,5223
0,2355;-0,0142;1,0060;1,0333;6,5936
0,1225;-0,0464;0,9719;0,9807;6,6397
0,1462;-0,0386;0,9907;1,0021;6,6999
0,1513;-0,0337;1,0180;1,0297;6,7629
0,1689;-0,0134;1,0810;1,0942;6,8195
0,0901;-0,0063;1,1698;1,1733;6,8793
-0,0100;0,0142;0,8989;0,8991;6,9430
0,1982;0,0503;1,1149;1,1335;6,9992
0,3527;0,0066;1,0036;1,0638;7,0596
0,0974;0,0017;0,8930;0,8983;7,1227
0,1364;-0,0132;1,0138;1,0231;7,1818
0,1938;-0,0129;1,0199;1,0383;7,2395
0,1850;-0,0134;0,9899;1,0072;7,2986
0,1779;-0,0154;0,9587;0,9752;7,3586
0,3170;-0,0154;0,6102;0,6878;7,4201
0,1931;-0,0137;0,7315;0,7566;7,4788
0,1867;0,0029;1,2142;1,2285;7,5384
0,4149;-0,0544;1,9476;1,9921;7,5993
0,3244;-0,0271;1,1783;1,2225;7,6611
0,1892;-0,0234;0,9811;0,9995;7,7229
0,1582;-0,0264;0,9858;0,9987;7,7804
0,1486;-0,0300;0,9907;1,0022;7,8388
0,1765;-0,0293;1,0058;1,0216;7,9001
0,1726;-0,0247;1,0046;1,0196;7,9608
0,0884;-0,0188;1,0832;1,0869;8,0186
0,0522;-0,0024;1,1120;1,1132;8,0793
0,1118;-0,0552;1,0988;1,1058;8,1411
0,1943;-0,0312;1,0756;1,0934;8,2036
0,2565;0,0288;0,6548;0,7039;8,2583
0,1120;-0,0100;0,8718;0,8790;8,3214
0,1718;-0,0090;1,0085;1,0230;8,3805
0,2118;-0,0142;1,0099;1,0320;8,4395
0,1913;-0,0149;0,9633;0,9823;8,4996
0,2099;-0,0154;0,8884;0,9130;8,5685
-0,0095;-0,0373;1,0461;1,0468;8,6192
0,1806;-0,0027;0,6277;0,6532;8,6787
0,3324;0,0354;0,6665;0,7457;8,7386
0,0264;-0,0232;0,9282;0,9288;8,7994
0,2575;-0,0447;1,1105;1,1408;8,8650
0,1826;-0,0225;0,9890;1,0059;8,9199
0,1582;-0,0281;0,9836;0,9966;8,9795
0,1601;-0,0268;1,0134;1,0263;9,0410
0,1655;-0,0127;1,0622;1,0751;9,1000
0,1208;-0,0215;1,2181;1,2243;9,1669
0,0212;-0,1152;1,0732;1,0795;9,2198
0,1435;-0,0432;1,1244;1,1344;9,2795
-0,4859;-0,0190;-0,0432;0,4882;9,3415
0,1582;0,0129;0,8410;0,8559;9,3997
0,1630;0,0037;0,9738;0,9874;9,4597
0,2238;-0,0034;0,9907;1,0156;9,5254
0,2455;-0,0156;0,9472;0,9786;9,5796
0,0759;-0,0139;1,0836;1,0864;9,6395
0,2072;-0,0220;0,8318;0,8575;9,6996
0,1669;0,0085;0,8471;0,8635;9,7646
0,2948;-0,0149;1,3790;1,4102;9,8203
0,1730;-0,0178;1,0275;1,0421;9,8798
0,2211;-0,0434;0,9999;1,0250;9,9399
0,2021;-0,0322;0,9965;1,0173;9,9998
0,0854;-0,0293;1,0163;1,0203;10,0598
-0,0112;-0,0244;0,9907;0,9910;10,1193
0,1010;0,0198;1,0497;1,0548;10,1869
0,1089;-0,0181;1,1095;1,1150;10,2396
0,1828;-0,0225;1,0260;1,0424;10,2997
0,4083;0,0039;0,9372;1,0223;10,3661
0,1455;0,0068;0,8227;0,8355;10,4115
0,0869;-0,0039;0,8930;0,8973;10,4429
0,0818;-0,0085;0,9428;0,9464;10,4486
0,1157;-0,0112;0,9841;0,9909;10,4723
0,1281;-0,0166;0,9897;0,9981;10,4888
0,1569;-0,0173;1,0275;1,0396;10,5056
0,1804;-0,0190;1,0248;1,0408;10,5226
0,1967;-0,0195;1,0004;1,0198;10,5400
0,2092;-0,0051;0,9458;0,9686;10,5605
0,1979;-0,0146;0,9850;1,0048;10,5867
0,1933;-0,0142;0,9172;0,9374;10,6071
0,1928;-0,0051;0,8332;0,8553;10,6236
0,0090;-0,0283;0,9890;0,9894;10,6409
0,1909;-0,0225;0,5548;0,5871;10,6604
0,1604;-0,0151;0,8625;0,8774;10,6837
0,0937;0,0066;0,7290;0,7351;10,7094
0,1811;0,0827;0,6324;0,6630;10,7303
0,1245;0,0085;0,9509;0,9590;10,7469
0,2126;-0,0312;0,8140;0,8418;10,7636
-0,0691;0,0220;1,1222;1,1245;10,7813
-0,0188;-0,0908;2,3201;2,3219;10,8073
-0,0403;-0,0344;1,0846;1,0859;10,8231
0,1796;0,0225;0,9914;1,0078;10,8402
0,3900;-0,0354;1,4641;1,5156;10,8680
0,2033;-0,0586;1,1083;1,1283;10,8976
0,2179;-0,0610;1,0490;1,0731;10,9026
0,1892;-0,0444;1,0156;1,0340;10,9216
0,1499;-0,0256;0,9907;1,0023;10,9402
0,1523;-0,0200;0,9968;1,0085;10,9650
0,1294;-0,0293;0,9985;1,0072;10,9919
0,1445;-0,0259;1,0141;1,0247;11,0122
0,0915;-0,0354;1,0099;1,0147;11,0298
0,0854;-0,0437;1,0256;1,0300;11,0466
0,1181;-0,0483;1,1229;1,1302;11,0657
0,1574;-0,0444;1,1703;1,1817;11,0858
0,0225;-0,0434;1,0263;1,0275;11,1002
0,0610;-0,0117;1,1032;1,1049;11,1182
0,0781;-0,0098;1,2013;1,2039;11,1406
0,0207;-0,0137;1,0043;1,0046;11,1682
0,0359;0,0217;0,9699;0,9708;11,1849
0,0740;0,0164;1,1910;1,1934;11,2026
0,0966;0,0015;1,3341;1,3376;11,2193
0,0337;-0,0195;0,9951;0,9958;11,2395
0,1028;0,0012;1,2093;1,2137;11,2627
0,1225;-0,0412;1,0717;1,0795;11,2861
-0,3163;-0,0369;0,4852;0,5804;11,3053
0,1921;-0,0100;0,9379;0,9575;11,3236
0,1857;0,0417;0,7298;0,7542;11,3408
0,0923;0,0085;0,7935;0,7988;11,3729
0,0256;-0,0081;0,9094;0,9098;11,3927
0,0293;-0,0134;0,9636;0,9641;11,4117
0,0510;-0,0154;0,9807;0,9821;11,4277
0,0698;-0,0220;0,9875;0,9902;11,4440
0,1052;-0,0276;0,9907;0,9966;11,4604
0,1123;-0,0386;1,0243;1,0312;11,4857
0,1381;-0,0415;0,9985;1,0088;11,5079
0,1337;-0,0464;0,9907;1,0007;11,5262
0,1330;-0,0478;0,9621;0,9724;11,5436
0,1430;-0,0530;0,9448;0,9570;11,5596
0,1494;-0,0566;0,8769;0,8914;11,5830
-0,1828;-0,0649;1,1796;1,1954;11,6032
0,1311;-0,0876;0,9511;0,9641;11,6230
0,0505;-0,0615;0,6612;0,6659;11,6396
0,2133;-0,0654;0,9555;0,9812;11,6627
0,0620;-0,0412;0,7459;0,7496;11,6873
0,0974;-0,0361;0,9248;0,9306;11,7090
0,1384;-0,0381;0,9599;0,9706;11,7253
0,0349;-0,0556;0,4771;0,4816;11,7426
0,2211;-0,0159;0,7703;0,8015;11,7599
-0,0415;-0,0378;1,7172;1,7182;11,7867
0,0725;-0,0356;1,2818;1,2844;11,8075
0,1118;-0,0261;1,0156;1,0220;11,8256
0,3720;-0,0127;1,2811;1,3341;11,8427
0,2126;-0,0378;1,0707;1,0923;11,8594
0,3229;-0,0378;1,0861;1,1337;11,8840
0,2477;-0,0369;1,0292;1,0593;11,9045
0,1726;-0,0322;1,0021;1,0174;11,9235
0,1596;-0,0290;1,0007;1,0137;11,9404
0,1909;-0,0232;1,0380;1,0557;11,9677
0,1150;-0,0398;0,9963;1,0037;11,9869
0,1254;-0,0495;1,0231;1,0320;12,0092
0,0993;-0,0469;1,0429;1,0487;12,0262
0,0281;-0,0356;0,9933;0,9944;12,0429
0,1164;-0,0271;1,0868;1,0934;12,0592
0,0888;-0,0415;1,0998;1,1041;12,0822
-0,0312;-0,0354;0,9907;0,9918;12,0999
0,0822;-0,0027;1,1332;1,1362;12,1238
0,0381;0,0071;1,1879;1,1885;12,1461
0,0493;0,0210;1,0885;1,0898;12,1626
0,1057;0,0164;1,2079;1,2126;12,1845
0,0703;-0,0386;0,9570;0,9603;12,1992
-0,0290;0,0085;0,8352;0,8357;12,2259
0,0813;0,0134;1,0915;1,0946;12,2448
0,1145;0,0071;0,9836;0,9902;12,2625
-0,0998;0,0844;1,0487;1,0569;12,2789
0,0447;0,0063;1,0902;1,0912;12,3056
0,0713;-0,0234;0,3844;0,3917;12,3301
0,1196;0,0520;0,6570;0,6698;12,3490
0,0593;0,0242;0,8037;0,8063;12,3666
0,0581;0,0085;0,8606;0,8626;12,3835
0,0134;-0,0032;0,9333;0,9334;12,4082
0,0190;-0,0100;0,9633;0,9636;12,4302
0,0351;-0,0129;0,9782;0,9789;12,4484
0,0515;-0,0178;0,9980;0,9995;12,4646
0,0942;-0,0161;0,9958;1,0004;12,4810
0,1110;-0,0276;1,0126;1,0191;12,5075
0,1176;-0,0293;0,9914;0,9988;12,5331
0,1362;-0,0325;0,9606;0,9708;12,5482
0,1489;-0,0388;0,9292;0,9418;12,5647
0,1389;-0,0542;0,9204;0,9324;12,5824
0,1357;-0,0617;0,8842;0,8967;12,6076
0,1032;-0,0596;1,0085;1,0155;12,6284
0,1381;-0,0613;0,6685;0,6854;12,6470
0,0566;-0,0400;0,7876;0,7906;12,6644
0,1521;-0,0574;0,9504;0,9642;12,6813
0,0781;-0,0549;0,8391;0,8445;12,7076
0,1313;-0,0949;0,8186;0,8345;12,7269
-0,0095;-0,0588;0,7285;0,7310;12,7459
0,0949;0,0112;0,7356;0,7418;12,7620
0,0578;-0,0593;2,4690;2,4703;12,7906
-0,1408;-0,0652;0,9899;1,0020;12,8095
0,1298;0,0051;1,1527;1,1600;12,8262
0,2978;-0,0176;1,1622;1,1999;12,8431
0,2214;-0,0278;1,0463;1,0698;12,8591
0,2494;-0,0371;1,0673;1,0967;12,8842
0,2026;-0,0642;1,0256;1,0473;12,9092
0,1264;-0,0286;1,0180;1,0262;12,9281
0,1511;0,0039;1,0246;1,0357;12,9453
0,0837;-0,0349;0,9909;0,9950;12,9628
0,0847;-0,0525;1,0116;1,0165;12,9884
0,1084;-0,0657;1,0534;1,0610;13,0102
0,0715;-0,0442;0,9904;0,9940;13,0310
0,1113;-0,0559;1,0419;1,0493;13,0472
0,0227;-0,0574;1,0719;1,0737;13,0635
-0,2663;-0,0293;0,8101;0,8532;13,0796
0,0161;-0,0342;1,0988;1,0994;13,1053
-0,0068;-0,0481;1,1161;1,1172;13,1237
-0,0039;-0,0486;1,0541;1,0552;13,1433
-0,0054;-0,0674;1,1561;1,1581;13,1612
0,0046;-0,0910;1,3590;1,3620;13,1797
-0,0198;-0,0952;1,2760;1,2797;13,2077
0,1103;-0,0469;1,1410;1,1473;13,2266
-0,0176;-0,0476;1,3763;1,3772;13,2433
0,0669;-0,0659;1,1034;1,1074;13,2597
-0,3270;-0,1684;-0,0842;0,3774;13,2805
0,2577;-0,0671;0,9047;0,9431;13,3049
0,0254;-0,0820;0,5826;0,5889;13,3234
0,0317;-0,0364;0,7549;0,7564;13,3394
-0,0293;-0,0412;0,9174;0,9188;13,3638
-0,0225;-0,0442;0,9667;0,9680;13,3884
-0,0093;-0,0522;0,9907;0,9921;13,4076
0,0132;-0,0539;0,9914;0,9929;13,4245
0,0549;-0,0552;0,9811;0,9842;13,4417
0,0862;-0,0593;0,9985;1,0039;13,4666
0,1028;-0,0727;0,9602;0,9684;13,4879
0,0908;-0,0542;0,9587;0,9645;13,5071
0,0913;-0,0664;0,9182;0,9251;13,5243
0,1433;-0,0918;0,9658;0,9806;13,5413
0,0742;-0,1128;1,0114;1,0204;13,5679
0,0854;-0,0920;0,9599;0,9681;13,5889
0,1018;-0,0910;0,8755;0,8860;13,6088
0,0688;-0,1052;0,8420;0,8514;13,6282
0,0930;-0,0988;0,9299;0,9397;13,6437
0,2529;-0,1342;0,5323;0,6044;13,6599
0,1093;-0,0774;0,8359;0,8466;13,6787
0,0942;-0,0627;0,9087;0,9157;13,7034
0,1169;-0,0644;0,9770;0,9861;13,7230
-0,0068;-0,0195;0,8708;0,8711;13,7420
0,1945;0,0698;2,3447;2,3538;13,7589
-0,0632;-0,0473;1,1210;1,1238;13,7832
0,1821;0,0300;0,7969;0,8180;13,8012
0,2284;0,0203;1,0221;1,0476;13,8194
0,2477;0,0088;1,2308;1,2555;13,8458
0,0952;-0,0044;1,0314;1,0358;13,8977
0,0798;-0,0039;1,0890;1,0919;13,9582
0,0200;0,0105;1,1337;1,1339;14,0181
0,0354;0,0447;1,0519;1,0535;14,0800
0,1008;0,0278;1,4668;1,4706;14,1389
0,2714;-0,0732;0,6131;0,6745;14,2033
0,0386;0,0188;0,8030;0,8041;14,2582
-0,0261;-0,0200;1,0180;1,0185;14,3193
0,0559;-0,0107;1,0082;1,0098;14,3787
0,0593;-0,0134;0,9443;0,9462;14,4380
0,0569;-0,0215;0,8562;0,8583;14,4989
-0,1110;0,0032;0,8330;0,8404;14,5582
0,0708;0,0010;0,8171;0,8202;14,6226
0,2441;-0,0054;0,5235;0,5776;14,6788
-0,0513;-0,0229;0,8052;0,8071;14,7388
0,1408;-0,0430;1,1517;1,1611;14,7989
0,0822;-0,0164;1,0021;1,0056;14,8581
0,0849;-0,0173;1,0534;1,0569;14,9185
0,0281;-0,0166;1,0673;1,0678;14,9658
0,0315;-0,0178;1,1193;1,1199;14,9903
0,0176;-0,0264;1,1508;1,1512;15,0097
-0,0901;0,0059;0,9721;0,9763;15,0259
-0,0022;0,0220;1,1461;1,1463;15,0425
-0,0002;0,0185;1,0788;1,0789;15,0592
-0,0207;0,0298;1,0195;1,0201;15,0862
0,1030;0,0469;1,1644;1,1699;15,1096
-0,1711;0,0183;1,0417;1,0558;15,1295
0,0107;0,0100;1,0507;1,0508;15,1470
0,1128;0,0456;1,1564;1,1628;15,1641
0,1235;0,0488;1,2308;1,2380;15,1809
0,1113;0,0290;1,0705;1,0766;15,1998
0,1250;0,0239;0,6624;0,6745;15,2197
0,0229;0,0166;0,7388;0,7393;15,2394
0,0722;0,0369;0,8171;0,8211;15,2597
-0,0215;0,0073;0,8842;0,8845;15,2860
-0,0178;-0,0073;0,9836;0,9838;15,3081
-0,0112;-0,0239;0,9892;0,9895;15,3275
0,0078;-0,0327;1,0646;1,0651;15,3444
0,0193;-0,0349;1,0793;1,0800;15,3610
0,0391;-0,0342;1,0448;1,0461;15,3857
0,0432;-0,0332;0,9924;0,9939;15,4062
0,0473;-0,0334;0,9909;0,9926;15,4257
0,0591;-0,0308;0,9941;0,9963;15,4429
0,0803;-0,0268;0,9240;0,9279;15,4594
0,1123;-0,0220;0,8625;0,8701;15,4854
-0,1032;-0,0574;1,0707;1,0772;15,5054
0,0596;-0,0412;0,9907;0,9933;15,5260
0,0527;0,0076;0,5816;0,5840;15,5444
0,1237;-0,0095;0,8462;0,8552;15,5614
0,1174;-0,0127;0,9926;0,9996;15,5872
0,0852;0,0041;0,5689;0,5753;15,6088
0,0703;0,0261;0,9043;0,9074;15,6271
0,0222;0,0366;0,8362;0,8373;15,6434
0,1953;0,0220;0,5223;0,5580;15,6672
0,0503;0,0556;1,1769;1,1793;15,6877
0,1769;0,0334;1,7089;1,7184;15,7052
-0,0310;0,0002;0,8269;0,8275;15,7223
0,1486;0,0132;1,1493;1,1589;15,7399
0,1401;-0,0347;1,1310;1,1402;15,7661
0,1845;-0,0403;1,1713;1,1864;15,7918
0,1506;-0,0376;1,0448;1,0563;15,8131
0,1398;-0,0124;0,9904;1,0003;15,8310
0,1213;-0,0144;1,0073;1,0146;15,8473
0,1010;-0,0200;0,9985;1,0038;15,8642
0,0896;-0,0242;0,9909;0,9952;15,8800
0,0747;-0,0247;1,0024;1,0055;15,9038
0,0586;-0,0242;1,0058;1,0078;15,9241
0,1006;-0,0200;1,0846;1,0895;15,9421
0,0996;-0,0039;1,0980;1,1026;15,9664
0,0669;-0,0073;1,0732;1,0753;15,9841
0,0578;-0,0127;1,0954;1,0970;16,0008
-0,2023;-0,0325;0,8589;0,8830;16,0181
0,0286;0,0085;1,1056;1,1060;16,0435
0,0085;0,0078;1,0854;1,0854;16,0677
-0,0203;0,0020;1,0204;1,0206;16,0869
0,0222;-0,0137;1,1137;1,1140;16,1040
-0,0720;-0,0237;0,9179;0,9211;16,1212
0,1489;-0,0373;1,5996;1,6069;16,1483
0,0678;-0,0002;1,2721;1,2739;16,1676
-0,1931;-0,0678;0,6185;0,6514;16,1903
0,1294;-0,0283;1,0041;1,0128;16,2096
0,0552;0,0037;1,0866;1,0880;16,2263
-0,3558;-0,0483;-0,2724;0,4507;16,2432
0,1069;-0,0029;0,6265;0,6356;16,2601
0,0498;-0,0139;0,7190;0,7209;16,2822
0,0015;-0,0005;0,8982;0,8982;16,2984
-0,0244;-0,0127;0,9694;0,9698;16,3241
-0,0066;-0,0154;0,9887;0,9888;16,3475
0,0288;-0,0164;1,0097;1,0102;16,3650
0,0425;-0,0217;1,0260;1,0272;16,3819
0,0832;-0,0173;1,0136;1,0172;16,3982
0,1028;-0,0144;0,9853;0,9907;16,4226
0,1481;0,0007;0,9209;0,9327;16,4454
0,0979;-0,0266;0,9760;0,9813;16,4634
0,1130;-0,0337;0,9331;0,9405;16,4789
0,0552;-0,0347;0,9855;0,9877;16,4983
0,1013;-0,0408;0,9897;0,9957;16,5225
0,0949;-0,0315;0,9026;0,9081;16,5465
0,0544;-0,0227;0,5484;0,5516;16,5661
0,1157;-0,0354;0,9882;0,9956;16,5833
0,0264;-0,0393;0,8003;0,8017;16,6001
0,2004;-0,0239;0,6236;0,6554;16,6268
0,0661;0,0093;0,8337;0,8364;16,6485
0,1547;0,0164;1,4117;1,4202;16,6681
0,1638;0,0044;0,6524;0,6726;16,6857
0,0037;0,0054;1,2398;1,2399;16,7027
0,0142;-0,0210;1,2269;1,2272;16,7189
0,0722;0,0110;0,8664;0,8695;16,7425
0,2160;-0,0105;1,1020;1,1230;16,7610
0,2028;-0,0373;1,1366;1,1552;16,7778
0,1757;-0,0376;1,1220;1,1363;16,7971
0,1496;-0,0254;1,0324;1,0435;16,8186
0,1228;-0,0234;0,9904;0,9983;16,8474
0,1049;-0,0247;0,9960;1,0018;16,8671
0,0896;-0,0247;0,9946;0,9989;16,8852
0,0940;-0,0217;0,9933;0,9980;16,9012
0,1101;-0,0200;1,0690;1,0748;16,9180
0,1001;-0,0322;1,0519;1,0572;16,9441
0,1025;-0,0417;1,1044;1,1099;16,9649
0,0857;-0,0315;1,1295;1,1332;16,9835
-0,0015;-0,0061;1,0622;1,0622;16,9988
0,0220;0,0178;1,0356;1,0360;17,0244
0,0452;0,0212;1,2240;1,2250;17,0440
0,0334;0,0447;1,0556;1,0571;17,0618
0,0232;0,0649;0,9899;0,9923;17,0789
0,1176;0,0688;1,1566;1,1646;17,1063
0,1333;-0,0020;1,0946;1,1027;17,1322
0,0229;0,0112;0,9897;0,9900;17,1489
0,0210;0,0283;1,1605;1,1611;17,1653
-0,0232;0,0095;0,9450;0,9454;17,1819
0,0635;0,0508;1,0988;1,1018;17,2121
0,2572;-0,0298;0,5982;0,6518;17,2304
0,1059;-0,0366;0,3842;0,4002;17,2473
0,0630;-0,0103;0,7795;0,7821;17,2627
0,0103;-0,0081;0,8515;0,8516;17,2787
-0,0068;-0,0066;0,9672;0,9673;17,3024
0,0020;-0,0061;0,9714;0,9714;17,3236
0,0132;-0,0090;0,9780;0,9781;17,3415
0,0325;-0,0122;1,0116;1,0122;17,3592
0,0581;-0,0124;1,0392;1,0409;17,3852
0,0759;-0,0129;1,0212;1,0241;17,4100
0,0813;-0,0154;0,9909;0,9943;17,4302
0,1071;-0,0103;0,9821;0,9880;17,4469
0,1108;0,0073;0,8999;0,9067;17,4636
0,1262;-0,0117;0,9104;0,9191;17,4800
0,1230;-0,0205;0,8550;0,8640;17,5055
0,1276;-0,0325;1,0134;1,0219;17,5271
0,0837;-0,0112;0,8840;0,8880;17,5458
0,0666;-0,0498;0,8598;0,8639;17,5627
0,0869;-0,0339;0,9157;0,9205;17,5791
0,1057;-0,0456;0,9145;0,9217;17,6049
0,0593;-0,0317;0,7639;0,7669;17,6278
0,0971;-0,0168;0,7908;0,7969;17,6469
0,0610;0,0156;0,8974;0,8996;17,6640
0,0205;0,0769;0,7883;0,7923;17,6822
0,0813;0,0017;1,0102;1,0134;17,6983
0,0469;0,0364;2,1617;2,1625;17,7187
-0,0840;-0,0444;0,9597;0,9644;17,7394
0,1535;0,0142;1,2003;1,2102;17,7632
0,1750;-0,0276;1,2391;1,2517;17,7916
0,1467;-0,0459;1,1622;1,1724;17,8120
0,1157;-0,0320;1,0385;1,0454;17,8319
0,0949;-0,0215;0,9897;0,9945;17,8493
0,0791;-0,0215;1,0099;1,0133;17,8655
0,1686;-0,0373;1,1034;1,1169;17,8812
0,0273;-0,0229;0,9455;0,9462;17,9025
0,0466;-0,0364;1,0146;1,0163;17,9183
0,0366;-0,0415;1,0497;1,0512;17,9379
0,0386;-0,0366;1,0810;1,0823;17,9659
-0,1755;0,0317;0,8828;0,9006;17,9861
0,0371;-0,0271;1,1000;1,1010;18,0034
-0,0007;-0,0122;1,0575;1,0576;18,0213
0,0081;-0,0115;1,1166;1,1167;18,0387
-0,0305;-0,0256;1,1569;1,1576;18,0622
0,0300;-0,0525;1,1520;1,1536;18,0822
-0,2197;-0,0378;1,1129;1,1350;18,0997
-0,0112;-0,0139;1,0492;1,0494;18,1183
-0,0151;-0,0115;0,9553;0,9555;18,1419
0,0759;-0,0212;1,0116;1,0147;18,1706
-0,1145;-0,0122;0,7141;0,7234;18,1936
-0,2114;0,0527;0,2358;0,3210;18,2123
0,1682;0,0300;0,6399;0,6623;18,2283
0,0439;0,0071;0,7488;0,7501;18,2452
0,0039;-0,0002;0,8938;0,8938;18,2667
-0,0273;-0,0183;0,9907;0,9912;18,2837
-0,0093;-0,0251;0,9850;0,9854;18,2989
0,0059;-0,0281;1,0165;1,0169;18,3181
0,0303;-0,0300;1,0444;1,0452;18,3428
0,0596;-0,0300;1,0253;1,0275;18,3649
0,0649;-0,0366;0,9982;1,0010;18,3977
0,1118;-0,0398;0,9113;0,9190;18,4578
-0,0708;-0,0488;1,1041;1,1075;18,5170
0,0813;-0,0210;0,7749;0,7794;18,5782
0,0088;0,0195;0,9916;0,9919;18,6377
0,0525;-0,0222;1,0605;1,0620;18,6977
0,2084;-0,0083;1,1757;1,1940;18,7587
0,0993;-0,0310;1,0588;1,0639;18,8173
0,1272;-0,0347;1,1161;1,1239;18,8823
-0,0056;-0,0144;1,0719;1,0720;18,9402
0,0105;0,0181;1,0607;1,0609;18,9974
0,0542;0,0225;1,1434;1,1449;19,0576
-0,0239;0,0488;1,0246;1,0260;19,1185
0,0749;0,0503;1,0429;1,0468;19,1785
0,0359;0,0088;0,8347;0,8355;19,2376
-0,0190;-0,0234;1,0036;1,0040;19,2988
0,0505;-0,0261;1,0256;1,0271;19,3574
0,0542;-0,0203;0,9948;0,9965;19,4175
0,1579;0,0034;0,8398;0,8546;19,4771
0,0095;-0,0115;1,0063;1,0064;19,5302
0,0810;-0,0088;0,8401;0,8440;19,5387
0,0779;0,0276;1,0124;1,0157;19,5697
0,0613;-0,0239;0,9006;0,9030;19,5944
0,0774;-0,0268;0,8991;0,9029;19,5999
0,1150;-0,0273;0,8662;0,8742;19,6178
0,0979;-0,0320;0,8864;0,8924;19,6427
0,1049;-0,0290;0,9516;0,9578;19,6603
0,0024;-0,0329;0,9065;0,9071;19,6872
0,0481;-0,0051;0,6978;0,6995;19,7074
0,1240;-0,0261;1,0146;1,0225;19,7242
0,1845;-0,1093;2,3662;2,3759;19,7410
-0,0532;-0,0439;1,0165;1,0189;19,7575
0,1811;-0,0103;1,1708;1,1847;19,7820
0,2014;-0,0168;1,0656;1,0846;19,8064
0,1167;-0,0203;1,0463;1,0530;19,8299
0,0905;-0,0200;1,0031;1,0074;19,8476
0,0866;-0,0173;0,9738;0,9778;19,8642
0,0583;-0,0220;0,9877;0,9897;19,8801
0,0439;-0,0222;1,0092;1,0104;19,9035
0,0737;-0,0176;1,0732;1,0758;19,9223
0,0708;-0,0127;1,0358;1,0383;19,9399
0,0600;-0,0093;1,0373;1,0391;19,9659
0,0383;-0,0037;1,0588;1,0595;19,9896
0,0652;0,0105;1,0880;1,0900;20,0104
-0,0483;0,0085;1,0097;1,0109;20,0284
-0,0049;0,0115;1,0124;1,0125;20,0452
0,0156;0,0398;1,1722;1,1730;20,0619
0,0203;0,0405;1,0390;1,0400;20,0781
0,0273;0,0530;1,1059;1,1075;20,1000
0,0991;0,0869;1,3765;1,3828;20,1168
0,1386;0,0366;1,3123;1,3201;20,1386
0,0708;0,0198;1,0373;1,0399;20,1630
-0,0759;0,0085;1,0085;1,0114;20,1856
0,0710;-0,0103;1,1278;1,1301;20,2034
0,1028;-0,0168;1,2669;1,2712;20,2187
-0,4105;-0,0652;-0,1582;0,4447;20,2365
0,0752;-0,0151;0,6734;0,6777;20,2582
0,0434;-0,0044;0,7954;0,7966;20,2834
-0,0054;0,0027;0,8720;0,8721;20,3025
-0,0103;0,0007;0,9292;0,9292;20,3205
0,0078;0,0017;0,9648;0,9648;20,3370
0,0127;-0,0039;1,0012;1,0012;20,3626
0,0225;-0,0078;1,0358;1,0361;20,3873
0,0391;-0,0095;1,0295;1,0302;20,4067
0,0554;-0,0088;1,0177;1,0193;20,4247
0,0354;-0,0142;1,0268;1,0275;20,4411
0,0503;-0,0071;1,0014;1,0027;20,4645
0,0637;-0,0078;0,9872;0,9893;20,4836
0,0700;-0,0022;0,9643;0,9668;20,5018
0,0664;-0,0046;0,9687;0,9710;20,5171
0,0859;-0,0105;0,9763;0,9801;20,5433
0,2414;0,0124;0,7249;0,7641;20,5668
0,1213;-0,0139;0,7874;0,7968;20,5865
0,1181;-0,0185;1,0558;1,0626;20,6037
0,1518;-0,0391;0,3903;0,4206;20,6198
0,1499;0,0066;0,9326;0,9446;20,6474
0,0805;-0,0295;0,8393;0,8437;20,6732
0,0842;-0,0207;0,8213;0,8258;20,6923
0,0959;-0,0303;0,7520;0,7587;20,7085
0,0444;-0,0022;0,9475;0,9485;20,7250
0,0703;-0,0207;0,8850;0,8880;20,7408
-0,1142;0,0278;1,2948;1,3001;20,7609
-0,0190;0,0085;2,0087;2,0088;20,7780
-0,0105;-0,0317;1,1071;1,1076;20,7976
0,0549;-0,0046;0,9257;0,9274;20,8172
0,2175;-0,0063;1,2911;1,3093;20,8410
0,1701;-0,0408;1,0961;1,1100;20,8631
0,1621;-0,0434;1,0575;1,0708;20,8799
0,1542;-0,0247;1,0153;1,0273;20,8976
0,1303;-0,0264;1,0034;1,0121;20,9255
0,1098;-0,0290;1,0217;1,0280;20,9499
0,0971;-0,0295;1,0121;1,0172;20,9702
0,1503;-0,0239;1,0768;1,0875;20,9871
0,1174;-0,0325;1,0785;1,0854;21,0039
0,0134;-0,0320;1,0097;1,0103;21,0206
0,0769;-0,0408;1,1361;1,1394;21,0456
0,0544;-0,0476;1,1303;1,1326;21,0638
0,0056;-0,0249;1,0563;1,0566;21,0810
0,0442;-0,0210;1,2679;1,2689;21,0982
0,0039;0,0063;1,0419;1,0419;21,1168
0,1940;0,0268;1,1617;1,1781;21,1408
0,2018;0,0295;1,3192;1,3348;21,1630
0,0144;-0,0344;0,9543;0,9550;21,1867
-0,2443;-0,0481;0,6624;0,7076;21,2075
0,1193;0,0176;1,1754;1,1816;21,2240
-0,2834;0,0168;0,3922;0,4842;21,2411
-0,0805;0,0437;0,5037;0,5120;21,2572
0,1220;0,0049;0,7280;0,7382;21,2769
0,0351;-0,0034;0,7817;0,7825;21,2988
0,0002;-0,0146;0,9040;0,9041;21,3247
0,0005;-0,0195;0,9721;0,9723;21,3416
-0,0039;-0,0312;1,0251;1,0256;21,3616
0,0056;-0,0361;1,0461;1,0467;21,3793
0,0156;-0,0339;1,0492;1,0499;21,4071
0,0598;-0,0249;1,0239;1,0259;21,4263
0,0535;-0,0244;1,0080;1,0097;21,4455
0,0459;-0,0239;0,9907;0,9920;21,4625
0,0393;-0,0247;0,9865;0,9876;21,4784
0,0349;-0,0290;0,9836;0,9846;21,5043
0,0395;-0,0283;0,9724;0,9736;21,5250
0,0764;-0,0234;0,9836;0,9868;21,5444
0,0769;-0,0293;0,9892;0,9926;21,5614
0,2402;0,0151;0,8269;0,8612;21,5865
0,1765;0,0200;0,6765;0,6995;21,6119
0,1589;-0,0203;0,9375;0,9510;21,6318
0,0354;-0,0271;0,8957;0,8968;21,6494
0,0615;-0,0105;0,9499;0,9519;21,6653
0,0383;0,0012;0,7346;0,7356;21,6823
0,0749;-0,0068;0,8650;0,8682;21,7066
0,1257;-0,0408;0,8757;0,8856;21,7240
0,2126;-0,0090;0,6731;0,7060;21,7410
-0,0022;0,0137;1,4114;1,4115;21,7588
-0,1245;-0,0337;2,5422;2,5454;21,7862
-0,0918;-0,0325;0,9772;0,9821;21,8137
0,2116;0,0351;1,1383;1,1584;21,8351
0,1545;-0,0317;1,0841;1,0955;21,8393
0,1704;-0,0334;1,1654;1,1783;21,8583
0,1496;-0,0276;1,0805;1,0911;21,8844
0,1057;-0,0203;0,9919;0,9977;21,9065
0,0920;-0,0190;1,0019;1,0063;21,9271
0,0825;-0,0207;1,0060;1,0096;21,9439
0,0903;-0,0207;0,9968;1,0011;21,9600
0,0930;-0,0239;1,0397;1,0441;21,9871
0,0764;-0,0415;1,0922;1,0956;22,0047
0,0993;-0,0498;1,0959;1,1015;22,0248
0,1333;-0,0481;1,1354;1,1442;22,0410
-0,1899;-0,0261;0,9170;0,9368;22,0671
0,0566;0,0015;1,1632;1,1646;22,0946
0,0427;0,0098;1,1815;1,1823;22,0999
-0,0056;-0,0129;1,1278;1,1279;22,1211
0,0361;-0,0220;0,9526;0,9535;22,1406
0,0574;-0,0007;1,1510;1,1524;22,1580
0,0657;-0,0063;1,1120;1,1139;22,1892
0,1379;-0,0159;1,0944;1,1032;22,2136
0,1918;-0,0244;1,1744;1,1903;22,2174
0,0988;-0,0308;1,0373;1,0424;22,2393
0,2934;0,0364;1,2779;1,3117;22,2636
0,2219;-0,0156;0,8662;0,8943;22,2871
0,0962;-0,0203;0,7788;0,7850;22,3063
0,0491;-0,0161;0,8655;0,8670;22,3237
0,0359;-0,0073;0,9130;0,9138;22,3400
0,0115;-0,0173;0,9907;0,9909;22,3657
0,0132;-0,0200;0,9916;0,9919;22,3869
0,0366;-0,0193;1,0051;1,0059;22,4059
0,0469;-0,0200;0,9982;0,9995;22,4227
0,0498;-0,0239;1,0151;1,0166;22,4384
0,0635;-0,0190;1,0104;1,0126;22,4683
0,0566;-0,0217;1,0234;1,0252;22,4897
0,0596;-0,0200;0,9870;0,9890;22,5079
0,0854;-0,0183;0,9736;0,9775;22,5245
0,0918;-0,0190;0,9816;0,9861;22,5411
0,0825;-0,0244;0,9897;0,9934;22,5661
0,1115;-0,0249;0,8701;0,8776;22,5890
0,1174;0,0059;0,8474;0,8555;22,6081
-0,1887;-0,0312;1,1683;1,1839;22,6243
0,0613;-0,0686;0,6404;0,6470;22,6408
0,1162;-0,0022;1,0109;1,0176;22,6658
0,0351;-0,0071;0,7603;0,7611;22,6865
0,1430;0,0456;0,9077;0,9200;22,7051
0,0344;0,0227;1,0124;1,0132;22,7220
-0,0500;0,0010;0,8281;0,8296;22,7477
0,2363;-0,0520;0,3283;0,4078;22,7702
0,0369;0,0078;1,0136;1,0143;22,7868
0,0598;-0,0173;1,3153;1,3167;22,8035
0,0952;0,0107;0,9521;0,9569;22,8202
0,2116;0,0041;1,1183;1,1382;22,8464
0,2546;-0,0268;1,2657;1,2913;22,8719
0,1545;-0,0412;1,0678;1,0797;22,8950
0,1264;-0,0264;0,9914;0,9998;22,8995
0,1128;-0,0234;0,9987;1,0053;22,9178
0,0879;-0,0278;1,0285;1,0326;22,9414
0,1084;-0,0198;1,0204;1,0264;22,9640
0,0871;-0,0220;1,1290;1,1326;23,0182
0,0222;-0,0137;1,2130;1,2133;23,0770
0,3449;-0,0149;1,4759;1,5157;23,1385
0,1999;0,0085;1,0897;1,1080;23,2073
-0,1826;-0,0776;0,2197;0,2960;23,2572
-0,0066;-0,0386;0,9897;0,9905;23,3180
0,0395;-0,0400;1,0243;1,0259;23,3816
0,0678;-0,0366;1,0085;1,0114;23,4388
0,0720;-0,0322;0,9907;0,9938;23,4978
0,1513;0,0317;0,6600;0,6778;23,5585
0,0932;-0,0117;0,5181;0,5266;23,6177
0,1191;-0,0234;0,7639;0,7735;23,6799
-0,0308;-0,0405;1,1495;1,1507;23,7380
-0,0227;-0,0361;1,1305;1,1313;23,7979
0,1950;-0,0408;1,0790;1,0972;23,8570
0,1211;-0,0356;1,0168;1,0246;23,9176
0,1137;-0,0400;1,0836;1,0903;23,9779
0,0466;-0,0530;1,2174;1,2194;24,0373
0,1208;-0,0095;1,2584;1,2642;24,0965
0,0398;-0,0720;0,9804;0,9839;24,1573
0,1398;-0,0022;0,6045;0,6205;24,2212
0,0354;-0,0142;0,9099;0,9107;24,2778
0,0173;-0,0273;0,9924;0,9929;24,3372
0,0681;-0,0139;1,0031;1,0055;24,3976
0,0813;-0,0103;0,9887;0,9921;24,4580
0,1716;0,0020;0,8923;0,9086;24,5173
0,1184;-0,0305;0,6309;0,6426;24,5768
0,0998;-0,0039;0,7117;0,7187;24,6366
-0,2045;0,0154;1,3841;1,3992;24,6973
-0,1208;-0,0544;0,9365;0,9458;24,7581
0,1398;-0,0268;1,0614;1,0709;24,8217
0,0491;-0,0276;1,0204;1,0220;24,8781
0,1110;-0,0173;1,1027;1,1084;24,9374
0,0234;-0,0185;1,0380;1,0384;24,9971
-0,0356;-0,0007;1,0719;1,0725;25,0572
0,0029;-0,0183;1,0251;1,0252;25,1221
-0,0183;-0,0032;0,9909;0,9911;25,1777
0,1467;-0,0083;0,6319;0,6487;25,2368
-0,0083;-0,0083;0,9536;0,9536;25,3000
0,0205;-0,0176;1,0041;1,0044;25,3567
0,0554;-0,0261;0,9904;0,9923;25,4171
0,0761;-0,0361;0,9850;0,9886;25,4777
0,0988;-0,0393;0,8506;0,8572;25,5394
0,0107;-0,0561;1,1461;1,1476;25,5982
-0,0088;-0,0444;0,8550;0,8562;25,6583
0,1970;-0,0449;1,1207;1,1388;25,7172
0,1584;0,0227;1,1752;1,1860;25,7797
0,1040;-0,0312;1,0258;1,0315;25,8373
0,1440;-0,0364;1,1322;1,1419;25,8995
0,0220;-0,0210;1,0202;1,0206;25,9620
-0,0220;-0,0447;1,0241;1,0253;26,0179
-0,0793;-0,0207;0,9838;0,9872;26,0774
0,0334;-0,0203;1,0858;1,0865;26,1370
0,1369;-0,0015;0,7554;0,7677;26,1982
-0,0281;-0,0149;0,9331;0,9336;26,2578
0,0024;-0,0215;1,0114;1,0116;26,3178
0,0332;-0,0203;1,0129;1,0136;26,3769
0,0574;-0,0171;0,9753;0,9771;26,4420
0,0940;-0,0293;0,9194;0,9246;26,4966
0,0805;-0,0442;0,8142;0,8194;26,5571
0,0410;0,0017;0,9350;0,9359;26,6168
0,0705;0,0310;0,8950;0,8983;26,6767
0,0447;-0,0010;1,0131;1,0141;26,7433
0,1879;0,0015;1,0644;1,0808;26,7971
0,1474;-0,0290;1,0849;1,0952;26,8570
0,0827;-0,0254;1,0702;1,0737;26,9168
0,0473;-0,0422;1,0458;1,0477;26,9770
0,0132;-0,0149;1,0827;1,0829;27,0402
-0,0964;0,0015;0,9191;0,9242;27,0962
0,0671;-0,0412;1,1749;1,1776;27,1570
0,0981;-0,0171;0,8088;0,8149;27,2205
-0,0278;-0,0132;0,9489;0,9494;27,2766
-0,0007;-0,0188;1,0109;1,0111;27,3368
0,0229;-0,0090;0,9936;0,9939;27,3966
0,0217;-0,0085;0,9855;0,9858;27,4592
0,0408;-0,0041;0,9907;0,9915;27,5172
0,1032;0,0066;0,8515;0,8578;27,5769
0,1135;0,0205;0,8711;0,8787;27,6366
0,0847;0,0161;0,8054;0,8100;27,6966
0,0300;-0,0159;1,3987;1,3991;27,7566
0,0979;0,0051;1,0707;1,0752;27,8167
0,1062;-0,0225;1,0436;1,0492;27,8771
0,1472;-0,0029;1,1820;1,1911;27,9368
-0,0647;-0,0020;0,8955;0,8978;27,9970
-0,0151;0,0088;1,0712;1,0713;28,0572
-0,2057;0,0234;0,7664;0,7938;28,1175
0,0256;0,0137;1,0419;1,0423;28,1769
-0,0303;-0,0100;0,6360;0,6368;28,2387
0,0002;0,0012;0,9265;0,9265;28,2964
-0,0103;-0,0139;1,0070;1,0072;28,3573
0,0415;-0,0110;1,0134;1,0143;28,4168
0,0308;-0,0134;0,9907;0,9912;28,4798
0,0471;-0,0139;1,0021;1,0033;28,5367
0,1237;0,0146;0,8879;0,8966;28,5967
0,0852;0,0059;0,5972;0,6033;28,6588
0,1345;0,0227;0,9821;0,9915;28,7164
0,2033;0,0286;0,4923;0,5334;28,7767
-0,0588;0,0049;0,8327;0,8348;28,8368
0,1545;-0,0276;1,0968;1,1080;28,8967
0,0976;-0,0171;1,0038;1,0087;28,9582
0,0344;-0,0190;1,0527;1,0534;29,0210
0,0317;-0,0127;1,2743;1,2747;29,0773
-0,1955;-0,0083;0,5704;0,6030;29,1372
0,0095;0,0600;0,8923;0,8944;29,2030
-0,0493;0,0205;0,3105;0,3150;29,2568
-0,0007;0,0002;0,9670;0,9670;29,3173
-0,0049;-0,0300;1,0634;1,0638;29,3786
0,0351;-0,0210;1,0082;1,0091;29,4374
0,0251;-0,0203;0,9904;0,9909;29,4982
0,0295;-0,0151;1,0031;1,0037;29,5570
0,1137;0,0195;0,9379;0,9450;29,6166
0,0864;0,0464;0,7071;0,7138;29,6775
0,0554;-0,0232;0,8877;0,8897;29,7375
0,0664;0,0361;0,8220;0,8255;29,8003
0,3205;0,0046;1,7463;1,7754;29,8567
0,1877;-0,0386;1,1542;1,1700;29,9170
0,0905;-0,0176;1,0160;1,0202;29,9821
0,0388;-0,0183;1,0307;1,0316;30,0381
0,0415;-0,0122;1,1227;1,1235;30,0970
-0,0334;0,0063;0,9018;0,9025;30,1574
-0,1906;-0,0552;1,1183;1,1358;30,2193
0,0459;-0,0383;1,0534;1,0551;30,2772
0,1074;-0,0156;0,6744;0,6830;30,3382
-0,0666;-0,0395;1,0080;1,0110;30,3988
-0,0034;-0,0290;0,9916;0,9921;30,4572
0,0085;-0,0293;1,0051;1,0055;30,5198
0,0022;-0,0354;0,9819;0,9825;30,5774
0,1245;-0,0378;0,7576;0,7687;30,6366
0,1684;-0,0454;0,9894;1,0047;30,6972
0,0735;-0,0286;1,0095;1,0125;30,7619
-0,1594;-0,0037;2,3521;2,3574;30,8167
0,2931;-0,0278;1,0319;1,0731;30,8772
0,0544;-0,0276;1,0138;1,0157;30,9367
0,0576;-0,0232;1,0365;1,0384;30,9970
-0,0527;-0,0105;0,9604;0,9619;31,0569
-0,0510;-0,0041;1,1444;1,1456;31,1165
0,0303;-0,0198;1,2989;1,2994;31,1767
0,0959;-0,0473;1,1886;1,1934;31,2381
-0,2819;-0,0183;0,5584;0,6258;31,2978
0,0303;-0,0112;0,7512;0,7519;31,3567
-0,0183;-0,0212;0,9907;0,9911;31,4170
0,0288;-0,0173;1,0085;1,0090;31,4766
0,0383;-0,0176;0,9972;0,9981;31,5371
0,0391;-0,0207;0,9741;0,9751;31,5969
0,1523;-0,0164;0,7978;0,8124;31,6567
0,0478;0,0247;0,9587;0,9602;31,7173
0,0437;-0,0332;0,5897;0,5922;31,7767
-0,0949;0,0530;1,0722;1,0777;31,8364
0,2614;-0,0183;1,1913;1,2198;31,9017
0,1423;-0,0159;0,9970;1,0072;31,9600
0,0857;-0,0207;1,0390;1,0427;32,0174
0,0203;-0,0129;1,1256;1,1259;32,0766
0,0171;-0,0178;1,1488;1,1491;32,1381
0,1860;0,0366;1,5208;1,5325;32,1985
0,1252;0,0207;1,1144;1,1216;32,2566
0,1074;0,0015;0,7493;0,7569;32,3192
-0,0290;-0,0325;0,9982;0,9992;32,3808
-0,0027;-0,0508;1,0297;1,0310;32,4367
0,0432;-0,0364;0,9904;0,9920;32,4961
0,0371;-0,0347;0,9814;0,9827;32,5565
0,1640;0,0354;0,8088;0,8261;32,6159
0,1025;0,0002;0,4964;0,5069;32,6768
0,1660;-0,0283;0,7991;0,8166;32,7375
0,1635;-0,0586;0,1298;0,2169;32,7968
0,1738;0,0337;0,9875;1,0032;32,8578
0,0871;-0,0369;1,0234;1,0277;32,9175
0,0495;-0,0298;1,1139;1,1154;32,9768
0,0251;0,0041;1,0629;1,0632;33,0374
-0,0276;0,0142;1,0290;1,0294;33,0965
0,0293;0,0103;1,1976;1,1980;33,1565
0,0740;0,0124;1,2381;1,2404;33,2259
0,0813;-0,0059;0,7622;0,7666;33,2792
-0,0517;-0,0378;1,0480;1,0500;33,3363
0,0115;-0,0344;0,9992;0,9999;33,4008
0,0127;-0,0354;1,0136;1,0143;33,4572
0,0093;-0,0369;0,9890;0,9897;33,5164
0,0351;-0,0251;0,9909;0,9918;33,5782
0,0298;0,0181;0,9614;0,9620;33,6369
0,0085;-0,0415;0,8752;0,8762;33,6968
-0,0635;-0,0422;0,8130;0,8165;33,7567
-0,2292;-0,0146;0,8374;0,8683;33,8186
0,1440;-0,0356;1,1876;1,1968;33,8757
0,0383;-0,0229;1,0631;1,0641;33,9371
0,0442;-0,0005;0,9999;1,0009;33,9988
-0,1145;-0,0200;1,0092;1,0159;34,0573
0,0088;0,0371;1,1007;1,1014;34,1157
0,1823;0,0639;1,5642;1,5761;34,1769
0,0693;0,0073;1,2045;1,2065;34,2388
0,1132;-0,0581;0,5084;0,5241;34,2959
-0,0315;-0,0095;1,0239;1,0244;34,3560
0,0078;-0,0168;1,0156;1,0157;34,4165
0,0373;-0,0095;1,0263;1,0270;34,4782
0,0522;-0,0100;0,9807;0,9821;34,5372
0,2319;0,0198;0,8325;0,8644;34,5970
0,1191;-0,0027;0,3183;0,3398;34,6559
0,1294;0,0617;0,4735;0,4947;34,7157
0,0354;0,0849;1,3692;1,3723;34,7765
0,2389;-0,0098;1,2791;1,3013;34,8360
0,0962;-0,0166;0,9963;1,0010;34,8952
0,0049;-0,0249;0,9824;0,9827;34,9561
-0,0774;-0,0256;0,9753;0,9787;35,0158
-0,0210;-0,0049;1,1740;1,1741;35,0763
-0,0059;0,0032;1,1844;1,1845;35,1387
0,0007;0,0034;1,1954;1,1954;35,2007
-0,2580;-0,0103;0,3419;0,4285;35,2554
-0,0110;-0,0129;0,9177;0,9178;35,3159
-0,0600;-0,0381;1,0043;1,0068;35,3757
0,0085;-0,0200;0,9907;0,9909;35,4358
0,0154;-0,0154;0,9855;0,9858;35,5006
0,0198;-0,0185;0,9907;0,9910;35,5561
0,0369;-0,0669;1,0878;1,0905;35,6161
0,0378;-0,0576;0,9675;0,9699;35,6760
0,0461;-0,0405;0,7222;0,7248;35,7393
-0,0835;-0,0171;1,4761;1,4786;35,7975
0,1574;-0,0308;1,1178;1,1293;35,8559
0,1250;-0,0229;1,1173;1,1245;35,9166
-0,0083;-0,0242;0,9948;0,9951;35,9760
-0,0298;0,0334;0,9467;0,9478;36,0363
-0,0054;0,0449;1,0190;1,0200;36,0964
-0,2358;0,0024;0,7422;0,7788;36,1562
-0,0417;0,0185;0,9462;0,9473;36,2302
0,1076;0,0037;0,2533;0,2753;36,2794
-0,0647;-0,0305;0,9890;0,9915;36,3365
-0,0268;-0,0337;1,0107;1,0116;36,3967
0,0237;-0,0242;1,0092;1,0098;36,4567
0,0085;-0,0210;0,9789;0,9792;36,5167
0,0520;-0,0193;1,0116;1,0132;36,5763
0,0403;-0,0488;0,9916;0,9937;36,6387
0,0039;-0,0354;0,8103;0,8111;36,7045
-0,1562;0,0005;0,8901;0,9037;36,7569
-0,1667;-0,0032;0,8030;0,8201;36,8164
0,1423;-0,0395;1,1066;1,1164;36,8770
0,1345;-0,0056;1,1244;1,1324;36,9370
-0,0139;-0,0190;1,0387;1,0390;36,9993
-0,0305;-0,0093;0,9975;0,9980;37,0564
-0,0447;0,0203;1,0451;1,0462;37,1164
-0,0510;0,0393;0,9406;0,9428;37,1776
-0,4274;-0,0237;0,6653;0,7911;37,2413
0,0178;-0,0144;0,7939;0,7943;37,2985
-0,0327;-0,0354;0,9782;0,9794;37,3562
0,0088;-0,0354;1,0297;1,0304;37,4169
0,0329;-0,0195;0,9709;0,9716;37,4764
0,0498;-0,0303;0,9960;0,9977;37,5383
0,0200;-0,0500;0,9396;0,9412;37,5961
0,1150;-0,0178;0,7695;0,7783;37,6567
-0,2082;-0,0405;1,3760;1,3923;37,7198
0,3310;-0,0032;1,0815;1,1310;37,7762
0,0657;-0,0312;1,0046;1,0072;37,8371
0,0549;-0,0195;1,0131;1,0148;37,9000
0,0229;-0,0095;0,9938;0,9941;37,9569
0,0320;-0,0144;1,2218;1,2223;38,0167
-0,0081;0,0244;1,2901;1,2904;38,0767
-0,1132;0,0271;0,8288;0,8370;38,1362
0,0032;0,0356;1,1683;1,1689;38,1993
-0,0071;0,0088;1,1334;1,1335;38,2574
-0,0298;-0,0098;0,9021;0,9026;38,3166
-0,0571;-0,0261;0,9907;0,9926;38,3762
-0,0078;-0,0154;1,0090;1,0091;38,4372
0,0056;-0,0190;0,9963;0,9965;38,4971
0,0024;-0,0173;1,0024;1,0025;38,5563
-0,0434;-0,0090;1,0619;1,0629;38,6184
0,0239;-0,0156;0,7371;0,7376;38,6784
0,0835;0,0549;0,9118;0,9173;38,7355
-0,2175;-0,0813;1,1054;1,1295;38,7962
0,1855;-0,0134;1,0897;1,1055;38,8612
0,0696;-0,0181;1,0136;1,0161;38,9169
0,0073;-0,0198;0,9907;0,9909;38,9761
0,0329;-0,0334;1,0758;1,0769;39,0372
-0,2463;0,0239;0,9057;0,9389;39,0982
-0,0403;-0,0012;1,0187;1,0195;39,1562
0,0686;-0,0305;1,2267;1,2290;39,2189
0,0259;0,0139;1,1283;1,1287;39,2757
0,1486;-0,0171;0,5743;0,5935;39,3370
-0,0559;-0,0200;1,0246;1,0263;39,4022
-0,0239;-0,0322;1,0107;1,0115;39,4577
0,0085;-0,0247;0,9970;0,9973;39,5176
0,0083;-0,0290;0,9875;0,9879;39,5768
0,0149;-0,0232;0,6897;0,6903;39,6359
0,0464;-0,0525;0,6246;0,6285;39,6968
0,3766;-0,0203;0,3266;0,4989;39,7613
-0,0210;0,0632;0,7786;0,7814;39,8174
0,1008;-0,0300;1,0439;1,0491;39,8770
0,0193;-0,0178;0,9907;0,9910;39,9368
-0,0361;-0,0261;1,0319;1,0329;40,0014
0,0088;-0,0205;1,0751;1,0753;40,0569
-0,0564;-0,0027;1,0580;1,0595;40,1171
-0,0244;-0,0105;1,2045;1,2048;40,1823
-0,1025;0,0403;1,1115;1,1169;40,2426
0,1008;0,0447;0,4230;0,4371;40,2965
-0,0818;-0,0139;1,0158;1,0192;40,3565
-0,0449;-0,0222;0,9958;0,9970;40,4169
-0,0046;-0,0154;1,0170;1,0171;40,4765
-0,0051;-0,0168;0,9814;0,9815;40,5367
0,2126;0,0085;0,6558;0,6894;40,6003
-0,1474;-0,0569;0,8601;0,8745;40,6562
-0,0193;0,0154;0,9216;0,9219;40,7184
-0,0398;-0,0437;3,1536;3,1541;40,7785
0,1225;-0,0647;1,1901;1,1981;40,8363
0,0181;-0,0259;0,9941;0,9946;40,8966
0,0044;-0,0251;1,0073;1,0076;40,9564
0,0027;-0,0185;1,0705;1,0706;41,0161
-0,0308;0,0024;1,0588;1,0592;41,0765
-0,1020;0,0283;0,9985;1,0041;41,1365
0,0183;0,0412;1,1259;1,1268;41,1971
-0,1960;0,0271;0,5855;0,6180;41,2576
-0,0537;-0,0041;0,8364;0,8381;41,3193
-0,0495;-0,0449;1,0522;1,0543;41,3767
0,0232;-0,0337;1,0280;1,0288;41,4365
0,0085;-0,0339;0,9965;0,9971;41,4960
0,0010;-0,0342;0,9924;0,9930;41,5563
-0,0215;-0,0869;1,1281;1,1316;41,6165
-0,0032;-0,0559;0,9309;0,9325;41,6766
-0,0483;-0,0098;0,7512;0,7528;41,7363
-0,1821;-0,0486;1,1456;1,1610;41,7974
0,1193;-0,0149;1,2147;1,2206;41,8602
-0,0059;-0,0200;1,0099;1,0102;41,9209
-0,0110;0,0085;1,0282;1,0283;41,9769
-0,0452;0,0195;1,0663;1,0675;42,0395
-0,1010;0,0354;1,0732;1,0785;42,0962
-0,0320;0,0044;1,2691;1,2695;42,1577
-0,4220;-0,0749;-0,5172;0,6717;42,2213
-0,0527;-0,0295;0,9140;0,9160;42,2760
-0,0488;-0,0351;1,0331;1,0349;42,3376
0,0146;-0,0088;1,0141;1,0142;42,4004
0,0146;-0,0002;0,9738;0,9739;42,4566
-0,0210;0,0017;1,0700;1,0702;42,5172
-0,0249;-0,0342;0,9875;0,9884;42,5777
0,0574;0,0249;0,7920;0,7945;42,6365
-0,0283;-0,0383;0,7625;0,7639;42,6971
0,0783;-0,0351;1,7480;1,7501;42,7570
0,1089;-0,0422;1,0663;1,0727;42,8194
0,0083;-0,0273;1,0134;1,0138;42,8769
-0,0185;-0,0383;1,0170;1,0179;42,9365
0,0085;-0,0322;1,0609;1,0615;42,9966
-0,0298;-0,0005;1,2621;1,2624;43,0569
0,1584;0,0371;1,1927;1,2038;43,1170
0,0683;0,0403;1,2884;1,2909;43,1778
0,0923;0,0103;0,7024;0,7085;43,2384
-0,0920;-0,0410;1,0592;1,0640;43,3002
-0,0456;-0,0478;1,0029;1,0050;43,3601
0,0076;-0,0369;1,0075;1,0082;43,4169
-0,0156;-0,0425;0,9758;0,9768;43,4775
0,0425;-0,0344;1,0260;1,0275;43,5370
0,0151;-0,0942;1,1242;1,1282;43,5972
0,0566;-0,0678;0,4703;0,4785;43,6605
-0,0495;0,0571;0,9711;0,9741;43,7168
0,2101;0,0264;1,1364;1,1559;43,7780
0,0686;-0,0395;0,9858;0,9890;43,8398
0,0254;-0,0095;1,0463;1,0467;43,8966
-0,0884;-0,0264;1,0392;1,0433;43,9573
-0,0488;-0,0195;1,1190;1,1203;44,0204
-0,0337;0,0107;1,1910;1,1916;44,0763
0,1684;-0,0215;1,4810;1,4907;44,1372
0,1049;-0,0820;0,5404;0,5565;44,1968
-0,0984;-0,0327;1,0243;1,0296;44,2567
-0,0234;-0,0273;1,0119;1,0125;44,3170
-0,0076;-0,0220;1,0019;1,0022;44,3761
-0,0151;-0,0273;0,9816;0,9821;44,4368
0,1821;0,0002;0,8076;0,8279;44,4964
-0,2150;-0,0188;1,0070;1,0299;44,5586
-0,0090;0,0483;0,8093;0,8108;44,6167
-0,0566;-0,0610;2,5624;2,5638;44,6782
0,1940;-0,0225;1,3236;1,3379;44,7366
0,0669;-0,0188;1,0260;1,0284;44,7964
-0,0469;-0,0281;0,9533;0,9549;44,8562
-0,0144;0,0044;1,0590;1,0591;44,9173
-0,0678;-0,0054;0,9958;0,9981;44,9767
-0,0801;0,0083;1,1478;1,1507;45,0363
0,1320;0,1135;1,6772;1,6862;45,0966
0,0659;0,0254;1,2008;1,2029;45,1567
-0,0151;0,0154;0,7744;0,7747;45,2204
-0,0869;-0,0185;1,0004;1,0044;45,2763
-0,0098;-0,0059;0,9965;0,9966;45,3374
-0,0110;0,0020;0,9816;0,9817;45,3964
0,0044;-0,0073;1,0090;1,0090;45,4600
0,0891;0,0085;0,6431;0,6493;45,5164
-0,0093;-0,0171;0,6917;0,6920;45,5787
-0,2348;-0,0764;0,8908;0,9244;45,6363
-0,2021;-0,1006;1,1793;1,2007;45,6971
0,0783;-0,0378;1,1012;1,1047;45,7563
0,0103;-0,0273;1,0395;1,0399;45,8159
-0,0139;-0,0185;0,9780;0,9782;45,8770
-0,0066;0,0144;1,1056;1,1057;45,9359
-0,1716;0,0146;1,0080;1,0226;45,9963
0,0222;0,0576;1,2662;1,2677;46,0566
0,0432;0,0620;1,0844;1,0870;46,1166
0,0754;0,0210;0,2692;0,2804;46,1770
-0,0835;-0,0195;1,0192;1,0228;46,2439
-0,0588;-0,0227;1,0461;1,0480;46,2976
-0,0012;-0,0051;0,9894;0,9895;46,3564
-0,0193;-0,0088;0,9904;0,9906;46,4160
0,0027;-0,0056;1,0197;1,0197;46,4761
-0,0461;0,0088;0,8918;0,8930;46,5421
0,0134;-0,0237;0,7678;0,7683;46,5961
-0,4569;0,0530;1,3006;1,3796;46,6567
-0,0083;0,0139;1,6350;1,6351;46,7159
0,0913;-0,0432;1,1788;1,1832;46,7760
0,0085;-0,0271;0,9982;0,9986;46,8365
-0,0327;-0,0273;0,9907;0,9916;46,8978
-0,0691;-0,0144;1,0761;1,0784;46,9556
-0,0854;0,0171;1,2028;1,2059;47,0163
-0,0203;-0,0066;1,2306;1,2308;47,0756
-0,2594;-0,0461;-0,1992;0,3303;47,1368
-0,0705;-0,0120;0,9284;0,9312;47,2009
-0,0527;-0,0132;1,0309;1,0324;47,2551
-0,0312;-0,0110;1,0029;1,0034;47,3163
-0,0366;-0,0129;0,9907;0,9914;47,3802
-0,0278;-0,0122;0,9882;0,9887;47,4359
0,0305;0,0002;1,0043;1,0048;47,4958
-0,3102;0,0432;1,0810;1,1254;47,5598
0,0105;-0,0625;0,7332;0,7359;47,6195
-0,0913;-0,0329;1,1857;1,1896;47,6756
-0,1828;-0,0642;0,8740;0,8952;47,7358
0,1555;0,0085;1,0702;1,0815;47,8009
0,0022;-0,0337;1,0141;1,0147;47,8559
-0,0098;-0,0303;1,0680;1,0685;47,9157
-0,0998;-0,0322;1,0248;1,0302;47,9764
-0,0041;0,0334;1,0265;1,0271;48,0355
0,0674;0,0639;1,2506;1,2540;48,0956
0,0732;0,1040;1,1066;1,1139;48,1558
-0,0591;0,0037;0,8118;0,8139;48,2167
-0,1103;-0,0400;1,0365;1,0432;48,2764
-0,0320;-0,0222;1,0453;1,0461;48,3358
-0,0271;-0,0095;0,9699;0,9703;48,3959
-0,0278;-0,0134;0,9767;0,9772;48,4596
0,0227;0,0107;0,8791;0,8795;48,5160
0,0281;-0,0300;0,8911;0,8920;48,5759
-0,0061;-0,0791;0,7295;0,7338;48,6354
0,0596;0,0373;0,7564;0,7596;48,7009
-0,0635;0,0195;0,8310;0,8337;48,7565
0,0544;-0,0295;1,1825;1,1841;48,8160
-0,0051;-0,0146;1,0087;1,0088;48,8776
-0,0293;-0,0117;0,9274;0,9280;48,9372
0,0073;-0,0234;1,1342;1,1344;48,9969
-0,0508;-0,0112;1,2091;1,2102;49,0563
-0,0913;0,0195;1,3426;1,3458;49,1171
0,0473;0,0146;1,1652;1,1662;49,1851
0,0400;-0,0290;0,7881;0,7896;49,2396
-0,0945;-0,0410;0,9985;1,0038;49,2967
-0,0137;-0,0356;1,0170;1,0177;49,3581
-0,0059;-0,0349;1,0090;1,0096;49,4178
-0,0034;-0,0339;0,9682;0,9688;49,4761
0,0425;-0,0281;1,0173;1,0185;49,5374
0,0022;-0,0478;1,0146;1,0157;49,5959
-0,0022;-0,0747;0,6712;0,6753;49,6562
0,1799;-0,0803;0,4813;0,5200;49,7171
0,0730;-0,0188;1,0797;1,0824;49,7826
0,0454;-0,0378;0,9899;0,9917;49,8363
-0,0168;-0,0427;0,9638;0,9649;49,8959
0,0486;-0,0276;1,0695;1,0709;49,9587
0,0649;-0,0713;1,0661;1,0704;50,0163
0,0205;0,0586;1,4251;1,4264;50,0787
-0,1616;-0,1394;0,8359;0,8627;50,1360
-0,0344;0,0146;0,9975;0,9982;50,1965
-0,2629;0,0261;-0,0752;0,2746;50,2572
-0,0639;0,0085;0,8952;0,8976;50,3168
-0,0432;-0,0015;1,0051;1,0060;50,3773
-0,0200;-0,0029;1,0068;1,0070;50,4367
0,0024;-0,0005;0,9914;0,9914;50,4972
0,0085;-0,0093;0,9877;0,9878;50,5566
0,0564;-0,0037;0,9174;0,9192;50,6167
0,0242;-0,0298;0,8291;0,8300;50,6759
0,0354;0,0085;1,0507;1,0513;50,7387
-0,1640;-0,0649;1,4905;1,5009;50,7975
0,0476;-0,0434;1,0551;1,0571;50,8560
0,0247;-0,0061;0,9511;0,9515;50,9154
-0,0264;-0,0188;1,0026;1,0031;50,9765
-0,0044;-0,0037;0,9907;0,9907;51,0386
-0,1408;-0,0327;1,0265;1,0367;51,0966
-0,0857;0,0081;1,1852;1,1883;51,1563
-0,0137;0,0256;1,0839;1,0843;51,2240
0,0564;-0,0403;1,1671;1,1692;51,2755
-0,0620;0,0005;0,8964;0,8986;51,3363
-0,0378;-0,0183;1,0241;1,0250;51,3994
0,0122;-0,0176;1,0107;1,0109;51,4551
0,0198;-0,0215;0,9497;0,9501;51,5162
0,0347;-0,0185;0,9111;0,9119;51,5762
0,0930;-0,0615;0,7964;0,8041;51,6355
-0,0386;-0,0923;0,9797;0,9848;51,6959
0,0251;-0,1086;0,9846;0,9908;51,7599
0,0957;-0,0256;1,1769;1,1810;51,8166
0,0598;-0,0276;1,0112;1,0133;51,8762
-0,0039;-0,0268;0,9697;0,9700;51,9363
-0,0520;-0,0593;1,1005;1,1033;51,9976
-0,0459;-0,0325;1,2599;1,2611;52,0554
-0,0820;-0,0002;0,9965;0,9999;52,1157
-0,0049;-0,0615;1,1966;1,1982;52,1801
0,0615;0,0312;0,6951;0,6985;52,2383
-0,0652;0,0010;0,9257;0,9280;52,2956
-0,0225;-0,0146;1,0285;1,0288;52,3552
-0,0105;-0,0090;0,9802;0,9803;52,4159
-0,0051;-0,0154;0,9821;0,9823;52,4792
0,0481;-0,0168;0,8149;0,8165;52,5355
0,0164;-0,0871;0,9240;0,9283;52,5958
-0,0041;-0,0788;1,2150;1,2175;52,6554
-0,1530;-0,1667;1,5466;1,5631;52,7178
0,1250;-0,0278;0,9746;0,9829;52,7762
0,0085;-0,0271;0,9960;0,9964;52,8383
0,0207;-0,0237;1,1015;1,1019;52,8950
-0,1025;-0,0132;1,0463;1,0514;52,9557
-0,0696;0,0085;1,0075;1,0099;53,0158
-0,0478;0,0085;1,0951;1,0962;53,0761
-0,2519;0,0022;0,2873;0,3821;53,1407
-0,0964;-0,0139;0,8667;0,8721;53,1958
-0,1564;-0,0225;0,9921;1,0046;53,2566
-0,0605;-0,0049;0,9968;0,9986;53,3163
-0,0720;-0,0054;0,9963;0,9989;53,3754
-0,0481;-0,0110;0,9416;0,9429;53,4383
0,0090;-0,0281;0,9475;0,9479;53,4965
0,0281;-0,0517;1,0143;1,0160;53,5557
-0,0078;-0,0127;0,7659;0,7660;53,6200
0,0029;-0,0220;0,6138;0,6142;53,6757
0,2319;-0,0325;1,8412;1,8560;53,7370
0,1325;-0,0320;1,0771;1,0857;53,7963
-0,0295;-0,0278;0,9897;0,9905;53,8579
-0,0498;-0,0112;1,0680;1,0692;53,9154
-0,0476;-0,0508;1,1483;1,1504;53,9779
-0,1235;0,0154;0,9951;1,0028;54,0375
-0,0801;0,0085;0,9990;1,0022;54,0946
-0,0181;0,0351;1,0414;1,0422;54,1554
0,0681;0,0195;0,6687;0,6725;54,2148
-0,1240;-0,0422;0,9885;0,9971;54,2780
-0,0369;-0,0286;0,9709;0,9720;54,3389
0,0032;0,0173;0,9108;0,9110;54,3950
0,0427;-0,0261;0,9533;0,9546;54,4547
-0,2280;-0,0361;0,4945;0,5457;54,5156
0,0266;-0,0227;1,0619;1,0625;54,5801
-0,1477;-0,1379;1,7446;1,7562;54,6355
0,1769;-0,0193;1,0475;1,0625;54,6959
0,0308;-0,0412;1,0055;1,0069;54,7555
0,0325;-0,0212;0,9763;0,9770;54,8154
-0,0603;-0,0095;1,0070;1,0089;54,8758
-0,0239;-0,0237;1,1598;1,1603;54,9352
0,0271;0,0085;1,0595;1,0599;54,9953
-0,0391;0,0017;1,0534;1,0541;55,0567
-0,1140;0,0537;-0,1103;0,1675;55,1150
-0,0774;-0,0225;0,9006;0,9042;55,1760
-0,0761;-0,0410;0,9916;0,9954;55,2390
0,0034;-0,0305;1,0109;1,0114;55,2989
0,0156;-0,0295;0,9804;0,9810;55,3553
0,0527;-0,0242;0,9028;0,9047;55,4152
0,0085;-0,0317;0,6946;0,6954;55,4750
0,1830;-0,0461;0,6243;0,6522;55,5376
-0,1301;0,0217;0,9836;0,9924;55,5950
0,0149;0,0159;0,9304;0,9306;55,6548
0,1335;-0,0412;1,0531;1,0624;55,7151
0,0373;-0,0351;1,0114;1,0127;55,7749
0,0100;-0,0461;1,0839;1,0849;55,8362
-0,0273;-0,0256;1,0624;1,0631;55,8949
-0,0676;-0,0288;1,0326;1,0352;55,9545
-0,1162;0,0293;1,2704;1,2760;56,0168
-0,1591;-0,0020;1,1210;1,1322;56,0747
0,0942;-0,0024;0,7644;0,7702;56,1344
-0,0949;-0,0322;0,9162;0,9217;56,2000
-0,0508;-0,0364;1,0077;1,0097;56,2596
-0,0183;-0,0286;1,0231;1,0237;56,3162
-0,0103;-0,0249;0,9899;0,9903;56,3787
0,0127;-0,0188;1,0087;1,0090;56,4350
0,0251;-0,0173;0,9196;0,9201;56,4948
0,0171;0,0107;0,7712;0,7715;56,5565
-0,0805;0,0276;1,0671;1,0704;56,6145
0,1833;-0,0732;1,9210;1,9311;56,6747
0,1572;-0,0603;1,1405;1,1529;56,7348
0,0603;-0,0300;1,0073;1,0095;56,7962
0,0278;-0,0083;1,0922;1,0926;56,8551
-0,0371;-0,0310;1,0922;1,0933;56,9150
-0,0632;-0,0156;1,0697;1,0717;56,9748
-0,1250;-0,0229;0,8991;0,9081;57,0353
0,0639;-0,0464;1,0207;1,0237;57,0943
0,0957;-0,0185;0,7302;0,7367;57,1546
-0,0691;-0,0249;0,9641;0,9668;57,2145
-0,0405;-0,0266;1,0031;1,0043;57,2749
0,0010;-0,0171;1,0021;1,0023;57,3380
0,0195;-0,0144;0,9748;0,9751;57,3950
0,0093;-0,0229;1,0788;1,0790;57,4543
0,0344;-0,0605;0,8857;0,8884;57,5148
0,1279;-0,0527;0,5963;0,6121;57,5787
0,0552;-0,0198;1,2294;1,2307;57,6342
0,1777;-0,0488;1,1320;1,1469;57,6975
0,0539;-0,0278;1,0112;1,0130;57,7541
-0,0283;-0,0351;1,0248;1,0258;57,8145
-0,0183;-0,0110;0,9921;0,9924;57,8739
-0,0439;0,0088;1,0419;1,0429;57,9349
-0,0588;0,0288;1,1454;1,1473;57,9950
-0,0605;0,0085;0,9663;0,9682;58,0544
-0,0078;0,0059;0,9787;0,9787;58,1149
0,0198;-0,0007;1,1325;1,1326;58,1746
0,0249;-0,0039;0,7903;0,7907;58,2411
-0,0503;-0,0244;0,9777;0,9793;58,2946
-0,0112;-0,0207;1,0185;1,0188;58,3534
0,0085;-0,0098;1,0136;1,0137;58,4148
0,0608;0,0061;0,9536;0,9555;58,4743
0,0905;0,0015;0,8752;0,8799;58,5343
0,0349;-0,0447;1,1088;1,1102;58,5967
0,0334;-0,0342;0,6609;0,6627;58,6588
-0,0183;-0,0664;1,5195;1,5211;58,7154
0,1945;-0,0144;1,0641;1,0819;58,7767
0,0452;-0,0229;0,9907;0,9920;58,8350
0,0098;-0,0222;1,0368;1,0371;58,8944
-0,0588;-0,0134;1,0588;1,0605;58,9543
-0,0456;-0,0552;1,1674;1,1696;59,0143
-0,0234;0,0327;1,1556;1,1563;59,0777
-0,3524;0,0247;0,4520;0,5737;59,1344
-0,0530;-0,0085;0,8696;0,8713;59,1956
-0,0652;-0,0261;1,0038;1,0063;59,2553
-0,0095;-0,0215;1,0168;1,0170;59,3156
-0,0034;-0,0198;0,9948;0,9950;59,3760
-0,0134;-0,0178;1,0209;1,0212;59,4344
0,0305;0,0068;1,0280;1,0285;59,4947
0,0686;0,0046;0,6192;0,6230;59,5601
0,0361;-0,0093;1,0241;1,0248;59,6152
0,0381;-0,0132;0,9252;0,9261;59,6763
-0,1001;0,0066;2,1353;2,1377;59,7351
0,1706;-0,0007;1,0710;1,0845;59,7958
0,0276;-0,0203;0,9911;0,9917;59,8553
-0,0178;-0,0081;0,9782;0,9784;59,9166
-0,0630;-0,0286;1,0866;1,0888;59,9751
-0,0730;-0,0185;1,0736;1,0763;60,0358
0,0554;-0,0351;1,1615;1,1634;60,0950
-0,2582;-0,0705;0,5555;0,6166;60,1560
-0,1938;-0,0400;-0,5338;0,5693;60,2147
-0,0561;-0,0066;0,9328;0,9345;60,2765
-0,0295;-0,0195;1,0068;1,0074;60,3353
0,0171;-0,0220;1,0297;1,0301;60,3955
0,0866;-0,0146;0,9077;0,9119;60,4549
0,0727;-0,0200;0,9282;0,9312;60,5146
0,0652;-0,0012;0,9333;0,9356;60,5762
0,0576;0,0068;0,8013;0,8034;60,6352
0,0347;-0,0134;1,4471;1,4475;60,6959
0,1979;-0,0220;1,1139;1,1316;60,7546
0,0525;-0,0210;1,0085;1,0101;60,8143
0,0068;-0,0247;0,9960;0,9964;60,8752
-0,0320;-0,0334;0,9907;0,9917;60,9338
-0,0539;-0,0437;1,0639;1,0661;60,9968
-0,0476;-0,0342;1,1249;1,1264;61,0553
-0,0884;-0,0371;1,0204;1,0249;61,1164
0,0200;0,0083;1,1459;1,1461;61,1748
0,0793;-0,0239;0,7078;0,7126;61,2352
-0,0571;-0,0232;0,9860;0,9879;61,2949
-0,0220;-0,0337;0,9907;0,9915;61,3539
0,0237;-0,0281;1,0136;1,0143;61,4141
0,0715;-0,0405;0,8884;0,8922;61,4743
0,0361;-0,0349;0,7874;0,7890;61,5382
0,1477;-0,0591;1,0836;1,0953;61,5980
0,3048;-0,0146;1,3463;1,3804;61,6540
0,0535;-0,0759;1,5610;1,5638;61,7150
0,1557;-0,0369;1,0671;1,0790;61,7747
0,0920;-0,0395;1,0365;1,0414;61,8344
0,0840;-0,0310;0,9931;0,9971;61,8958
0,0364;-0,0254;1,0473;1,0482;61,9540
0,0088;-0,0220;1,1503;1,1505;62,0148
0,0454;-0,0181;1,2311;1,2320;62,0747
0,0561;-0,0373;1,0646;1,0667;62,1351
-0,0386;-0,0164;0,9326;0,9335;62,1958
0,0581;-0,0029;0,7803;0,7824;62,2610
-0,0278;-0,0071;1,0058;1,0062;62,3147
0,0083;-0,0112;0,9999;1,0000;62,3749
0,0420;-0,0041;0,9929;0,9938;62,4343
0,1638;0,0161;0,8784;0,8937;62,4946
0,0605;-0,0105;0,7983;0,8007;62,5543
0,1211;-0,0535;0,7000;0,7124;62,6175
-0,3654;-0,0193;1,4109;1,4576;62,6745
-0,0195;-0,0220;0,9880;0,9884;62,7374
0,1469;-0,0295;1,0763;1,0867;62,7942
0,0908;-0,0266;1,0285;1,0328;62,8539
0,0822;-0,0232;0,9914;0,9951;62,9166
0,0434;-0,0273;1,0151;1,0164;62,9743
0,0041;-0,0222;1,1381;1,1383;63,0337
-0,0464;-0,0268;1,2235;1,2247;63,0985
0,0303;-0,0229;1,2738;1,2743;63,1543
0,2868;-0,0046;1,3177;1,3486;63,2148
0,0085;-0,0303;0,8298;0,8304;63,2745
-0,0071;-0,0056;0,9726;0,9726;63,3341
0,0078;-0,0081;0,9982;0,9983;63,3997
0,0383;0,0085;1,0014;1,0022;63,4536
0,0466;0,0046;0,9789;0,9801;63,5137
0,0344;0,0046;1,1625;1,1630;63,5742
0,0449;0,0386;0,8884;0,8904;63,6384
0,0220;0,0090;0,9892;0,9895;63,6996
-0,0359;0,0071;1,1168;1,1174;63,7539
-0,0220;-0,0339;0,9753;0,9761;63,8142
0,1669;-0,0615;1,0607;1,0755;63,8752
0,0805;-0,0112;1,0285;1,0317;63,9351
-0,0039;-0,0281;1,0588;1,0591;63,9941
-0,3417;-0,0339;0,7820;0,8540;64,0537
-0,0676;0,0076;1,0055;1,0078;64,1136
0,0234;0,0227;1,2386;1,2391;64,1742
-0,0027;0,0312;1,1449;1,1453;64,2498
-0,0073;-0,0059;0,7954;0,7955;64,3001
-0,0884;-0,0537;1,0353;1,0405;64,3544
-0,0449;-0,0488;1,0141;1,0163;64,4159
-0,0112;-0,0244;0,9904;0,9908;64,4766
-0,0188;-0,0227;0,9902;0,9906;64,5348
0,0264;0,0059;0,8801;0,8805;64,5943
0,0491;0,0081;0,8974;0,8988;64,6539
0,2590;0,0044;0,6536;0,7030;64,7154
-0,0954;0,0437;0,9389;0,9448;64,7740
-0,0056;0,0088;1,0495;1,0495;64,8340
0,0713;-0,0256;1,0444;1,0471;64,8968
0,0247;-0,0222;0,9902;0,9907;64,9532
0,0085;-0,0281;1,0607;1,0611;65,0160
0,0300;-0,0061;1,1261;1,1265;65,0737
-0,0498;-0,0107;1,0768;1,0780;65,1333
-0,0615;0,0146;0,9911;0,9932;65,1936
-0,0637;-0,0251;1,1078;1,1099;65,2537
0,0510;0,0051;0,9257;0,9272;65,3147
-0,0647;-0,0288;0,8755;0,8783;65,3738
-0,0283;-0,0283;1,0026;1,0034;65,4344
0,0090;-0,0264;1,0278;1,0281;65,4951
0,0495;-0,0078;0,9428;0,9442;65,5569
0,0657;0,0002;0,9126;0,9149;65,6147
0,0168;0,0095;0,9299;0,9301;65,6748
0,0217;-0,0100;0,9628;0,9631;65,7378
0,1118;0,0449;1,5574;1,5620;65,7944
0,1857;-0,0300;1,2064;1,2210;65,8544
0,0664;-0,0251;0,9958;0,9983;65,9148
0,0456;-0,0190;0,9921;0,9934;65,9789
0,0427;-0,0256;1,0702;1,0714;66,0345
-0,0337;0,0085;1,0278;1,0283;66,0946
-0,0483;0,0024;0,9911;0,9923;66,1552
-0,0220;-0,0225;1,0009;1,0014;66,2140
0,0007;0,0032;1,1798;1,1798;66,2747
0,0351;-0,0254;0,7285;0,7298;66,3407
-0,0556;-0,0334;1,0199;1,0220;66,3957
-0,0227;-0,0332;1,0121;1,0129;66,4563
0,0007;-0,0288;0,9911;0,9916;66,5164
0,0286;-0,0303;0,9682;0,9691;66,5802
0,0478;-0,0539;1,0073;1,0098;66,6354
0,0046;-0,0366;0,7237;0,7246;66,6996
0,2956;0,0081;0,6197;0,6866;66,7586
-0,0759;-0,0215;0,8557;0,8593;66,8150
0,1686;-0,0220;1,1054;1,1184;66,8754
0,2023;-0,0293;1,1185;1,1371;66,9365
0,0139;-0,0161;1,0199;1,0202;66,9959
-0,0183;-0,0073;1,0422;1,0423;67,0616
-0,0459;-0,0100;1,2230;1,2239;67,1151
0,2499;0,1147;1,4793;1,5046;67,1775
0,0769;0,0452;0,9145;0,9188;67,2411
0,0105;-0,0200;0,7183;0,7186;67,2954
-0,0835;-0,0442;1,0090;1,0134;67,3599
-0,0566;-0,0600;1,0634;1,0666;67,4175
-0,0408;-0,0478;1,0048;1,0068;67,4755
-0,0100;-0,0325;0,9858;0,9864;67,5422
-0,0225;-0,0544;1,0268;1,0285;67,5988
-0,0120;-0,0183;0,6748;0,6752;67,6556
-0,2072;0,0422;1,2369;1,2549;67,7155
-0,0059;0,0081;1,0265;1,0266;67,7751
0,0727;-0,0308;1,1242;1,1269;67,8350
0,0120;-0,0168;0,9965;0,9967;67,8956
-0,0207;-0,0225;1,0097;1,0102;67,9565
0,0117;0,0073;1,0705;1,0706;68,0167
-0,0415;0,0586;1,0527;1,0551;68,0752
-0,0869;0,0122;0,9282;0,9323;68,1375
0,2077;0,0090;0,9763;0,9981;68,1955
0,1345;-0,0515;0,5687;0,5866;68,2546
-0,1008;-0,0442;1,0187;1,0247;68,3164
-0,0569;-0,0371;1,0092;1,0115;68,3750
-0,0229;-0,0203;0,9958;0,9963;68,4344
-0,0342;-0,0212;0,9597;0,9605;68,4956
0,0901;-0,0308;0,8298;0,8353;68,5561
0,0085;-0,0300;0,5450;0,5459;68,6168
-0,0605;0,0210;0,8120;0,8145;68,6753
0,0229;0,0112;1,2682;1,2684;68,7367
0,2726;-0,0017;1,1766;1,2078;68,7954
0,0630;-0,0173;0,9946;0,9967;68,8546
0,0293;-0,0215;0,9868;0,9874;68,9154
0,0129;-0,0271;0,9963;0,9967;68,9751
0,0242;-0,0190;1,0012;1,0016;69,0347
0,1203;-0,0039;1,2215;1,2275;69,0982
-0,0825;0,0083;1,1957;1,1985;69,1573
-0,1086;0,0054;0,6565;0,6655;69,2152
0,0803;0,0129;0,9909;0,9942;69,2759
0,0371;-0,0456;0,8074;0,8095;69,3346
-0,0920;-0,0398;1,0380;1,0428;69,3949
-0,0427;-0,0530;1,0461;1,0483;69,4594
-0,0256;-0,0449;0,9907;0,9920;69,5149
-0,0295;-0,0395;0,9843;0,9855;69,5752
-0,0007;-0,0415;0,9907;0,9915;69,6350
0,0698;-0,0134;0,7751;0,7784;69,6983
-0,0398;-0,0676;0,7227;0,7269;69,7543
-0,0049;0,0024;0,9055;0,9055;69,8146
-0,1694;-0,0041;2,3391;2,3452;69,8799
0,1350;-0,0112;1,0849;1,0933;69,9339
0,0205;-0,0139;0,9841;0,9844;69,9952
0,0020;-0,0132;0,9868;0,9868;70,0582
-0,0107;-0,0156;0,9985;0,9986;70,1141
-0,0886;-0,0276;1,1303;1,1341;70,1753
-0,0617;-0,0185;1,3133;1,3149;70,2348
-0,0840;-0,0063;1,1564;1,1594;70,2942
0,0295;0,0391;1,0753;1,0765;70,3548
-0,0461;0,0046;0,8291;0,8304;70,4149
-0,0661;-0,0349;1,0092;1,0120;70,4744
-0,0054;-0,0303;1,0683;1,0687;70,5351
-0,0107;-0,0193;0,9497;0,9499;70,5947
-0,0171;-0,0181;0,9865;0,9868;70,6550
0,0837;0,0266;0,7913;0,7961;70,7163
0,0146;-0,0408;0,6353;0,6368;70,7747
-0,0932;-0,0222;0,5989;0,6066;70,8349
0,0442;-0,0100;1,1688;1,1697;70,8955
0,2455;-0,0500;1,2152;1,2408;70,9550
0,0486;-0,0320;0,9970;0,9987;71,0143
-0,0273;-0,0232;0,9494;0,9501;71,0738
0,0071;-0,0203;1,0065;1,0068;71,1368
-0,0041;-0,0222;1,1122;1,1124;71,1964
-0,0776;-0,0149;1,2469;1,2494;71,2660
-0,0034;0,0129;1,3372;1,3373;71,3165
0,0290;0,0190;1,0282;1,0288;71,3775
-0,0276;-0,0120;0,7139;0,7145;71,4380
-0,0803;-0,0127;0,9619;0,9653;71,4943
-0,0098;0,0041;1,0134;1,0134;71,5545
0,0105;0,0049;0,9892;0,9893;71,6171
0,0024;0,0017;0,9977;0,9977;71,6744
0,0691;0,0027;0,8974;0,9001;71,7342
0,0168;0,0256;0,8615;0,8621;71,7956
0,0217;0,0857;0,9850;0,9890;71,8545
0,1147;0,1447;2,2071;2,2148;71,9148
0,0737;-0,0117;1,1427;1,1451;71,9742
0,0254;0,0022;0,9907;0,9910;72,0342
0,0349;0,0107;1,0705;1,0711;72,0950
-0,0415;0,0039;1,0304;1,0313;72,1564
-0,0447;0,0442;1,2660;1,2675;72,2141
-0,0884;0,0229;1,1571;1,1607;72,2747
-0,0185;0,0386;0,8694;0,8704;72,3336
0,0410;-0,0129;0,7590;0,7603;72,3944
-0,0737;-0,0295;1,0087;1,0118;72,4536
0,0083;-0,0078;1,0265;1,0266;72,5136
0,0159;0,0029;0,9902;0,9903;72,5748
0,0442;0,0190;0,9350;0,9362;72,6374
0,0620;0,0249;0,9213;0,9238;72,6963
0,0556;-0,0298;0,7483;0,7510;72,7540
-0,0720;-0,0215;0,9985;1,0013;72,8139
0,0000;-0,0473;0,9848;0,9859;72,8742
0,0927;-0,0212;1,0758;1,0800;72,9336
0,0815;-0,0107;1,1220;1,1250;72,9940
0,0085;0,0183;1,0502;1,0504;73,0554
-0,0134;0,0217;0,9977;0,9981;73,1143
-0,0869;0,0369;1,0890;1,0931;73,1740
-0,0020;0,0278;1,1137;1,1140;73,2346
-0,1691;0,0520;0,6729;0,6958;73,2946
-0,0542;-0,0139;0,8908;0,8926;73,3534
-0,0459;-0,0403;1,0458;1,0476;73,4182
0,0212;-0,0344;1,0160;1,0168;73,4753
0,0327;-0,0344;1,0034;1,0045;73,5347
0,0703;-0,0308;0,8520;0,8555;73,5939
0,0720;-0,0017;0,4418;0,4476;73,6538
0,2040;0,0029;0,4291;0,4751;73,7155
-0,1242;-0,1279;1,1242;1,1382;73,7743
0,0803;-0,0288;1,0634;1,0668;73,8337
0,0903;-0,0066;0,9943;0,9984;73,8962
0,0066;-0,0190;0,9828;0,9831;73,9583
0,0334;-0,0088;1,0282;1,0288;74,0162
0,0398;-0,0078;1,1478;1,1486;74,0740
-0,0203;0,0029;1,1068;1,1070;74,1363
-0,1516;-0,0066;1,2523;1,2615;74,1942
-0,0159;0,0605;1,0470;1,0489;74,2614
0,0437;-0,0317;0,8391;0,8408;74,3139
-0,0481;-0,0142;0,9648;0,9661;74,3764
0,0010;-0,0168;1,0175;1,0176;74,4332
0,0210;-0,0066;0,9848;0,9850;74,4942
0,0085;-0,0137;0,9855;0,9857;74,5537
0,0825;-0,0015;0,9672;0,9707;74,6132
0,0735;0,0378;0,8296;0,8337;74,6730
-0,0342;0,0002;1,0434;1,0439;74,7341
0,0905;0,1350;2,0933;2,0996;74,7937
0,1635;-0,0134;1,2049;1,2161;74,8536
0,0959;-0,0090;0,9860;0,9907;74,9150
0,0517;-0,0134;0,9677;0,9692;74,9744
0,0630;0,0088;1,0810;1,0828;75,0339
0,0115;-0,0283;0,9638;0,9643;75,0933
0,0039;-0,0090;1,1251;1,1252;75,1536
0,1172;-0,0259;1,2816;1,2872;75,2147
-0,2992;-0,1067;-0,3883;0,5017;75,2735
-0,0095;-0,0242;0,8803;0,8807;75,3335
0,0088;-0,0305;1,0053;1,0058;75,3944
0,0578;-0,0237;1,0395;1,0413;75,4539
0,0998;0,0032;0,9738;0,9789;75,5132
0,1215;0,0015;0,8891;0,8974;75,5733
0,1237;0,0237;1,0575;1,0650;75,6358
0,1028;-0,0388;0,9792;0,9853;75,6933
0,1870;-0,0234;2,6793;2,6860;75,7531
0,2980;-0,0393;1,2364;1,2724;75,8132
0,1540;-0,0347;1,0102;1,0224;75,8795
0,1874;-0,0510;1,1264;1,1430;75,9341
0,0085;0,0095;1,2386;1,2387;75,9937
0,0068;0,0891;1,0346;1,0384;76,0556
0,0923;0,1608;0,8435;0,8636;76,1131
0,2140;-0,0339;1,0236;1,0463;76,1750
0,2289;-0,0644;1,3646;1,3851;76,2328
0,0200;-0,0173;0,9113;0,9117;76,2931
0,0510;-0,0251;1,0385;1,0401;76,3543
0,0998;-0,0337;1,0234;1,0288;76,4137
0,2221;-0,0278;0,8889;0,9166;76,4738
0,1396;-0,0376;0,8061;0,8190;76,5362
0,1381;-0,0759;0,8464;0,8610;76,5942
-0,1784;-0,0966;1,2316;1,2482;76,6536
0,0542;-0,0247;1,2042;1,2057;76,7145
0,1560;0,0007;0,9841;0,9964;76,7731
0,1477;-0,0193;1,0009;1,0119;76,8339
0,0830;-0,0681;1,0116;1,0173;76,8936
0,0901;-0,0735;1,0941;1,1003;76,9529
0,0998;-0,0337;1,0661;1,0713;77,0131
0,0371;-0,0288;1,1515;1,1525;77,0734
-0,0727;0,0286;0,7607;0,7648;77,1334
0,0744;0,0569;1,0761;1,0802;77,1926
0,1916;0,0005;1,0929;1,1096;77,2594
0,0710;0,0081;0,7883;0,7916;77,3130
0,0596;-0,0420;0,9975;1,0001;77,3752
0,1096;-0,0400;1,0236;1,0302;77,4396
0,1367;-0,0271;0,9482;0,9584;77,4929
0,1240;-0,0312;0,9035;0,9125;77,5570
0,0674;-0,0229;0,6951;0,6987;77,6141
0,5587;-0,0156;0,1594;0,5812;77,6724
-0,0225;-0,0591;1,4039;1,4053;77,7332
0,2275;-0,0737;1,0324;1,0597;77,7940
0,1023;-0,0359;0,9960;1,0019;77,8525
0,0744;-0,0371;0,9902;0,9937;77,9134
0,0920;-0,0371;0,9941;0,9990;77,9729
0,0364;-0,0732;1,0492;1,0524;78,0344
0,0149;-0,0593;1,1835;1,1850;78,0953
0,0181;-0,0664;1,3309;1,3327;78,1541
0,1931;0,0227;0,9907;1,0095;78,2235
0,0254;0,0017;0,6172;0,6178;78,2907
0,0105;-0,0142;0,9626;0,9628;78,3341
0,0596;-0,0283;1,0719;1,0740;78,3969
0,0918;-0,0298;0,9706;0,9754;78,4537
0,0910;-0,0520;0,9052;0,9113;78,5140
0,0796;-0,0261;0,7708;0,7753;78,5731
-0,1147;-0,0356;1,0732;1,0799;78,6335
0,0803;-0,0449;0,9484;0,9529;78,6965
0,0044;0,0015;0,9853;0,9853;78,7543
0,1391;-0,0527;1,1134;1,1233;78,8135
0,0727;-0,0366;0,9733;0,9767;78,8736
0,0627;-0,0417;1,0177;1,0205;78,9338
0,0583;-0,0381;1,0224;1,0248;78,9938
-0,0356;-0,0222;1,0595;1,0603;79,0532
-0,0305;-0,0232;1,0300;1,0307;79,1143
-0,0422;0,0212;1,1430;1,1439;79,1733
0,0415;0,0647;1,1478;1,1504;79,2338
0,1135;0,0749;0,8410;0,8520;79,2935
-0,0720;-0,0203;1,1115;1,1140;79,3562
0,0527;0,0017;1,0217;1,0230;79,4147
0,0805;0,0159;0,9682;0,9717;79,4746
0,0788;0,0093;0,9204;0,9238;79,5332
0,1028;-0,0171;0,7739;0,7809;79,5934
0,3773;0,0088;0,5704;0,6839;79,6564
-0,0835;0,0027;0,9301;0,9339;79,7133
0,0076;-0,0361;0,9955;0,9962;79,7731
0,1723;-0,0244;1,0058;1,0207;79,8336
0,1047;-0,0293;0,9894;0,9954;79,8934
0,0559;-0,0339;1,0004;1,0026;79,9533
0,0930;-0,0225;1,0678;1,0721;80,0132
0,0298;-0,0278;1,0329;1,0337;80,0732
-0,0012;-0,0207;1,1696;1,1697;80,1332
-0,0393;0,0334;1,0702;1,0715;80,1948
-0,1769;-0,0056;0,4171;0,4531;80,2528
0,0061;0,0027;0,8820;0,8821;80,3127
-0,0124;-0,0190;1,0141;1,0143;80,3735
0,0503;-0,0105;1,0326;1,0339;80,4363
0,0532;-0,0022;0,9731;0,9745;80,4932
0,1591;0,0078;0,8379;0,8529;80,5540
0,0703;-0,0120;0,7551;0,7585;80,6138
-0,2192;-0,0244;1,2123;1,2322;80,6735
0,1240;0,0095;0,9653;0,9733;80,7337
0,0840;-0,0146;1,0841;1,0875;80,7948
0,1352;-0,0293;0,9977;1,0073;80,8527
0,0796;-0,0373;0,9924;0,9963;80,9127
0,0879;-0,0366;1,0065;1,0110;80,9740
0,0703;-0,0342;1,0038;1,0069;81,0334
0,3009;-0,0622;1,3970;1,4304;81,0929
-0,0120;-0,0625;1,3543;1,3558;81,1566
-0,0234;0,0032;1,1388;1,1391;81,2136
-0,4269;-0,0210;0,0849;0,4357;81,2735
0,0098;0,0085;0,8176;0,8177;81,3354
0,0469;0,0007;0,9902;0,9913;81,3928
0,0923;-0,0115;1,0309;1,0351;81,4530
0,0700;-0,0215;0,9562;0,9590;81,5129
0,0822;-0,0381;0,9660;0,9703;81,5780
0,0832;-0,0393;0,9758;0,9801;81,6344
0,1979;-0,0622;0,9582;0,9804;81,6954
0,1379;-0,1123;0,8879;0,9055;81,7527
0,2314;-0,0715;1,2796;1,3023;81,8126
0,3473;-0,0564;1,0793;1,1352;81,8735
0,1767;-0,0286;0,9763;0,9925;81,9351
0,1208;-0,0434;1,0085;1,0166;81,9926
0,1323;-0,0371;1,0214;1,0306;82,0529
0,2109;-0,1018;1,1146;1,1390;82,1133
0,0556;0,0122;1,3760;1,3772;82,1751
0,0515;-0,0503;1,0744;1,0768;82,2334
0,1613;-0,1015;0,6231;0,6516;82,2974
0,0166;0,0073;0,8813;0,8815;82,3535
0,0161;-0,0098;1,0119;1,0121;82,4153
0,0657;-0,0103;1,0197;1,0219;82,4728
0,0603;-0,0078;0,9760;0,9779;82,5329
0,1457;-0,0193;0,8096;0,8228;82,5936
0,0913;-0,0522;0,6546;0,6630;82,6534
0,0161;-0,0813;0,5870;0,5928;82,7127
0,2321;-0,0857;1,1754;1,2012;82,7727
0,3368;-0,0896;1,1779;1,2283;82,8331
0,1682;-0,0344;0,9919;1,0066;82,8927
0,1115;-0,0439;0,9870;0,9943;82,9527
0,1179;-0,0410;0,9841;0,9920;83,0130
0,1028;-0,0469;1,0353;1,0415;83,0752
0,0100;-0,0527;1,1044;1,1057;83,1323
0,0415;-0,0044;1,2638;1,2645;83,1931
0,0388;0,0015;1,0241;1,0248;83,2530
0,3065;-0,0310;1,0924;1,1351;83,3128
-0,0037;0,0173;0,9026;0,9027;83,3750
0,0110;0,0073;0,9904;0,9905;83,4324
0,0586;0,0083;1,0422;1,0438;83,4941
0,0439;0,0027;0,9919;0,9929;83,5524
0,0632;-0,0022;0,9687;0,9708;83,6132
-0,1957;-0,0369;1,2650;1,2806;83,6729
-0,0666;-0,0168;0,7212;0,7245;83,7323
0,1406;-0,0610;0,8547;0,8683;83,7926
0,4403;-0,2841;3,4965;3,5355;83,8525
0,2885;-0,0437;1,0429;1,0829;83,9134
0,1110;-0,0364;0,9836;0,9905;83,9729
0,0622;-0,0491;0,9897;0,9929;84,0347
0,0527;-0,0415;1,0185;1,0207;84,0917
0,0417;-0,0522;1,0978;1,0998;84,1520
0,0142;-0,0029;1,1281;1,1282;84,2164
0,1152;-0,1674;1,6679;1,6803;84,2801
0,0493;0,0066;0,7454;0,7470;84,3401
0,1425;-0,0012;0,6805;0,6952;84,3918
0,0083;-0,0193;1,0034;1,0036;84,4533
0,0317;-0,0293;1,0304;1,0313;84,5120
0,0598;-0,0261;0,9909;0,9930;84,5720
0,0781;-0,0237;0,9780;0,9814;84,6370
0,0898;-0,0234;0,9326;0,9372;84,6919
0,0896;-0,0820;0,9189;0,9269;84,7517
-0,5821;0,0732;1,1315;1,2745;84,8120
-0,0132;-0,0059;1,0941;1,0942;84,8717
0,2358;-0,0393;1,0478;1,0747;84,9319
0,1101;-0,0315;1,0163;1,0227;84,9921
0,1045;-0,0151;1,0390;1,0443;85,0516
0,0203;-0,0361;1,0060;1,0069;85,1123
-0,0205;-0,0059;1,0104;1,0107;85,1738
-0,0076;0,0239;1,1210;1,1213;85,2325
0,0581;0,0510;1,1207;1,1234;85,2963
0,0034;0,0293;0,6187;0,6194;85,3521
0,1045;-0,0481;0,6421;0,6523;85,4136
0,0173;-0,0171;1,0219;1,0222;85,4720
0,0578;-0,0159;1,0038;1,0056;85,5323
0,0971;-0,0100;0,9597;0,9646;85,5918
0,1303;-0,0259;0,8567;0,8669;85,6520
0,0954;-0,0700;0,8396;0,8479;85,7119
0,2009;-0,0393;0,8825;0,9060;85,7719
0,0085;-0,0420;1,1059;1,1067;85,8323
0,1779;-0,0364;1,0290;1,0449;85,8923
0,0898;-0,0354;0,9907;0,9954;85,9547
0,0940;-0,0225;1,0143;1,0189;86,0180
0,1186;-0,0244;1,1281;1,1345;86,0723
0,0178;-0,0183;1,0153;1,0156;86,1323
0,0603;0,0059;1,2079;1,2094;86,1946
0,1010;0,0151;1,3426;1,3465;86,2521
-0,1801;-0,0117;0,2541;0,3117;86,3181
0,0300;-0,0049;0,8274;0,8279;86,3718
0,0137;-0,0210;0,9882;0,9885;86,4366
0,0696;-0,0217;1,0304;1,0330;86,4918
0,1179;-0,0181;0,9736;0,9809;86,5527
0,1030;-0,0305;0,9907;0,9965;86,6124
0,1008;-0,0454;0,6211;0,6309;86,6724
0,0442;-0,0434;0,7551;0,7577;86,7331
0,0803;-0,0088;0,8847;0,8884;86,7929
0,1557;0,0076;1,0480;1,0595;86,8529
0,1965;-0,0173;1,0065;1,0257;86,9150
0,1294;-0,0305;1,0055;1,0143;86,9726
0,1186;-0,0278;1,0121;1,0194;87,0328
0,1118;-0,0393;1,0810;1,0874;87,0925
0,0359;-0,0849;1,1164;1,1202;87,1523
-0,1230;-0,0369;0,9682;0,9767;87,2125
0,1123;-0,0581;1,0910;1,0983;87,2893
0,0334;-0,1552;-0,0395;0,1636;87,3361
0,0085;-0,0164;0,9423;0,9425;87,3929
0,0300;-0,0149;0,9743;0,9749;87,4524
0,0657;-0,0134;1,0248;1,0270;87,5129
0,1067;-0,0103;0,9538;0,9598;87,5727
0,1289;-0,0281;0,9787;0,9875;87,6321
0,1189;-0,0752;0,8650;0,8763;87,6941
0,1423;-0,0154;0,7178;0,7319;87,7609
0,0862;-0,1130;1,9061;1,9114;87,8122
0,2985;-0,0725;1,1159;1,1574;87,8729
0,1320;-0,0268;0,9645;0,9739;87,9325
0,0852;-0,0310;0,9887;0,9929;87,9921
0,0930;-0,0198;1,0387;1,0431;88,0523
0,0342;-0,0178;1,0112;1,0119;88,1124
0,0132;0,0256;1,0622;1,0626;88,1748
0,1101;0,0513;0,9933;1,0007;88,2319
0,0788;0,0237;1,1300;1,1330;88,2926
0,0874;0,0481;1,0993;1,1038;88,3557
0,0332;0,0290;0,8696;0,8707;88,4124
0,0215;-0,0320;0,9909;0,9917;88,4730
0,0515;-0,0678;1,0524;1,0558;88,5323
0,1084;-0,0649;0,9819;0,9900;88,5927
0,1076;-0,0664;0,9760;0,9842;88,6581
0,1047;-0,0400;0,8101;0,8178;88,7118
0,0676;-0,0286;0,6387;0,6429;88,7721
0,0412;0,0139;0,9587;0,9597;88,8358
0,0605;-0,0085;1,0121;1,0140;88,8935
0,1428;-0,0381;1,0492;1,0596;88,9521
0,1157;-0,0347;0,9858;0,9931;89,0122
-0,1357;-0,0320;0,8803;0,8913;89,0720
0,1281;-0,0896;1,2682;1,2778;89,1319
0,1706;-0,0420;1,1771;1,1902;89,1926
0,1259;0,0029;1,4429;1,4484;89,2521
0,1118;0,0059;0,7551;0,7634;89,3118
0,0164;0,0088;0,9843;0,9845;89,3725
0,0576;0,0012;1,0058;1,0074;89,4319
0,0888;0,0088;0,9938;0,9978;89,4921
0,0908;0,0020;0,9687;0,9729;89,5512
0,0449;0,0178;1,0941;1,0952;89,6126
0,1291;-0,0681;0,7271;0,7416;89,6723
0,1604;-0,0020;0,7852;0,8014;89,7318
0,2387;0,0495;2,2676;2,2807;89,7924
0,2411;-0,0251;1,0744;1,1014;89,8519
0,1359;-0,0264;0,9589;0,9689;89,9117
0,1135;-0,0349;0,9775;0,9847;89,9719
0,1347;-0,0403;1,0165;1,0262;90,0309
0,1062;-0,0310;1,0461;1,0519;90,0922
0,0905;-0,0386;1,0534;1,0580;90,1515
0,0925;-0,0791;1,1273;1,1339;90,2118
0,1084;0,0093;0,9460;0,9522;90,2724
0,0744;0,0788;0,9399;0,9461;90,3328
0,1245;-0,0020;0,7498;0,7600;90,3919
0,1345;-0,0369;1,0175;1,0270;90,4542
0,1672;-0,0710;1,0566;1,0721;90,5114
0,1811;-0,0600;0,9994;1,0175;90,5729
0,1926;-0,0344;0,9550;0,9749;90,6322
0,2358;0,0290;0,7537;0,7902;90,6917
0,1337;-0,0085;1,0212;1,0299;90,7526
0,0864;-0,1328;0,5989;0,6195;90,8114
0,0481;-0,1106;1,1910;1,1971;90,8719
0,2565;-0,1106;0,9819;1,0208;90,9318
0,1811;-0,0012;1,0141;1,0301;90,9940
0,1525;-0,0395;0,9562;0,9691;91,0526
0,1460;0,0508;1,0805;1,0915;91,1121
0,1552;-0,0159;1,1447;1,1552;91,1747
0,2792;0,0903;1,1244;1,1621;91,2392
0,2550;0,0041;1,0278;1,0589;91,2924
0,1401;-0,0115;0,8093;0,8214;91,3517
0,1533;-0,0232;0,9907;1,0027;91,4166
0,1645;-0,0259;1,0197;1,0332;91,4716
0,1552;-0,0088;0,9228;0,9358;91,5331
0,1974;0,0264;0,8911;0,9131;91,5956
0,2377;-0,0142;0,9604;0,9895;91,6568
0,1447;0,0288;0,8850;0,8972;91,7111
0,3663;0,0134;0,9777;1,0442;91,7751
0,2292;-0,0322;1,1918;1,2140;91,8348
0,1928;-0,0522;1,0734;1,0918;91,8905
0,1411;-0,0466;0,9858;0,9969;91,9519
0,1274;-0,0159;1,0400;1,0479;92,0140
-0,0820;-0,0393;0,9799;0,9841;92,0715
-0,3256;0,1545;0,7559;0,8374;92,1305
0,3524;-0,2358;1,0158;1,1007;92,1919
0,1833;-0,0703;1,0095;1,0284;92,2506
0,2170;-0,0962;1,1164;1,1413;92,3104
0,5531;0,0364;0,9357;1,0876;92,3706
0,1257;-0,1757;0,8686;0,8951;92,4319
0,1550;-0,1179;0,9506;0,9704;92,4950
0,1320;-0,0600;1,0768;1,0865;92,5507
0,1162;0,0334;0,9907;0,9980;92,6107
0,1286;-0,0666;1,0927;1,1022;92,6710
0,2253;-0,0796;1,3802;1,4007;92,7322
-0,0844;-0,0095;0,9794;0,9831;92,7913
0,1479;-0,0205;0,7656;0,7801;92,8515
0,0820;-0,0915;1,0453;1,0525;92,9138
0,0930;-0,0859;0,9501;0,9585;92,9710
0,1416;-0,0718;0,9628;0,9758;93,0305
0,0735;-0,0205;0,9228;0,9260;93,0923
0,1335;-0,0749;1,1300;1,1403;93,1521
0,2006;-0,0317;0,7981;0,8235;93,2114
0,1730;-0,1135;1,0104;1,0314;93,2705
0,2795;-0,1035;1,2879;1,3220;93,3327
0,1884;-0,0661;1,0334;1,0525;93,3931
0,2228;-0,0332;0,9218;0,9490;93,4517
0,1652;-0,0400;0,9936;1,0080;93,5135
0,1586;-0,0281;0,9936;1,0066;93,5705
0,1579;-0,0351;1,0766;1,0887;93,6311
0,0788;-0,0732;1,1383;1,1434;93,6936
0,0412;-0,0722;1,3062;1,3089;93,7502
-0,0798;-0,0408;1,0407;1,0445;93,8114
-0,3888;-0,0046;-0,3683;0,5356;93,8733
0,0168;-0,0200;0,8950;0,8954;93,9310
0,0227;-0,0574;1,0055;1,0074;93,9909
0,0613;-0,0522;1,0246;1,0277;94,0504
0,1108;-0,0434;0,9633;0,9706;94,1121
0,1291;-0,0439;0,9233;0,9333;94,1702
0,1623;-0,0827;0,8542;0,8734;94,2300
0,0278;-0,0879;0,8154;0,8206;94,2923
0,1706;-0,1259;1,9596;1,9710;94,3506
0,2314;-0,0840;1,0941;1,1215;94,4115
0,1935;-0,0176;0,9460;0,9658;94,4704
0,1550;-0,0337;1,0014;1,0139;94,5300
0,1489;-0,0349;0,9972;1,0089;94,5911
0,1469;-0,0381;1,0553;1,0662;94,6509
-0,0107;-0,0139;0,9367;0,9369;94,7103
0,0156;-0,0288;1,0158;1,0163;94,7725
-0,0007;-0,0171;1,1056;1,1057;94,8304
0,0124;-0,0622;0,9589;0,9610;94,8914
0,0425;-0,0156;0,6785;0,6800;94,9509
-0,0056;-0,0176;0,8986;0,8988;95,0102
-0,0159;-0,0510;1,0153;1,0167;95,0707
0,0232;-0,0491;1,0251;1,0265;95,1299
0,0725;-0,0344;0,9389;0,9423;95,1897
0,0959;-0,0710;0,9616;0,9690;95,2519
0,1130;-0,1267;0,9497;0,9647;95,3109
0,0588;-0,0198;1,0295;1,0313;95,3708
0,1211;-0,1381;1,9825;1,9910;95,4316
0,2560;-0,0222;0,9357;0,9704;95,4899
0,1042;-0,0281;0,9699;0,9759;95,5507
0,1250;-0,0371;0,9975;1,0060;95,6106
0,1150;-0,0383;1,0080;1,0152;95,6701
0,1242;-0,0332;1,0453;1,0532;95,7329
0,0229;-0,0422;0,9907;0,9918;95,7902
-0,0039;-0,0449;1,2389;1,2397;95,8500
0,2158;-0,0378;1,1239;1,1451;95,9134
0,0200;-0,0381;1,1332;1,1340;95,9698
-0,2660;-0,0044;-0,2965;0,3984;96,0311
-0,0095;-0,0266;0,7864;0,7869;96,0897
-0,0234;-0,0408;0,9824;0,9835;96,1504
0,0129;-0,0544;1,0492;1,0507;96,2116
0,0495;-0,0412;0,9802;0,9823;96,2700
0,0893;-0,0439;0,8518;0,8576;96,3299
0,0442;-0,0727;0,7817;0,7864;96,3919
0,2087;-0,0966;0,9111;0,9397;96,4531
0,1015;-0,0710;0,7095;0,7202;96,5118
-0,0386;-0,0022;1,0385;1,0392;96,5733
0,1694;-0,0581;0,9636;0,9801;96,6298
0,0891;-0,0478;0,9899;0,9951;96,6902
0,0871;-0,0715;0,9970;1,0034;96,7502
0,0854;-0,0691;1,0217;1,0275;96,8095
0,0261;-0,0769;1,0285;1,0317;96,8699
0,0083;-0,0796;1,1383;1,1411;96,9302
0,0093;-0,0217;0,8867;0,8870;96,9909
0,0412;-0,0268;1,0292;1,0304;97,0498
0,0290;-0,0412;1,3231;1,3240;97,1096
-0,0051;-0,0693;0,8491;0,8519;97,1734
-0,0471;-0,0576;0,9028;0,9059;97,2303
-0,0146;-0,0681;1,0209;1,0233;97,2932
0,0718;-0,0715;1,0138;1,0189;97,3499
0,0649;-0,0395;0,7266;0,7305;97,4126
0,1765;-0,0608;0,7200;0,7438;97,4730
-0,2021;-0,0586;1,4588;1,4739;97,5310
0,1391;-0,0466;1,4900;1,4972;97,5894
0,1621;-0,0452;1,0292;1,0429;97,6516
0,1240;-0,0061;0,9875;0,9953;97,7173
0,1215;-0,0151;0,9941;1,0016;97,7702
0,1096;-0,0146;1,0146;1,0206;97,8298
0,0891;-0,0132;0,9850;0,9892;97,8927
0,0500;-0,0249;1,0517;1,0532;97,9508
-0,0210;0,0271;0,9719;0,9725;98,0101
0,0491;0,0015;1,1381;1,1391;98,0695
-0,3668;-0,0093;0,4886;0,6111;98,1300
0,0083;-0,0059;0,7595;0,7596;98,1924
-0,0181;-0,0422;1,0404;1,0415;98,2489
0,0366;-0,0415;1,0321;1,0336;98,3121
0,0600;-0,0278;0,9497;0,9520;98,3696
0,0566;-0,0342;0,9531;0,9554;98,4317
0,2026;-0,0181;0,4874;0,5281;98,4897
-0,0010;-0,0210;0,6109;0,6113;98,5494
0,1118;-0,0559;1,0710;1,0782;98,6105
0,1784;-0,0727;1,1432;1,1593;98,6735
0,1647;-0,0007;0,9748;0,9886;98,7298
0,1142;-0,0229;1,0002;1,0069;98,7924
0,0764;-0,0459;0,9958;0,9998;98,8498
0,0949;-0,0410;1,0060;1,0113;98,9101
0,0681;-0,0466;1,0243;1,0277;98,9691
0,0198;-0,0371;1,0080;1,0089;99,0290
-0,0144;-0,0190;1,0497;1,0500;99,0894
-0,0530;-0,0164;1,1703;1,1716;99,1499
-0,0874;0,0473;0,8501;0,8559;99,2089
0,0808;-0,0576;0,1618;0,1898;99,2732
-0,0473;0,0024;0,8989;0,9001;99,3309
-0,0205;-0,0461;1,0363;1,0375;99,3898
0,0137;-0,0142;0,9916;0,9918;99,4543
0,0693;-0,0315;0,9709;0,9739;99,5088
0,0818;-0,0303;0,8659;0,8703;99,5705
0,0996;-0,0046;0,8247;0,8307;99,6289
0,0859;-0,0403;0,9265;0,9313;99,6894
0,1953;-0,1801;1,7795;1,7992;99,7496
0,2719;-0,0576;1,0204;1,0576;99,8130
0,1172;-0,0405;1,0556;1,0628;99,8701
0,0971;-0,0425;0,9958;1,0014;99,9298
0,0715;-0,0300;1,0470;1,0499;99,9898
-0,0244;-0,0598;1,0063;1,0083;100,0514
-0,0481;-0,0183;1,2298;1,2309;100,1099
0,0344;-0,0061;0,9389;0,9396;100,1702
-0,0007;-0,1013;1,0009;1,0060;100,2341
0,0205;-0,0117;0,8669;0,8672;100,2942
-0,0747;-0,0315;0,9311;0,9346;100,3501
-0,0347;-0,0351;0,9872;0,9885;100,4112
0,0215;-0,0364;0,9433;0,9443;100,4719
0,0334;-0,0742;0,9675;0,9709;100,5312
0,0710;-0,0935;0,6983;0,7081;100,5901
0,1806;-0,0884;0,4937;0,5331;100,6514
0,0644;-0,0730;1,0775;1,0819;100,7112
0,0159;-0,0378;1,0524;1,0532;100,7705
0,1384;-0,0371;0,9516;0,9623;100,8298
0,0659;-0,0425;0,9907;0,9938;100,8906
0,0688;-0,0391;0,9909;0,9941;100,9499
0,0625;-0,0408;1,0126;1,0154;101,0109
-0,0981;-0,0503;1,0468;1,0526;101,0695
0,0000;-0,0561;1,3277;1,3289;101,1303
-0,2206;0,0471;1,0126;1,0375;101,1953
0,1413;-0,0068;1,3177;1,3253;101,2497
-0,0022;0,0081;0,7944;0,7945;101,3096
-0,0864;-0,0520;0,9875;0,9926;101,3695
-0,0391;-0,0622;1,0573;1,0598;101,4303
0,0183;-0,0383;0,9540;0,9550;101,4910
0,0273;-0,0456;0,9824;0,9838;101,5502
0,0761;-0,0415;0,9704;0,9743;101,6110
0,0935;-0,0359;0,9199;0,9253;101,6700
0,0852;-0,1413;0,8513;0,8671;101,7298
0,1503;-0,1367;2,7613;2,7688;101,7898
0,2075;-0,0115;1,0439;1,0643;101,8516
0,0500;-0,0029;0,9760;0,9773;101,9103
0,0259;-0,0247;0,9797;0,9803;101,9704
0,0683;-0,0185;1,0324;1,0348;102,0331
0,0432;-0,0185;1,0392;1,0403;102,0898
-0,0188;-0,0317;1,1461;1,1467;102,1500
-0,0315;0,0312;1,2298;1,2306;102,2095
0,0740;-0,0066;0,8132;0,8166;102,2698
0,1179;-0,0500;0,4415;0,4597;102,3296
-0,0876;-0,0251;0,9287;0,9331;102,3897
-0,0473;-0,0473;1,0060;1,0083;102,4498
-0,0112;-0,0425;0,9899;0,9909;102,5118
0,0012;-0,0388;0,9931;0,9939;102,5694
-0,0012;-0,0237;0,8415;0,8419;102,6299
0,0151;-0,0327;0,5516;0,5528;102,6945
-0,0388;-0,1513;0,6280;0,6471;102,7567
-0,0041;-0,1301;2,8260;2,8290;102,8100
0,0810;-0,1257;1,1578;1,1675;102,8697
0,0083;-0,0405;0,9526;0,9535;102,9330
0,0076;-0,0386;0,9841;0,9849;102,9901
0,0081;-0,0493;1,0153;1,0165;103,0505
0,0137;-0,0420;1,0214;1,0224;103,1096
-0,0310;-0,0813;1,4009;1,4036;103,1689
0,7546;-0,0237;2,0553;2,1896;103,2297
0,2709;-0,0391;0,5169;0,5849;103,2924
-0,1247;0,0012;0,8496;0,8587;103,3486
-0,0678;-0,0425;1,0041;1,0073;103,4097
0,0022;-0,0237;1,0063;1,0066;103,4722
-0,0132;-0,0227;0,9897;0,9900;103,5286
0,0007;-0,0247;0,9719;0,9722;103,5896
0,0081;-0,0273;0,9392;0,9396;103,6557
0,0271;-0,1215;0,8059;0,8155;103,7098
0,0432;-0,0874;1,2274;1,2313;103,7688
-0,0461;-0,3344;2,0350;2,0628;103,8327
0,0686;-0,0617;0,9992;1,0035;103,8899
0,0278;-0,0432;0,9543;0,9557;103,9503
0,0288;-0,0456;1,0060;1,0075;104,0157
0,0293;-0,0439;1,0087;1,0101;104,0751
0,0193;-0,0420;1,0231;1,0242;104,1298
-0,0525;-0,0893;1,2045;1,2089;104,1902
-0,0120;-0,0120;1,4180;1,4181;104,2537
0,0237;0,0227;1,1334;1,1339;104,3116
0,0320;-0,0295;0,7688;0,7700;104,3707
-0,0788;-0,0327;0,9904;0,9941;104,4316
-0,0381;-0,0430;1,0270;1,0286;104,4952
-0,0188;-0,0359;0,9802;0,9810;104,5570
-0,0063;-0,0295;0,9904;0,9909;104,6116
0,0056;-0,0024;0,8694;0,8694;104,6756
0,0391;-0,0596;0,6958;0,6995;104,7320
0,0256;-0,0537;0,9116;0,9135;104,7911
-0,0630;-0,0642;1,1659;1,1694;104,8507
-0,0029;-0,0732;1,1761;1,1784;104,9121
0,0759;-0,0142;0,9548;0,9579;104,9742
0,0193;-0,0312;0,9916;0,9923;105,0311
0,0185;-0,0347;0,9951;0,9958;105,0970
0,0142;-0,0373;1,0805;1,0812;105,1521
-0,0315;-0,0657;1,2159;1,2181;105,2124
-0,0122;-0,0505;1,4085;1,4095;105,2716
0,1599;-0,0281;1,3341;1,3439;105,3323
-0,0081;-0,0539;0,6814;0,6836;105,3926
-0,0696;-0,0247;0,9411;0,9440;105,4525
-0,0325;-0,0290;1,0190;1,0199;105,5121
0,0088;-0,0188;0,9909;0,9911;105,5726
0,0210;-0,0273;0,9907;0,9913;105,6339
0,0908;-0,0300;0,8669;0,8722;105,6923
0,0535;-0,0657;0,8840;0,8880;105,7521
0,0376;-0,0032;1,0539;1,0545;105,8119
0,0591;-0,0515;1,2457;1,2482;105,8727
0,1823;-0,0535;1,0732;1,0898;105,9355
0,1071;-0,0100;0,9907;0,9965;105,9920
0,0544;-0,0376;1,0002;1,0024;106,0522
0,0527;-0,0459;1,0197;1,0221;106,1137
0,0068;-0,0566;1,0578;1,0593;106,1726
-0,0237;-0,0452;1,1696;1,1707;106,2367
-0,0264;-0,0432;1,4368;1,4377;106,2930
0,0315;0,0254;0,9921;0,9929;106,3517
0,0076;0,0041;0,8540;0,8540;106,4140
-0,0832;-0,0288;0,9865;0,9904;106,4746
-0,0332;-0,0391;1,0241;1,0254;106,5317
0,0190;-0,0256;0,9887;0,9892;106,5920
0,0517;-0,0303;0,9350;0,9369;106,6525
0,0156;-0,0317;0,5531;0,5542;106,7117
0,0481;-0,0041;0,7244;0,7260;106,7719
0,0295;-0,0234;0,9450;0,9458;106,8331
0,2062;-0,0803;1,1998;1,2201;106,8920
0,0915;-0,0178;0,9987;1,0031;106,9522
0,0508;-0,0334;1,0131;1,0149;107,0118
0,0273;-0,0391;1,0351;1,0362;107,0742
-0,0166;-0,0391;1,0395;1,0403;107,1326
-0,0681;-0,0371;1,1827;1,1853;107,1939
0,1306;0,0217;1,7272;1,7323;107,2524
-0,0486;-0,0373;1,1454;1,1470;107,3152
-0,0261;0,0132;0,8684;0,8689;107,3719
-0,0866;-0,0278;1,0270;1,0310;107,4318
-0,0408;-0,0251;0,9987;0,9999;107,4916
-0,0120;-0,0185;0,9882;0,9885;107,5567
0,0020;-0,0239;0,9731;0,9734;107,6123
0,0569;-0,0325;0,8877;0,8901;107,6740
0,0564;-0,0766;0,8498;0,8551;107,7313
0,1076;-0,0544;0,5018;0,5161;107,7919
-0,0910;-0,0547;1,0258;1,0313;107,8518
0,1233;-0,0083;0,8813;0,8899;107,9117
0,0364;-0,0154;1,0116;1,0124;107,9716
0,0430;-0,0149;1,0136;1,0146;108,0330
0,0268;-0,0181;1,0273;1,0278;108,0928
-0,0498;-0,0254;0,9323;0,9340;108,1540
-0,0776;0,0085;1,1808;1,1834;108,2161
-0,6412;0,0652;1,2118;1,3725;108,2721
-0,0093;-0,0515;1,2110;1,2122;108,3316
0,0017;0,0083;0,8232;0,8233;108,3927
-0,0884;-0,0237;0,9907;0,9949;108,4513
-0,0205;-0,0185;1,0219;1,0223;108,5114
-0,0137;-0,0151;0,9907;0,9909;108,5719
0,0090;-0,0127;0,9775;0,9776;108,6316
0,0491;-0,0012;0,9489;0,9502;108,6931
0,0242;-0,0676;0,4901;0,4953;108,7524
0,2878;-0,0530;0,7727;0,8262;108,8117
0,0085;-0,0425;1,0353;1,0362;108,8720
0,0954;-0,0144;0,9316;0,9366;108,9307
0,0364;-0,0242;0,9855;0,9865;108,9907
0,0393;-0,0242;1,0282;1,0293;109,0512
-0,0022;-0,0251;1,0270;1,0273;109,1119
-0,0508;-0,0303;1,1115;1,1130;109,1725
-0,1374;0,0000;1,2355;1,2431;109,2319
-0,1030;0,1042;1,3402;1,3481;109,2905
0,0456;-0,0422;0,0039;0,0623;109,3508
-0,0964;0,0222;0,8960;0,9014;109,4134
-0,0786;-0,0205;0,9919;0,9952;109,4717
-0,0054;-0,0095;1,0141;1,0141;109,5316
0,0085;-0,0076;0,9907;0,9907;109,5907
0,0783;0,0007;0,8694;0,8729;109,6509
0,0088;0,0105;0,6136;0,6137;109,7159
-0,2631;0,0622;0,8335;0,8762;109,7703
0,0525;-0,0373;1,0619;1,0639;109,8306
-0,0569;0,0085;1,0126;1,0143;109,8918
0,0869;-0,0552;1,0119;1,0171;109,9521
-0,0171;-0,0603;0,9946;0,9965;110,0107
0,0088;-0,0498;0,9894;0,9907;110,0743
0,0198;-0,0481;1,0592;1,0605;110,1303
-0,0535;-0,0703;1,0778;1,0814;110,1906
-0,1032;-0,0051;1,1737;1,1783;110,2516
-0,0498;0,0039;1,1232;1,1243;110,3107
-0,0266;-0,0188;-0,1816;0,1845;110,3708
-0,1062;-0,0134;0,8398;0,8466;110,4338
-0,0920;-0,0259;1,0365;1,0409;110,4950
-0,0271;-0,0103;0,9909;0,9913;110,5502
-0,0149;-0,0115;0,9904;0,9906;110,6105
-0,0264;-0,0037;0,9440;0,9444;110,6740
-0,0488;-0,0544;0,7215;0,7252;110,7303
0,0366;-0,0798;0,8723;0,8767;110,7905
-0,0556;-0,1237;1,4388;1,4451;110,8558
0,0347;-0,0659;1,0009;1,0037;110,9106
-0,0159;-0,0596;0,9926;0,9945;110,9711
-0,0015;-0,0510;0,9872;0,9886;111,0312
0,0051;-0,0471;1,0202;1,0213;111,0904
-0,0649;-0,0637;0,9965;1,0007;111,1509
-0,0747;-0,0110;1,3716;1,3737;111,2101
-0,0571;-0,0969;0,8706;0,8778;111,2702
0,0117;-0,0969;1,3929;1,3963;111,3413
-0,0327;-0,0020;0,7917;0,7924;111,3908
-0,0874;-0,0203;0,9907;0,9947;111,4500
-0,0317;-0,0088;1,0060;1,0066;111,5112
-0,0259;-0,0081;0,9816;0,9820;111,5827
0,0178;-0,0041;0,9553;0,9554;111,6314
0,0217;0,0117;0,8735;0,8739;111,6936
0,1318;-0,0046;0,5208;0,5373;111,7498
0,3090;-0,0359;0,7917;0,8507;111,8106
-0,0859;-0,0308;0,9882;0,9924;111,8701
0,1228;-0,0315;1,0109;1,0188;111,9315
0,0237;-0,0508;0,9970;0,9986;111,9903
0,0361;-0,0422;1,0112;1,0127;112,0529
0,0115;-0,0300;1,0483;1,0488;112,1107
-0,0442;-0,0293;1,0839;1,0852;112,1772
-0,0234;-0,0361;1,1766;1,1774;112,2319
-0,0198;-0,0046;0,9348;0,9350;112,2904
0,0012;-0,0154;0,7627;0,7629;112,3522
-0,1059;-0,0315;0,9909;0,9970;112,4103
-0,0561;-0,0256;0,9990;1,0009;112,4699
-0,0220;-0,0129;0,9853;0,9856;112,5298
-0,0012;-0,0110;0,9907;0,9907;112,5900
0,2035;-0,0549;0,8108;0,8377;112,6500
-0,1264;-0,0229;0,8149;0,8250;112,7096
-0,0954;0,0522;0,7888;0,7963;112,7731
-0,0359;0,0283;1,1247;1,1256;112,8299
0,0122;-0,0393;1,0949;1,0956;112,8906
0,0732;-0,0215;0,9963;0,9992;112,9534
0,0344;-0,0329;1,0248;1,0259;113,0100
0,0442;-0,0286;1,0319;1,0332;113,0698
0,0698;-0,0183;1,0778;1,0802;113,1300
-0,0725;-0,0054;1,0058;1,0084;113,1897
-0,2641;0,0317;1,2052;1,2342;113,2511
0,2890;-0,1008;1,1832;1,2222;113,3157
0,0671;-0,0334;0,6238;0,6283;113,3700
-0,1074;-0,0276;0,9899;0,9961;113,4317
-0,0334;-0,0239;1,0278;1,0286;113,4904
0,0105;-0,0066;0,9955;0,9956;113,5510
0,0293;-0,0022;0,9680;0,9684;113,6101
-0,2221;-0,0010;1,0095;1,0336;113,6698
0,1501;-0,1115;0,6231;0,6506;113,7302
-0,0840;0,0095;1,0727;1,0760;113,7907
0,1201;-0,0937;1,1713;1,1811;113,8497
0,1220;-0,0115;0,9972;1,0048;113,9100
0,0591;-0,0339;1,0446;1,0468;113,9699
0,0071;-0,0452;0,9907;0,9917;114,0299
0,0901;-0,0400;1,1320;1,1363;114,0897
-0,0456;-0,0290;1,0097;1,0111;114,1496
-0,0447;0,0271;0,9924;0,9937;114,2112
0,0144;0,0966;1,1947;1,1987;114,2695
-0,0740;0,0505;1,4107;1,4135;114,3298
0,0068;0,0251;0,8825;0,8829;114,3895
-0,0825;-0,0259;1,0195;1,0231;114,4497
-0,0173;-0,0181;1,0207;1,0210;114,5095
0,0100;-0,0168;0,9868;0,9869;114,5696
0,1213;-0,0034;0,8310;0,8399;114,6296
0,0483;-0,0239;0,6402;0,6424;114,6938
0,0786;-0,0154;0,4906;0,4971;114,7499
0,1032;-0,0012;1,1483;1,1530;114,8100
0,2475;-0,0708;1,2074;1,2345;114,8706
0,1281;-0,0212;0,9914;0,9999;114,9300
0,0671;-0,0344;1,0199;1,0227;114,9897
0,0378;-0,0344;1,0402;1,0415;115,0499
-0,0471;-0,0320;1,0392;1,0408;115,1112
-0,0591;-0,0205;1,2108;1,2124;115,1706
-0,1894;0,0234;0,8086;0,8308;115,2289
0,1335;-0,0181;1,3118;1,3187;115,2896
0,0122;-0,0117;0,8049;0,8051;115,3507
-0,0827;-0,0378;1,0251;1,0291;115,4089
-0,0063;-0,0408;0,9980;0,9988;115,4693
0,0312;-0,0349;0,9828;0,9840;115,5296
-0,0437;-0,0569;0,9929;0,9954;115,5912
-0,1025;-0,0395;0,4318;0,4455;115,6499
-0,0264;-0,0398;1,0683;1,0693;115,7097
0,1189;-0,1791;2,6191;2,6279;115,7696
0,2209;-0,0664;1,0097;1,0357;115,8309
0,1162;-0,0254;0,9926;0,9997;115,8895
0,0830;-0,0491;0,9907;0,9953;115,9495
0,0547;-0,0498;1,0058;1,0085;116,0122
0,0210;-0,0735;1,2845;1,2868;116,0690
-0,1040;-0,0600;1,1986;1,2046;116,1303
0,0027;-0,0303;1,2735;1,2739;116,1921
-0,0112;-0,0632;-0,0532;0,0834;116,2526
-0,0937;-0,0249;0,8899;0,8951;116,3095
-0,0820;-0,0481;1,0373;1,0416;116,3708
-0,0210;-0,0371;1,0068;1,0077;116,4288
-0,0063;-0,0337;0,9907;0,9913;116,4898
0,0298;-0,0288;0,9831;0,9840;116,5498
0,0434;-0,0268;0,9599;0,9613;116,6094
0,1084;-0,0788;0,7749;0,7864;116,6696
0,0085;0,0083;0,9938;0,9939;116,7288
-0,0591;-0,0447;1,2467;1,2489;116,7896
0,1089;-0,0449;0,9645;0,9717;116,8543
0,0522;-0,0388;0,9970;0,9991;116,9142
0,0596;-0,0366;1,0246;1,0270;116,9693
0,0561;-0,0203;1,0409;1,0426;117,0294
-0,0666;-0,0295;1,0739;1,0764;117,0935
-0,0820;0,0017;1,2755;1,2781;117,1488
-0,0757;0,1201;1,1168;1,1258;117,2096
0,2150;-0,0542;0,4315;0,4851;117,2768
-0,0664;0,0041;0,8669;0,8695;117,3363
-0,1081;-0,0351;0,9948;1,0013;117,3900
-0,0556;-0,0239;0,9946;0,9964;117,4489
-0,0283;-0,0178;0,9706;0,9712;117,5141
0,0251;-0,0078;0,9448;0,9451;117,5701
0,0493;-0,0178;0,8398;0,8415;117,6395
0,0422;-0,0193;0,7041;0,7057;117,6886
0,0159;-0,0571;0,9643;0,9661;117,7499
-0,1411;-0,0344;1,1239;1,1333;117,8087
0,1794;-0,0012;0,8789;0,8970;117,8686
0,0549;-0,0347;1,0531;1,0551;117,9292
0,0876;-0,0107;0,9797;0,9836;117,9894
0,0493;-0,0212;1,0453;1,0467;118,0533
0,0576;-0,0124;1,1442;1,1457;118,1093
-0,0720;-0,0007;1,1747;1,1769;118,1683
-0,1262;0,0569;1,4932;1,4996;118,2298
0,0002;0,0115;1,0353;1,0354;118,2901
0,0103;-0,0054;0,8166;0,8167;118,3486
-0,1150;-0,0329;0,9985;1,0056;118,4116
-0,0593;-0,0276;1,0302;1,0323;118,4730
-0,0325;-0,0205;0,9860;0,9868;118,5311
-0,0068;-0,0149;0,9911;0,9913;118,5899
0,1323;0,0149;0,8313;0,8419;118,6488
0,0171;0,0132;0,5208;0,5213;118,7107
0,0090;-0,0617;0,6824;0,6853;118,7691
-0,0085;-0,0713;1,3333;1,3353;118,8287
0,1762;-0,0866;1,1215;1,1385;118,8907
0,0908;-0,0225;0,9992;1,0036;118,9484
0,0183;-0,0412;1,0136;1,0146;119,0088
0,0273;-0,0110;1,0900;1,0904;119,0688
-0,0725;-0,0315;1,0239;1,0269;119,1283
-0,1157;0,0266;1,1244;1,1307;119,1888
0,0034;-0,0066;0,9682;0,9682;119,2519
0,0586;-0,0439;0,3761;0,3832;119,3129
-0,1272;-0,0200;0,9548;0,9634;119,3689
-0,0766;-0,0259;1,0109;1,0141;119,4304
-0,0244;-0,0168;1,0012;1,0016;119,4897
-0,0220;-0,0176;0,9985;0,9989;119,5485
-0,0239;-0,0203;0,9609;0,9614;119,6082
-0,0010;-0,0952;1,0619;1,0662;119,6684
0,0195;-0,0935;1,0321;1,0366;119,7289
0,4991;-0,1213;0,6255;0,8094;119,7883
-0,1616;-0,0273;1,3604;1,3703;119,8483
0,1281;-0,0161;0,9240;0,9330;119,9096
0,0242;-0,0391;1,0417;1,0427;119,9686
0,0271;-0,0371;0,9936;0,9946;120,0328
0,0066;-0,0461;1,0253;1,0264;120,0888
0,0461;-0,0500;1,1574;1,1594;120,1489
-0,0796;-0,0769;1,3062;1,3109;120,2090
-0,0903;-0,0359;0,9728;0,9777;120,2684
-0,0864;-0,0254;1,3494;1,3524;120,3287
0,0156;0,0046;0,8000;0,8002;120,3900
-0,1435;-0,0415;0,9948;1,0060;120,4488
-0,0630;-0,0283;1,0143;1,0167;120,5086
-0,0412;-0,0205;0,9890;0,9900;120,5691
-0,0232;-0,0200;0,9870;0,9875;120,6302
0,1069;0,0154;0,8684;0,8751;120,6887
-0,0154;0,0264;0,7659;0,7665;120,7477
0,0185;0,0149;0,5430;0,5436;120,8084
-0,0605;-0,0112;0,8337;0,8360;120,8690
-0,1362;-0,0051;1,0409;1,0498;120,9286
0,1408;-0,0215;1,0456;1,0552;120,9885
0,0317;0,0735;1,1447;1,1475;121,0493
-0,0779;-0,0510;0,8842;0,8891;121,1095
-0,0796;-0,0786;0,9084;0,9153;121,1713
0,0408;-0,0232;0,8542;0,8555;121,2279
0,0339;0,0134;1,0107;1,0113;121,2885
0,0876;0,0420;0,9750;0,9799;121,3485
0,0085;-0,0427;1,0402;1,0411;121,4074
-0,0200;0,0032;1,0536;1,0538;121,4683
0,0085;0,0144;0,9706;0,9708;121,5281
0,0085;-0,0161;0,9907;0,9908;121,5884
0,0132;-0,0020;0,9787;0,9788;121,6482
0,0085;0,0083;0,9902;0,9902;121,7087
0,0044;0,0002;0,9948;0,9948;121,7696
0,0078;0,0015;0,9992;0,9992;121,8277
0,0085;0,0022;0,9899;0,9900;121,8880
0,0088;0,0022;0,9907;0,9907;121,9513
0,0056;0,0059;1,0004;1,0005;122,0078
0,0078;0,0093;0,9955;0,9956;122,0687
0,0107;-0,0095;1,0217;1,0218;122,1309
0,0132;0,0071;0,9821;0,9822;122,1875
0,0083;0,0054;0,9907;0,9907;122,2483
0,0059;0,0085;0,9838;0,9839;122,3125
0,0083;0,0085;0,9968;0,9968;122,3679
0,0044;0,0022;0,9997;0,9997;122,4287
0,0076;-0,0049;0,9907;0,9907;122,4881
0,0041;-0,0090;1,0038;1,0039;122,5495
0,0066;-0,0124;1,0151;1,0152;122,6080
0,0029;-0,0115;0,9907;0,9907;122,6684
0,0012;-0,0117;0,9902;0,9902;122,7341
0,0059;-0,0071;0,9938;0,9939;122,7882
-0,0002;-0,0134;1,0043;1,0044;122,8476
0,0007;-0,0127;0,9916;0,9917;122,9132
0,0056;-0,0093;0,9914;0,9915;122,9694
0,0120;-0,0115;0,9911;0,9913;123,0281
0,0083;-0,0200;0,9907;0,9909;123,0880
