0,2009;-0,0156;0,9890;1,0093;0,1104
0,1977;-0,0144;0,9907;1,0103;0,1349
0,1987;-0,0166;0,9892;1,0091;0,3712
0,1940;-0,0112;0,9848;1,0038;0,3733
0,1923;-0,0139;0,9880;1,0066;0,3753
0,1931;-0,0139;0,9824;1,0012;0,3774
0,2021;-0,0098;0,9868;1,0073;0,4268
0,2004;-0,0132;0,9850;1,0053;0,4857
0,2138;-0,0095;0,9841;1,0071;0,5455
0,2045;-0,0129;0,9907;1,0116;0,6059
0,2070;-0,0115;0,9902;1,0116;0,6681
0,2118;-0,0098;0,9746;0,9974;0,7264
0,2114;-0,0093;0,9855;1,0080;0,7871
0,2197;-0,0105;0,9748;0,9993;0,8470
0,2184;-0,0107;0,9909;1,0148;0,9063
0,2275;0,0002;1,0514;1,0758;0,9672
0,0771;-0,0015;1,3958;1,3979;1,0268
0,3314;-0,0188;1,1642;1,2106;1,0883
-0,1440;-0,0884;0,4498;0,4805;1,1483
0,0222;-0,0198;0,8925;0,8930;1,2073
0,1538;-0,0661;0,2885;0,3335;1,2700
0,2555;-0,0046;0,2572;0,3626;1,3294
0,2158;-0,0261;1,6269;1,6414;1,3866
0,3029;0,0085;1,0971;1,1381;1,4473
0,1877;-0,0254;1,0090;1,0266;1,5082
0,1130;-0,0100;0,9943;1,0008;1,5699
0,0993;-0,0315;1,1027;1,1076;1,6270
0,0937;0,0127;1,2557;1,2593;1,6870
0,0947;0,0437;0,9907;0,9961;1,7476
-0,5989;-0,1096;-0,5099;0,7942;1,8234
0,0276;-0,0105;0,8315;0,8321;1,8700
0,0737;-0,0222;0,9875;0,9905;1,9269
0,1960;-0,0439;0,8310;0,8550;1,9884
0,1757;-0,0178;0,8054;0,8246;2,0472
-0,1931;0,0300;0,6939;0,7209;2,1095
0,2548;-0,0327;1,0741;1,1044;2,1685
0,3436;0,0149;1,1271;1,1784;2,2268
0,2875;-0,0427;1,0273;1,0676;2,2872
0,2550;-0,0354;1,2481;1,2744;2,3494
0,1201;-0,0386;1,3697;1,3755;2,4132
0,4955;0,0115;1,2765;1,3693;2,4670
0,4071;0,0312;0,6407;0,7597;2,5292
0,0420;-0,0095;0,9262;0,9272;2,5895
0,2431;0,0105;0,9179;0,9496;2,6468
0,1599;-0,0452;1,0321;1,0454;2,7087
0,2241;-0,0225;0,9087;0,9361;2,7681
0,1840;-0,0432;0,8345;0,8556;2,8315
0,2306;-0,0317;1,0126;1,0390;2,8902
0,7417;-0,0657;1,9489;2,0863;2,9475
0,3842;-0,0164;1,1622;1,2242;3,0083
0,2973;-0,0554;1,0048;1,0493;3,0717
0,2023;-0,0449;1,0739;1,0937;3,1272
0,1264;-0,0862;1,1693;1,1793;3,1879
0,1086;0,0237;1,1600;1,1654;3,2492
0,1364;0,0644;1,0221;1,0332;3,3074
0,1362;0,0247;0,7190;0,7322;3,3676
0,0879;-0,0041;0,9692;0,9732;3,4299
0,2621;0,0439;0,9684;1,0043;3,4873
0,1901;-0,0076;0,9814;0,9997;3,5477
0,1542;0,0085;0,7783;0,7935;3,6101
0,2299;-0,0181;0,2853;0,3669;3,6674
-0,4059;0,0488;3,8086;3,8305;3,7278
0,0844;-0,0586;1,0341;1,0392;3,7934
0,2690;-0,0286;1,0168;1,0521;3,8493
0,1872;-0,0456;1,1127;1,1293;3,9118
0,1550;-0,0427;1,2003;1,2110;3,9675
0,0266;-0,0830;1,0302;1,0339;4,0276
0,1455;-0,0200;1,0641;1,0742;4,0875
0,2233;0,0115;0,7612;0,7934;4,1499
0,0925;-0,0293;0,9296;0,9347;4,2115
0,3207;0,0134;0,8308;0,8906;4,2671
0,2780;-0,0596;0,8808;0,9256;4,3279
0,0903;-0,0261;0,6631;0,6698;4,3890
-0,0808;0,0020;1,4673;1,4695;4,4516
-0,0295;-0,0103;0,7456;0,7463;4,5134
0,2411;-0,0478;1,0639;1,0919;4,5671
0,1762;-0,0303;0,9907;1,0067;4,6284
0,1967;-0,0749;1,1327;1,1521;4,6907
0,1662;-0,0220;1,3802;1,3903;4,7467
0,1457;-0,0559;1,1510;1,1615;4,8116
0,1333;-0,0154;0,9614;0,9707;4,8685
0,1665;-0,0134;0,7180;0,7372;4,9284
0,0901;-0,0249;0,9140;0,9188;4,9882
0,2577;0,0093;0,8118;0,8517;5,0505
0,2651;-0,0586;0,9526;0,9905;5,1111
0,1428;-0,0635;0,7034;0,7205;5,1724
0,3256;-0,0134;0,7178;0,7883;5,2275
-0,0371;0,0037;0,7190;0,7200;5,2905
0,2653;-0,0398;1,0424;1,0764;5,3497
0,1840;-0,0229;0,9960;1,0131;5,4092
0,2162;-0,0644;1,0959;1,1188;5,4684
0,1530;-0,0185;1,3004;1,3095;5,5279
0,0683;-0,0005;1,0512;1,0534;5,5878
-0,0503;-0,0068;0,6409;0,6429;5,6480
0,2250;-0,0046;0,7490;0,7821;5,7087
0,1333;-0,0325;0,9394;0,9494;5,7681
0,2209;-0,0537;0,8398;0,8700;5,8284
0,2136;-0,0056;0,9960;1,0187;5,8878
0,2023;-0,0422;0,7503;0,7782;5,9494
0,1665;0,0200;0,4462;0,4766;6,0092
0,0669;0,0076;0,7451;0,7482;6,0710
0,2755;-0,0351;1,0507;1,0868;6,1323
0,2270;-0,0098;1,0412;1,0657;6,1898
0,1816;-0,0176;1,1249;1,1396;6,2482
0,1425;-0,0220;1,2442;1,2526;6,3111
0,2348;-0,0039;1,1688;1,1922;6,3677
0,2651;0,0081;1,0702;1,1026;6,4280
0,2133;-0,0173;0,6892;0,7217;6,4890
0,1460;-0,0503;0,9409;0,9534;6,5480
0,2355;-0,0681;0,8554;0,8899;6,6109
0,1403;-0,0051;0,7991;0,8113;6,6685
0,1472;0,0022;0,7376;0,7521;6,7277
0,0366;-0,0344;0,6883;0,6901;6,7884
0,2031;0,0254;1,0558;1,0755;6,8489
0,3532;-0,0288;1,0397;1,0984;6,9083
0,2848;-0,0044;1,0668;1,1042;6,9689
0,2770;-0,0376;1,2274;1,2588;7,0302
0,1176;-0,0134;1,4073;1,4122;7,0877
-0,1284;-0,1157;1,1637;1,1765;7,1479
0,3795;0,0176;1,0907;1,1550;7,2117
0,0988;-0,0054;0,8215;0,8275;7,2752
0,2082;-0,0190;0,9855;1,0075;7,3275
0,2031;-0,0486;0,9887;1,0105;7,3898
0,0020;-0,0073;1,2455;1,2455;7,4481
0,1059;-0,0442;0,7454;0,7542;7,5079
0,4020;-0,0012;0,6900;0,7985;7,5677
0,0617;0,0005;0,6951;0,6978;7,6327
0,3851;-0,0439;1,1007;1,1670;7,6876
0,2065;-0,0281;0,9850;1,0068;7,7475
0,2035;-0,0376;1,1871;1,2050;7,8118
0,3192;-0,0430;1,4175;1,4537;7,8680
0,3541;-0,0156;1,1757;1,2279;7,9299
0,3815;0,0715;0,6809;0,7838;7,9877
0,1093;-0,0071;0,8984;0,9051;8,0477
0,2687;0,0332;0,9174;0,9566;8,1096
0,2145;-0,0066;0,9462;0,9703;8,1673
0,1513;0,0112;0,6824;0,6991;8,2269
0,1010;-0,0078;0,8755;0,8813;8,2873
0,4073;-0,0771;2,3037;2,3407;8,3602
0,4169;-0,0410;1,3275;1,3920;8,4094
0,2611;-0,0586;1,0251;1,0594;8,4674
0,1818;-0,0740;1,1002;1,1176;8,5275
0,0603;-0,0129;1,1539;1,1556;8,5887
0,2048;-0,0676;1,2086;1,2277;8,6478
0,2602;0,0151;0,9911;1,0248;8,7104
0,2387;0,0183;0,6868;0,7273;8,7674
0,1235;-0,0063;0,9145;0,9228;8,8278
0,2358;0,0007;0,9650;0,9934;8,8884
0,1953;-0,0210;0,9724;0,9920;8,9527
0,1762;-0,0010;0,9189;0,9356;9,0150
0,1347;0,0115;0,9545;0,9641;9,0670
-0,2990;0,0700;3,1311;3,1461;9,1294
0,2824;-0,0156;1,1100;1,1455;9,1869
0,1852;-0,0254;0,9958;1,0132;9,2476
0,1438;-0,0515;1,0270;1,0383;9,3071
-0,0007;-0,0608;1,0265;1,0283;9,3670
0,2358;0,0215;1,1693;1,1930;9,4283
0,2448;-0,0022;1,0749;1,1024;9,4874
0,2482;0,0027;0,7114;0,7535;9,5484
0,1198;-0,0149;0,9270;0,9348;9,6108
0,2536;-0,0081;0,9841;1,0162;9,6686
0,1953;0,0002;0,9267;0,9471;9,7291
0,1826;0,0117;0,7197;0,7426;9,7894
0,0708;-0,0046;1,1454;1,1476;9,8503
-0,0803;0,0081;1,1222;1,1251;9,9084
0,0986;0,0085;1,0099;1,0148;9,9680
0,1730;-0,0234;1,0485;1,0629;10,0310
0,2314;-0,0007;1,0834;1,1078;10,0899
0,1913;-0,0642;1,2001;1,2169;10,1489
0,2360;0,0022;1,4556;1,4746;10,2110
0,0964;-0,0576;0,9531;0,9597;10,2702
0,3605;0,0059;0,6304;0,7262;10,3296
0,0844;-0,0054;0,8882;0,8922;10,3942
0,1809;0,0322;0,8996;0,9182;10,4497
-0,4076;-0,0805;2,0082;2,0507;10,5099
0,1123;-0,0127;0,9706;0,9772;10,5709
0,1804;-0,0481;0,6351;0,6619;10,6300
0,2558;-0,0381;0,2365;0,3504;10,6909
0,1491;0,0085;0,9689;0,9804;10,7541
0,2777;-0,0686;1,0763;1,1137;10,8116
0,1967;-0,0137;1,0692;1,0873;10,8693
0,1303;-0,0051;1,1871;1,1943;10,9298
0,0176;-0,0930;1,1344;1,1384;10,9893
0,1613;-0,0015;1,0536;1,0659;11,0531
0,2153;0,0349;0,8647;0,8918;11,1093
0,0822;-0,0229;0,9182;0,9221;11,1695
0,1772;-0,0364;1,0260;1,0419;11,2322
0,0039;-0,0447;1,3228;1,3236;11,2976
0,1750;0,0010;0,8872;0,9043;11,3566
0,1357;0,0286;0,9731;0,9829;11,4100
0,2175;-0,0549;2,8065;2,8154;11,4736
0,2245;-0,0105;1,1290;1,1512;11,5293
0,2021;-0,0295;1,0251;1,0452;11,5899
0,1874;-0,0220;1,0710;1,0875;11,6499
0,1369;-0,0383;1,0846;1,0939;11,7087
0,0676;0,0222;1,2049;1,2070;11,7695
0,2314;-0,0322;1,0419;1,0678;11,8353
0,2460;0,0732;0,6822;0,7289;11,8887
0,1223;-0,0124;0,9235;0,9317;11,9495
0,3087;0,0220;0,7781;0,8374;12,0140
0,2624;-0,0422;0,8237;0,8655;12,0693
0,1496;-0,0425;0,7649;0,7805;12,1297
0,3205;-0,0100;0,9975;1,0478;12,1896
0,0090;-0,0254;0,8945;0,8949;12,2555
0,3283;-0,0452;1,1154;1,1636;12,3100
0,1882;-0,0293;0,9836;1,0018;12,3720
0,1445;-0,0395;1,0329;1,0437;12,4298
-0,2097;0,0610;0,9977;1,0213;12,4896
0,3663;0,0149;1,1322;1,1901;12,5500
0,1652;-0,0964;0,9572;0,9762;12,6099
0,3063;-0,0134;0,5718;0,6488;12,6742
0,1521;-0,0264;0,8872;0,9005;12,7306
0,2560;-0,0329;0,9545;0,9888;12,7903
0,2943;-0,0725;1,2462;1,2825;12,8495
0,2529;-0,0242;0,8293;0,8674;12,9100
0,1389;0,0085;0,7957;0,8077;12,9723
0,5574;-0,0515;1,8468;1,9298;13,0352
0,3654;-0,0742;1,1927;1,2497;13,0901
0,1801;-0,0359;0,9948;1,0116;13,1518
0,1621;-0,0317;1,0932;1,1056;13,2086
0,1098;-0,0530;1,2870;1,2927;13,2697
0,1120;-0,0041;1,2408;1,2459;13,3294
0,3241;-0,0093;1,1369;1,1822;13,3893
0,1369;0,0002;0,7813;0,7932;13,4495
0,1391;-0,0139;0,9423;0,9526;13,5107
0,2206;-0,0083;0,8418;0,8703;13,5715
0,2446;-0,0373;0,8457;0,8811;13,6331
0,1892;-0,0493;0,8022;0,8257;13,6894
0,2153;-0,0266;0,7908;0,8200;13,7505
0,3883;-0,1125;2,5031;2,5356;13,8123
0,2548;-0,0144;1,0329;1,0639;13,8694
0,2150;-0,0337;1,0207;1,0436;13,9294
0,1025;-0,0371;1,1107;1,1161;13,9926
0,1711;-0,0305;1,3853;1,3962;14,0525
0,0813;-0,0117;1,0060;1,0094;14,1095
0,1503;0,1098;1,1020;1,1176;14,1724
0,0793;0,0083;0,7805;0,7846;14,2290
0,0962;0,0015;0,9477;0,9526;14,2961
0,2179;-0,0122;0,7764;0,8065;14,3491
0,1933;-0,0261;0,7207;0,7467;14,4107
0,1669;-0,0420;0,9050;0,9212;14,4689
0,0571;0,0220;0,7751;0,7776;14,5286
0,0483;-0,0207;0,9182;0,9197;14,5926
0,3915;-0,0386;1,2045;1,2671;14,6488
0,2004;-0,0268;0,9980;1,0183;14,7089
0,2621;-0,0598;1,2147;1,2441;14,7689
0,1601;-0,0229;1,3834;1,3928;14,8290
0,1533;-0,0288;1,1022;1,1132;14,8886
0,4259;0,0561;1,0370;1,1225;14,9507
0,1286;0,0041;0,7905;0,8009;15,0114
0,1489;-0,0195;0,9157;0,9280;15,0695
-0,2697;0,0015;1,4046;1,4303;15,1289
0,1560;-0,0459;0,8862;0,9010;15,1898
0,3585;-0,0525;0,7515;0,8343;15,2522
-0,1696;0,0037;0,6163;0,6392;15,3095
0,4015;-0,0688;1,0888;1,1625;15,3690
0,2294;-0,0286;0,9948;1,0213;15,4285
0,1806;-0,0317;1,0531;1,0690;15,4883
0,1228;-0,0371;1,0858;1,0934;15,5485
0,1723;-0,0012;1,3873;1,3979;15,6126
0,1067;-0,0369;1,0292;1,0354;15,6691
0,0137;0,0176;0,7180;0,7184;15,7288
0,1154;-0,0024;0,7551;0,7639;15,7895
0,1247;-0,0105;0,9026;0,9112;15,8490
0,1921;-0,0417;0,7244;0,7506;15,9092
0,1276;-0,0066;0,8061;0,8162;15,9702
-0,2104;-0,0757;1,0478;1,0714;16,0285
0,1240;-0,0637;1,0639;1,0730;16,0887
0,2939;-0,0115;1,1696;1,2060;16,1489
0,2651;-0,0459;1,0324;1,0669;16,2094
0,1606;-0,0337;1,0021;1,0155;16,2777
0,0886;-0,0393;1,0358;1,0403;16,3311
0,1535;-0,0227;1,1569;1,1672;16,3900
0,3356;0,0205;1,3387;1,3803;16,4511
0,1457;0,0405;1,0141;1,0253;16,5107
0,1921;0,0376;0,6953;0,7224;16,5695
0,1323;0,0076;0,9489;0,9581;16,6293
0,2128;0,0188;0,9982;1,0208;16,6922
0,2223;-0,0151;1,0029;1,0273;16,7497
0,1420;-0,0205;0,7317;0,7456;16,8121
0,1523;0,0561;0,9877;1,0010;16,8698
0,2594;0,0925;1,5452;1,5695;16,9316
0,2536;-0,0347;1,1840;1,2113;16,9908
0,1972;-0,0366;0,9860;1,0062;17,0493
0,2853;-0,0203;1,1215;1,1574;17,1094
-0,1513;0,0730;0,9296;0,9447;17,1720
0,4530;-0,0068;1,3035;1,3800;17,2311
0,2109;-0,0954;0,9045;0,9336;17,2900
0,2026;0,0305;0,6709;0,7015;17,3494
0,0959;0,0139;0,9575;0,9624;17,4101
0,3380;0,0898;0,8052;0,8779;17,4695
0,2343;-0,0193;0,8603;0,8919;17,5296
0,1682;-0,0290;0,7659;0,7847;17,5927
0,1823;0,0430;1,2416;1,2556;17,6517
0,2133;-0,0657;1,4258;1,4432;17,7112
0,3407;-0,0600;1,1164;1,1687;17,7688
0,2006;-0,0271;0,9990;1,0193;17,8369
0,2284;-0,0334;1,0937;1,1178;17,8905
0,1059;-0,0637;1,2269;1,2331;17,9530
0,0586;-0,0427;1,1752;1,1774;18,0088
0,1606;-0,0505;0,9035;0,9191;18,0691
0,2136;0,0281;0,7156;0,7473;18,1344
0,0866;-0,0095;0,9514;0,9553;18,1898
0,2143;-0,0164;0,8576;0,8842;18,2495
0,2782;-0,0288;0,8620;0,9063;18,3132
0,0818;-0,0310;0,6402;0,6461;18,3695
0,2978;-0,0388;0,4491;0,5402;18,4304
-0,0178;-0,0051;0,6888;0,6890;18,4895
0,3649;-0,0576;1,0058;1,0715;18,5518
0,1809;-0,0393;0,9914;1,0085;18,6112
0,1281;-0,0532;0,9736;0,9834;18,6703
0,1325;-0,0342;1,2591;1,2665;18,7294
-0,1821;-0,1450;0,9497;0,9778;18,7918
0,1943;-0,0237;1,1700;1,1863;18,8541
0,1730;-0,0112;0,7432;0,7631;18,9098
0,0842;-0,0139;0,9035;0,9075;18,9728
0,4069;0,0366;0,7049;0,8147;19,0318
0,2814;-0,0452;0,9316;0,9742;19,0891
0,1394;-0,0437;0,7468;0,7610;19,1502
-0,1206;0,0354;1,6404;1,6452;19,2095
-0,1071;-0,0290;0,6377;0,6473;19,2714
0,2843;-0,0403;1,0409;1,0798;19,3286
0,2319;-0,0361;1,0034;1,0304;19,3893
0,3434;-0,0513;1,2052;1,2542;19,4522
0,1162;-0,0315;1,2015;1,2075;19,5121
-0,2253;-0,1184;1,0612;1,0913;19,5692
0,0998;-0,0117;1,0324;1,0373;19,6327
0,1840;0,0166;0,6316;0,6581;19,6964
0,0598;0,0027;0,9577;0,9596;19,7486
0,1691;0,0578;0,7451;0,7663;19,8088
-0,0766;0,0908;0,9990;1,0060;19,8687
0,0884;-0,0430;0,9221;0,9273;19,9289
-0,1023;0,0234;1,5442;1,5478;19,9920
-0,0740;-0,0261;0,9130;0,9164;20,0540
0,2648;-0,0676;1,0321;1,0677;20,1116
0,2050;-0,0417;1,0468;1,0675;20,1685
0,1591;-0,0669;1,1930;1,2054;20,2289
0,0237;-0,0447;0,9528;0,9542;20,2920
0,2926;-0,0107;1,1886;1,2241;20,3490
0,1359;0,0220;0,8384;0,8496;20,4151
0,0737;0,0105;0,8784;0,8815;20,4684
0,1213;-0,0083;1,0160;1,0233;20,5294
0,1745;-0,0195;0,9899;1,0054;20,5884
-0,0949;-0,0400;1,3326;1,3366;20,6486
0,1560;0,0029;0,7310;0,7474;20,7109
0,1069;-0,0127;0,8118;0,8189;20,7681
0,2853;-0,1516;1,6304;1,6621;20,8344
0,2199;-0,0808;1,0112;1,0379;20,8912
0,1635;-0,0408;0,9902;1,0044;20,9502
0,1728;-0,0774;1,1268;1,1426;21,0084
0,1423;-0,0456;1,3206;1,3291;21,0683
0,1064;-0,0605;1,0763;1,0833;21,1283
0,1789;-0,0478;0,6143;0,6416;21,1946
0,0808;-0,0171;0,6966;0,7014;21,2482
0,1074;-0,0185;0,9638;0,9700;21,3088
0,1521;-0,0454;0,9499;0,9631;21,3720
0,1979;-0,0037;0,9404;0,9610;21,4302
0,1452;-0,0085;0,7820;0,7954;21,4884
0,1242;0,0229;0,5657;0,5797;21,5518
0,1420;-0,0625;1,4834;1,4915;21,6085
0,2428;-0,0447;1,0329;1,0620;21,6690
0,2226;-0,0347;0,9987;1,0238;21,7284
0,1630;-0,0786;1,1139;1,1285;21,7888
0,0837;-0,0537;1,2994;1,3032;21,8648
0,0464;-0,0605;0,9846;0,9875;21,9081
0,3229;0,0430;1,1251;1,1713;21,9678
0,1257;0,0161;0,7200;0,7311;22,0280
0,1162;0,0017;0,8640;0,8718;22,0888
0,0927;-0,0466;0,9553;0,9609;22,1488
0,1157;-0,0154;0,7010;0,7106;22,2077
0,1220;-0,0774;0,8079;0,8207;22,2688
-0,0469;-0,0127;1,2953;1,2962;22,3282
0,3419;-0,0320;1,0619;1,1161;22,3890
0,2538;-0,0351;1,0439;1,0749;22,4483
0,1411;-0,0290;1,0705;1,0801;22,5110
0,0674;-0,0481;1,1251;1,1282;22,5691
0,4476;-0,0366;1,2896;1,3656;22,6292
0,2541;-0,0308;1,0095;1,0414;22,6934
0,2314;-0,0005;0,8049;0,8375;22,7550
0,0971;-0,0129;0,8484;0,8540;22,8085
0,1435;-0,0225;1,0034;1,0138;22,8714
0,1840;-0,0176;0,9133;0,9318;22,9292
0,1616;0,0124;0,7390;0,7566;22,9891
0,1062;-0,0278;0,8535;0,8605;23,0489
0,5130;-0,1516;2,0123;2,0822;23,1097
0,3724;-0,0388;1,1884;1,2460;23,1691
0,2040;-0,0310;0,9631;0,9849;23,2300
-0,3073;0,0359;0,7937;0,8519;23,2891
0,1596;-0,0637;1,3919;1,4025;23,3523
0,1069;-0,1286;1,0446;1,0579;23,4088
-0,3615;0,0471;0,5206;0,6355;23,4700
0,1001;-0,0024;0,7615;0,7680;23,5287
0,1267;0,0000;0,9882;0,9963;23,5890
0,0925;0,0029;0,9938;0,9981;23,6490
0,1547;-0,0210;0,7039;0,7210;23,7122
0,1159;-0,0449;0,6495;0,6612;23,7688
-0,0710;0,0932;1,0324;1,0390;23,8408
0,2570;-0,0261;1,3655;1,3898;23,8891
0,2255;-0,0349;1,0141;1,0394;23,9497
0,1525;-0,0264;1,0983;1,1091;24,0109
0,0671;-0,0464;1,1876;1,1904;24,0709
0,0627;0,0012;1,1312;1,1330;24,1288
0,1999;0,0007;1,1683;1,1853;24,1888
0,1398;0,0085;0,7053;0,7191;24,2516
0,0698;0,0100;0,9733;0,9759;24,3154
0,2385;0,0090;0,9099;0,9406;24,3696
0,2482;0,0110;0,9731;1,0043;24,4311
0,1384;0,0339;0,7193;0,7332;24,4883
0,3190;0,0742;0,4598;0,5645;24,5487
-0,0520;-0,0159;0,9577;0,9593;24,6079
0,2956;-0,0535;1,0568;1,0987;24,6681
0,1408;-0,0278;1,0361;1,0460;24,7288
0,1494;-0,0652;1,2840;1,2943;24,7886
0,0120;-0,0513;0,9892;0,9906;24,8487
0,0669;0,0110;0,9684;0,9708;24,9100
0,3419;0,0400;0,8899;0,9541;24,9754
0,0854;0,0247;0,8572;0,8618;25,0305
0,0962;0,0105;0,9782;0,9830;25,0898
0,1913;0,0227;0,9062;0,9265;25,1498
0,1979;0,0337;0,9069;0,9289;25,2086
0,1591;-0,0205;0,5933;0,6146;25,2686
0,1374;-0,0351;0,3117;0,3424;25,3289
0,0808;0,0085;1,1005;1,1035;25,3883
0,2355;-0,0603;1,0658;1,0932;25,4475
0,2577;-0,0249;1,0866;1,1170;25,5097
0,0488;-0,0364;1,1583;1,1599;25,5684
0,0464;-0,0020;1,3306;1,3315;25,6284
0,1164;0,0154;1,1366;1,1427;25,6928
0,1477;0,1726;0,4664;0,5188;25,7522
0,1284;0,0334;0,8240;0,8346;25,8091
0,0830;-0,0039;0,9926;0,9961;25,8691
0,1884;0,0007;0,9138;0,9330;25,9318
-0,0771;0,0591;1,1295;1,1337;25,9884
0,1477;0,0417;0,7129;0,7292;26,0479
0,2089;0,0088;0,6233;0,6575;26,1082
0,3119;-0,1625;1,8420;1,8752;26,1729
0,2382;-0,0300;0,9777;1,0068;26,2313
0,2663;-0,0261;1,0287;1,0630;26,2892
0,0388;-0,0403;1,0812;1,0827;26,3505
0,0818;-0,0383;1,2735;1,2767;26,4083
0,0007;-0,0088;1,1412;1,1413;26,4726
0,0730;0,0063;0,9828;0,9856;26,5280
0,1477;-0,0054;0,7449;0,7594;26,5876
0,0649;-0,0151;0,9316;0,9340;26,6482
0,1333;-0,0251;1,0141;1,0231;26,7081
0,1950;-0,0327;0,9431;0,9636;26,7696
0,0386;-0,0161;0,9423;0,9433;26,8352
0,1682;0,0032;1,0290;1,0426;26,8880
-0,0698;-0,0598;1,6518;1,6544;26,9485
-0,0937;-0,0329;0,7644;0,7708;27,0110
0,2143;-0,0547;1,0329;1,0563;27,0681
0,1391;-0,0425;0,9911;1,0018;27,1283
0,0417;-0,0508;1,0146;1,0167;27,1916
0,1172;-0,0764;1,2254;1,2334;27,2607
0,0447;-0,0171;1,2184;1,2193;27,3082
0,3012;-0,0635;1,1112;1,1531;27,3680
0,4195;0,0171;0,5601;0,7000;27,4314
0,1164;-0,0073;0,8054;0,8138;27,4874
0,3058;-0,0112;0,8545;0,9076;27,5480
0,1586;-0,0320;1,0280;1,0407;27,6102
0,1618;-0,0315;0,7656;0,7832;27,6680
0,1433;-0,0432;0,9540;0,9657;27,7283
0,0898;0,0564;0,8142;0,8211;27,7878
-0,1228;-0,0386;0,8996;0,9088;27,8498
0,2807;-0,0718;1,0915;1,1293;27,9093
0,0976;-0,0251;1,0099;1,0150;27,9709
0,1521;-0,0976;1,1632;1,1772;28,0342
0,1035;-0,0288;1,0534;1,0588;28,0879
0,1564;-0,0386;1,0468;1,0591;28,1486
0,2143;0,0073;0,9555;0,9793;28,2075
0,2599;-0,0110;0,7996;0,8408;28,2675
0,1323;-0,0161;0,9187;0,9283;28,3282
0,2045;-0,0430;0,7590;0,7873;28,3883
0,2158;-0,0627;0,7737;0,8057;28,4477
0,1567;0,0085;0,9453;0,9582;28,5094
-0,0171;0,0012;0,9270;0,9271;28,5706
0,1940;-0,0403;1,2316;1,2474;28,6280
0,2460;-0,0544;1,0339;1,0641;28,6888
0,1411;-0,0466;1,0026;1,0136;28,7487
0,2919;-0,0700;1,2252;1,2614;28,8092
-0,0759;-0,0461;0,9758;0,9798;28,8698
0,1679;0,0164;1,2086;1,2203;28,9301
0,1235;-0,0498;0,9323;0,9418;28,9884
0,3312;-0,0171;0,6600;0,7386;29,0486
0,0783;-0,0083;0,8845;0,8880;29,1130
0,1391;-0,0098;0,9933;1,0031;29,1685
0,1799;0,0015;0,9663;0,9829;29,2282
0,2082;-0,0024;0,8803;0,9046;29,2882
0,0703;-0,0498;0,9362;0,9402;29,3487
0,3256;0,0207;0,3710;0,4940;29,4107
0,2302;0,0215;0,5379;0,5855;29,4717
0,0759;-0,0793;1,0815;1,0870;29,5285
0,2057;-0,0974;1,0336;1,0584;29,5892
0,3214;-0,0508;1,1430;1,1884;29,6482
0,0988;-0,0718;1,1015;1,1082;29,7114
0,0493;-0,0644;1,2352;1,2379;29,7676
0,1242;-0,0281;1,0880;1,0955;29,8294
0,2128;0,0059;1,0544;1,0756;29,8941
0,1416;-0,0225;0,8079;0,8205;29,9489
0,1186;-0,0171;0,9511;0,9586;30,0083
0,1782;-0,0215;1,0204;1,0361;30,0719
0,2057;-0,0239;0,9619;0,9839;30,1324
-0,0954;0,0332;1,1608;1,1652;30,1905
0,1821;-0,0100;0,9245;0,9423;30,2483
0,1845;0,0249;0,8818;0,9012;30,3085
0,1684;0,0110;1,1061;1,1189;30,3745
0,2380;-0,0388;1,2772;1,2997;30,4277
0,1711;-0,0566;1,0282;1,0439;30,4889
0,1469;-0,0422;0,9894;1,0012;30,5517
0,1647;-0,0727;1,1185;1,1330;30,6111
0,0874;-0,0286;1,1364;1,1401;30,6686
0,0954;-0,0735;1,0143;1,0215;30,7307
0,1467;-0,0200;1,0924;1,1024;30,7894
0,3312;0,0115;0,7781;0,8457;30,8488
0,1047;-0,0061;0,8452;0,8517;30,9078
0,1311;-0,0249;0,9907;0,9996;30,9695
0,2238;-0,0066;0,9316;0,9581;31,0278
0,1447;-0,0198;0,9150;0,9266;31,0880
0,1716;-0,0056;0,8364;0,8538;31,1516
0,1389;-0,0168;0,8298;0,8415;31,2075
0,2065;-0,1054;2,1268;2,1394;31,2682
0,2555;-0,0578;1,0902;1,1213;31,3327
0,2448;-0,0510;1,0263;1,0563;31,3896
0,1845;-0,0513;1,0165;1,0344;31,4484
0,1528;-0,0910;1,0441;1,0591;31,5127
0,1140;-0,0798;1,2274;1,2353;31,5684
0,1367;-0,0076;1,1905;1,1984;31,6284
0,1972;0,0266;1,1598;1,1767;31,6884
-0,6575;0,0910;0,2140;0,6974;31,7517
0,0688;-0,0095;0,8274;0,8303;31,8079
0,0844;-0,0061;0,9418;0,9456;31,8745
0,1931;-0,0054;0,9135;0,9337;31,9290
0,1294;-0,0200;0,9992;1,0077;31,9897
0,1579;-0,0061;0,8596;0,8740;32,0475
0,0593;-0,0774;1,0585;1,0630;32,1074
0,2265;-0,0705;0,5438;0,5933;32,1708
0,0085;-0,0571;0,8996;0,9015;32,2340
0,3246;-0,0683;1,0453;1,0967;32,2879
0,1843;-0,0500;0,9907;1,0089;32,3480
0,1059;-0,0752;1,0016;1,0100;32,4087
0,1511;-0,0625;1,0436;1,0563;32,4695
0,1728;-0,0510;1,1779;1,1916;32,5319
0,1445;-0,0215;1,1515;1,1607;32,5879
0,2070;-0,0691;1,1408;1,1614;32,6476
0,2365;0,0473;0,7337;0,7723;32,7075
0,0849;-0,0112;0,8498;0,8541;32,7678
0,1335;-0,0171;1,0063;1,0152;32,8334
0,1950;-0,0188;0,9841;1,0034;32,8883
0,2045;-0,0242;0,9411;0,9634;32,9495
-0,0854;0,0310;1,1176;1,1213;33,0095
0,1791;-0,0098;0,9885;1,0046;33,0692
0,2075;-0,0146;0,8635;0,8882;33,1349
0,2241;-0,0161;0,9084;0,9358;33,1886
0,1284;-0,0510;1,1078;1,1164;33,2493
0,2114;-0,0786;1,0568;1,0806;33,3081
0,1938;-0,0454;0,9931;1,0128;33,3682
0,1345;-0,0591;1,0387;1,0491;33,4322
0,0678;-0,0688;1,0397;1,0442;33,4892
0,2406;-0,0283;1,0712;1,0983;33,5496
0,1586;-0,0337;1,1517;1,1631;33,6085
0,1008;-0,0132;0,9121;0,9177;33,6685
0,1445;-0,0122;0,8159;0,8287;33,7334
0,1164;-0,0217;0,9497;0,9570;33,7885
0,2799;0,0037;0,8347;0,8804;33,8488
0,1728;-0,0188;0,9797;0,9950;33,9141
0,2136;-0,0061;0,7556;0,7852;33,9696
0,1672;-0,0261;0,9008;0,9166;34,0282
-0,1157;-0,0779;1,5364;1,5427;34,0885
0,3083;-0,1340;1,4815;1,5191;34,1497
0,2516;-0,0652;1,0622;1,0935;34,2079
0,1862;-0,0525;0,9799;0,9988;34,2684
0,1193;-0,0713;1,0317;1,0410;34,3292
0,1237;-0,0781;1,0495;1,0596;34,3920
0,1450;-0,0525;1,1825;1,1925;34,4504
0,1367;-0,0093;1,1207;1,1291;34,5086
0,1630;-0,0447;1,0954;1,1083;34,5692
0,3390;0,0574;0,7041;0,7836;34,6320
0,1069;-0,0205;0,8279;0,8350;34,6890
0,1767;-0,0207;1,0046;1,0202;34,7491
0,1874;-0,0381;1,0075;1,0255;34,8093
0,2104;-0,0137;0,9079;0,9321;34,8776
0,1765;-0,0242;0,6602;0,6838;34,9286
0,2421;0,0017;0,3549;0,4296;34,9893
0,1330;-0,0005;0,9421;0,9514;35,0492
0,0500;-0,0461;1,1247;1,1267;35,1088
0,2956;-0,0869;1,0431;1,0877;35,1699
0,1606;-0,0305;0,9858;0,9992;35,2294
0,1621;-0,0813;1,1466;1,1609;35,2891
0,1574;-0,0842;1,2540;1,2666;35,3516
0,0940;-0,0452;1,0712;1,0763;35,4088
0,1381;-0,0339;1,0436;1,0533;35,4706
0,2909;0,0339;0,6336;0,6980;35,5373
0,1269;-0,0117;0,8703;0,8796;35,5889
0,1816;-0,0161;1,0075;1,0239;35,6493
0,1872;0,0020;0,9919;1,0094;35,7129
0,2111;-0,0142;0,9660;0,9889;35,7721
0,1740;0,0085;0,7461;0,7662;35,8329
0,1787;-0,0063;0,8591;0,8775;35,8892
0,1401;-0,0056;0,7898;0,8021;35,9493
0,2311;-0,1679;2,1500;2,1689;36,0088
0,2956;-0,0832;1,0546;1,0984;36,0686
0,2241;-0,0539;0,9955;1,0219;36,1321
0,1652;-0,0637;0,9865;1,0023;36,1887
0,1120;-0,0915;1,0446;1,0546;36,2486
0,1135;-0,0535;1,2154;1,2219;36,3113
0,1582;-0,0473;1,2342;1,2452;36,3705
0,3270;0,0298;1,2428;1,2854;36,4285
-0,1098;0,0430;0,6553;0,6658;36,4890
0,0920;-0,0144;0,8389;0,8440;36,5490
0,1269;-0,0161;0,9746;0,9829;36,6093
0,1791;-0,0195;1,0165;1,0324;36,6693
0,1887;-0,0178;0,9850;1,0031;36,7295
0,2277;0,0207;0,8352;0,8659;36,7884
0,1821;-0,0361;0,8047;0,8258;36,8523
0,2201;-0,0051;0,8457;0,8739;36,9090
0,1774;-0,0112;0,9462;0,9628;36,9687
0,1281;-0,0332;1,1754;1,1828;37,0291
0,0969;-0,0544;1,0639;1,0697;37,0906
0,1860;-0,0793;1,0480;1,0673;37,1499
0,1291;-0,0444;0,9399;0,9498;37,2112
0,1093;-0,0537;1,0075;1,0148;37,2683
0,1442;-0,0417;1,0319;1,0428;37,3293
0,1318;-0,0483;1,0939;1,1029;37,3889
0,1284;-0,0034;1,2738;1,2802;37,4513
0,1411;-0,0244;0,9648;0,9754;37,5085
0,2323;-0,0100;1,0641;1,0892;37,5691
0,2177;-0,0154;0,7930;0,8225;37,6280
0,1206;-0,0498;0,9665;0,9753;37,6893
0,1572;-0,0495;1,0082;1,0216;37,7485
0,1909;-0,0464;0,9899;1,0092;37,8090
0,2106;-0,0361;0,9816;1,0046;37,8691
0,2111;-0,0068;0,8940;0,9186;37,9309
0,1867;0,0085;0,6968;0,7214;37,9883
0,1940;-0,0071;0,8872;0,9082;38,0491
0,1723;0,0251;0,7527;0,7726;38,1121
0,0632;-0,0493;1,0624;1,0654;38,1720
0,0896;-0,0891;1,1871;1,1938;38,2284
0,2431;-0,0498;1,0473;1,0763;38,2912
0,1591;-0,0395;0,9855;0,9991;38,3484
0,1132;-0,0425;1,0026;1,0099;38,4078
0,0718;-0,0229;1,0085;1,0113;38,4686
0,1337;-0,0137;1,2340;1,2413;38,5287
0,0918;0,0127;1,0529;1,0570;38,5894
0,1830;0,0329;1,1017;1,1173;38,6510
0,2602;0,0171;0,7427;0,7871;38,7093
0,0881;-0,0034;0,9423;0,9465;38,7684
0,1174;-0,0093;1,0134;1,0202;38,8290
0,1616;-0,0095;0,9911;1,0043;38,8882
0,1726;-0,0022;0,9807;0,9957;38,9478
0,1940;-0,0061;0,8335;0,8558;39,0094
0,1987;-0,0110;0,6094;0,6411;39,0724
0,1596;0,0093;0,9846;0,9975;39,1279
0,0854;-0,0103;0,7495;0,7544;39,1891
0,3873;-0,1262;2,1949;2,2324;39,2481
0,2875;-0,0283;1,0998;1,1371;39,3088
0,2040;-0,0237;0,9860;1,0072;39,3683
0,1460;-0,0308;0,9938;1,0050;39,4282
0,1447;-0,0288;0,9919;1,0028;39,4886
0,1313;-0,0281;1,0505;1,0590;39,5480
0,0552;-0,0303;1,0375;1,0394;39,6093
0,0803;-0,0122;0,9565;0,9599;39,6686
0,0412;0,0539;0,9648;0,9672;39,7281
0,1901;0,0046;1,0609;1,0779;39,7882
0,3566;0,0117;1,0915;1,1483;39,8533
0,1501;0,0034;0,8596;0,8726;39,9083
0,1223;0,0041;0,9694;0,9771;39,9684
0,1738;0,0010;1,0034;1,0183;40,0280
0,1779;-0,0041;0,9462;0,9628;40,0883
0,1779;0,0000;0,9050;0,9223;40,1484
0,1452;-0,0193;0,8969;0,9088;40,2108
0,1552;0,0295;0,8281;0,8431;40,2697
0,0796;-0,0115;1,2791;1,2817;40,3277
0,0090;-0,0312;0,9191;0,9197;40,3879
0,2206;-0,0381;1,0461;1,0698;40,4477
0,1506;-0,0364;0,9907;1,0027;40,5118
0,1389;-0,0339;1,0104;1,0205;40,5707
0,1164;-0,0225;1,0217;1,0285;40,6285
0,0630;-0,0530;1,0414;1,0447;40,6878
0,0329;0,0237;1,0343;1,0351;40,7496
0,0947;-0,0076;0,9968;1,0013;40,8097
0,1518;0,0195;1,0475;1,0586;40,8693
0,2773;-0,0085;0,6797;0,7341;40,9274
0,1015;-0,0093;0,9099;0,9156;40,9874
0,1274;-0,0137;1,0190;1,0270;41,0475
0,2131;-0,0127;0,9191;0,9436;41,1081
0,1848;-0,0034;0,9314;0,9495;41,1678
0,1782;0,0032;0,8503;0,8688;41,2273
0,1762;0,0085;0,8489;0,8670;41,2878
0,1142;0,0103;0,8947;0,9021;41,3477
0,1328;-0,0259;1,2008;1,2084;41,4077
0,2321;-0,0303;1,1046;1,1292;41,4715
0,1579;-0,0229;0,9850;0,9979;41,5285
0,0923;-0,0303;1,0107;1,0153;41,5902
0,0652;-0,0144;1,0304;1,0326;41,6479
0,1093;-0,0054;1,2242;1,2291;41,7103
0,1789;-0,0034;0,8947;0,9125;41,7677
0,0818;0,0124;1,0885;1,0917;41,8288
0,2016;0,0293;0,9301;0,9522;41,8875
0,1538;-0,0112;0,7864;0,8013;41,9502
0,0993;-0,0217;0,9904;0,9956;42,0074
0,1535;-0,0215;1,0104;1,0222;42,0678
0,2233;0,0078;0,9265;0,9530;42,1302
0,2128;-0,0115;0,8354;0,8622;42,1896
0,2018;-0,0012;0,4857;0,5260;42,2476
0,1394;-0,0376;0,8545;0,8666;42,3087
0,0913;0,0298;0,8413;0,8468;42,3679
0,3100;-0,1857;1,9925;2,0250;42,4273
0,2485;-0,0449;1,0605;1,0901;42,4871
0,2192;-0,0430;1,0116;1,0360;42,5484
0,1291;-0,0356;0,9938;1,0028;42,6083
0,1713;-0,0173;1,0258;1,0402;42,6683
0,1484;-0,0181;1,1386;1,1483;42,7275
0,1035;-0,0378;1,1969;1,2020;42,7902
0,1252;-0,0110;1,0341;1,0417;42,8521
-0,1901;0,0051;0,4991;0,5341;42,9067
0,1750;0,0161;0,7371;0,7577;42,9697
0,1003;-0,0203;0,9877;0,9930;43,0288
0,1816;-0,0190;0,9819;0,9987;43,0884
0,1689;-0,0183;0,9614;0,9763;43,1474
0,1765;-0,0359;0,9079;0,9256;43,2071
0,2016;-0,0010;0,8432;0,8670;43,2707
0,1323;-0,0329;0,8767;0,8872;43,3388
0,1460;0,0295;0,9011;0,9133;43,3879
0,1045;0,0107;0,9023;0,9084;43,4486
0,2006;-0,0071;1,0609;1,0798;43,5115
0,1743;-0,0068;0,9926;1,0078;43,5667
0,1584;-0,0066;0,9907;1,0033;43,6271
0,1233;-0,0083;0,9997;1,0073;43,6910
0,0081;-0,0391;1,0278;1,0285;43,7467
0,3788;-0,0010;1,1439;1,2050;43,8071
-0,0598;-0,0591;0,8943;0,8982;43,8800
-0,3629;0,0430;-0,0984;0,3785;43,9260
0,1303;0,0029;0,8420;0,8521;43,9873
0,1184;-0,0166;1,0060;1,0131;44,0511
0,1938;0,0083;0,9123;0,9327;44,1079
0,1811;0,0112;0,9226;0,9402;44,1674
0,2082;-0,0029;0,9348;0,9577;44,2279
0,1684;-0,0334;0,8198;0,8376;44,2865
0,1647;-0,0239;1,0046;1,0183;44,3466
0,2365;-0,0493;1,1090;1,1350;44,4115
0,1855;-0,0124;0,9789;0,9964;44,4667
0,2760;-0,0456;1,0453;1,0821;44,5282
0,1840;-0,0369;0,9843;1,0020;44,5988
0,1779;-0,0271;1,0160;1,0319;44,6514
0,2162;-0,0337;1,1676;1,1879;44,7069
-0,2140;0,0400;0,9528;0,9774;44,7698
0,2738;0,0232;1,1940;1,2252;44,8268
0,1582;-0,0454;0,9387;0,9530;44,8865
0,1821;0,0349;1,0258;1,0424;44,9493
0,0913;-0,0083;0,8896;0,8943;45,0082
0,1198;-0,0129;0,9904;0,9977;45,0729
0,2538;-0,0010;0,9087;0,9434;45,1270
0,1547;-0,0044;0,9736;0,9858;45,1891
0,2353;0,0007;0,6748;0,7147;45,2468
0,1877;0,0010;0,8969;0,9164;45,3061
0,1259;-0,0129;0,8515;0,8609;45,3670
0,2399;-0,0149;1,8556;1,8711;45,4269
0,3109;-0,0364;1,2137;1,2535;45,4891
0,3195;-0,0486;1,0009;1,0518;45,5465
0,2016;-0,0378;0,9821;1,0033;45,6073
0,1870;-0,0381;1,0505;1,0676;45,6710
0,1835;-0,0017;1,1337;1,1484;45,7266
0,1423;-0,0247;1,2086;1,2172;45,7865
0,1564;0,0427;1,0773;1,0894;45,8475
0,1311;0,0300;1,0058;1,0147;45,9062
0,2367;0,0278;0,7856;0,8210;45,9693
0,0927;-0,0068;0,9362;0,9408;46,0264
0,1306;-0,0210;1,0334;1,0418;46,0864
0,1789;-0,0161;0,9907;1,0068;46,1467
0,1857;-0,0100;0,9621;0,9799;46,2070
0,1750;-0,0081;0,7312;0,7519;46,2673
0,1208;0,0032;0,8354;0,8441;46,3262
0,2492;-0,0615;0,6600;0,7081;46,3865
0,0386;-0,0339;1,3048;1,3058;46,4464
0,3007;-0,0456;1,0688;1,1112;46,5063
0,1577;-0,0266;0,9833;0,9963;46,5682
0,1281;-0,0334;0,9931;1,0019;46,6265
0,1298;-0,0232;1,0434;1,0517;46,6873
0,0749;-0,0281;1,0834;1,0864;46,7470
-0,0117;0,0290;1,3729;1,3732;46,8069
0,0891;-0,0010;1,0736;1,0773;46,8666
0,2448;0,0132;0,7129;0,7539;46,9265
0,0598;-0,0054;0,8147;0,8169;46,9912
0,0576;-0,0098;1,0282;1,0299;47,0485
0,0891;-0,0132;0,9985;1,0025;47,1067
0,1064;-0,0056;0,9907;0,9964;47,1681
0,1677;0,0066;0,7764;0,7943;47,2268
-0,0054;0,0366;0,6038;0,6049;47,2863
0,1147;0,0000;0,8223;0,8302;47,3457
0,1447;0,0146;0,9982;1,0088;47,4098
0,1979;0,0022;1,1935;1,2098;47,4650
0,1318;-0,0410;1,0607;1,0696;47,5260
0,0661;-0,0298;0,9943;0,9970;47,5892
0,0527;-0,0317;1,0475;1,0493;47,6481
0,0461;-0,0371;1,1081;1,1096;47,7066
0,0085;-0,0015;1,0622;1,0622;47,7665
-0,0332;0,0188;1,1671;1,1677;47,8288
0,0078;-0,0134;0,8777;0,8778;47,8862
0,1379;0,0068;1,1888;1,1968;47,9461
0,0322;-0,0132;0,8794;0,8801;48,0087
0,0327;-0,0217;0,9692;0,9700;48,0660
0,0981;-0,0244;0,9836;0,9888;48,1254
0,0779;-0,0156;1,0070;1,0101;48,1879
0,0678;-0,0156;0,8735;0,8763;48,2453
0,0754;-0,0103;0,7900;0,7937;48,3056
0,0830;0,0278;0,9887;0,9926;48,3662
0,1028;0,0085;0,8552;0,8614;48,4255
0,1604;-0,0185;1,1832;1,1942;48,4857
0,1657;-0,0207;1,0436;1,0569;48,5453
0,0552;-0,0332;0,9933;0,9954;48,6048
0,0649;-0,0193;1,0734;1,0755;48,6687
0,0193;-0,0203;1,0878;1,0882;48,7276
-0,0010;0,0000;1,1234;1,1234;48,7854
0,1059;0,0154;1,2377;1,2423;48,8511
0,0234;0,0105;1,1041;1,1044;48,9097
-0,0310;-0,0022;0,7874;0,7880;48,9665
0,0981;0,0151;0,7576;0,7641;49,0307
0,0085;-0,0049;0,9907;0,9907;49,0893
0,0527;-0,0056;1,0192;1,0206;49,1474
0,0747;0,0085;0,9663;0,9692;49,2086
0,0962;0,0017;0,8857;0,8909;49,2664
0,0657;-0,0027;0,8049;0,8076;49,3256
0,1191;0,0171;0,7830;0,7922;49,3915
-0,0361;0,0227;1,2713;1,2720;49,4456
0,0818;-0,0120;1,0417;1,0449;49,5057
0,1123;-0,0422;1,0553;1,0621;49,5648
0,0942;-0,0332;1,0265;1,0314;49,6253
0,0393;-0,0288;1,0373;1,0384;49,6884
0,0298;-0,0310;1,0719;1,0728;49,7479
-0,0161;0,0022;1,0902;1,0904;49,8049
-0,0664;-0,1059;1,0441;1,0516;49,8653
0,0761;-0,0056;0,9565;0,9595;49,9250
0,1567;-0,0081;0,6614;0,6798;49,9902
0,0210;-0,0002;0,9440;0,9443;50,0449
0,0498;-0,0134;1,0109;1,0122;50,1053
0,0586;-0,0161;1,0190;1,0208;50,1650
0,0752;-0,0132;0,9831;0,9861;50,2250
0,1335;0,0039;0,7537;0,7654;50,2850
-0,0779;-0,0329;1,0102;1,0137;50,3473
0,0798;-0,0044;0,8738;0,8774;50,4053
0,1076;-0,0103;1,1630;1,1680;50,4684
0,1162;-0,0354;1,1254;1,1319;50,5245
0,1208;-0,0164;1,0102;1,0175;50,5863
0,0283;-0,0286;0,9926;0,9934;50,6536
0,0615;-0,0178;1,0087;1,0107;50,7048
0,2943;-0,0276;1,4087;1,4394;50,7651
0,0466;-0,0164;1,1766;1,1777;50,8299
0,0625;-0,0049;1,0924;1,0942;50,8905
0,1059;0,0090;1,0919;1,0971;50,9447
0,0803;-0,0198;0,7476;0,7521;51,0051
0,0266;-0,0083;0,9907;0,9911;51,0661
0,0559;-0,0142;1,0209;1,0225;51,1250
0,0735;-0,0051;0,9907;0,9934;51,1848
0,0710;-0,0085;0,9833;0,9859;51,2452
0,1316;0,0366;0,8266;0,8378;51,3048
0,0310;0,0256;0,7988;0,7998;51,3642
0,0969;-0,0061;0,7549;0,7611;51,4264
-0,0095;0,0840;1,3529;1,3555;51,4845
-0,0271;-0,0159;1,0151;1,0156;51,5462
0,1525;-0,0273;1,0605;1,0717;51,6076
0,0832;-0,0200;0,9911;0,9948;51,6640
0,0456;-0,0215;1,0397;1,0409;51,7249
0,0051;-0,0290;1,0595;1,0599;51,7870
0,0391;0,0078;1,0888;1,0895;51,8444
0,0849;-0,0076;1,1178;1,1211;51,9049
0,0615;0,0054;1,0390;1,0408;51,9646
0,0730;-0,0107;0,7874;0,7908;52,0249
0,0391;-0,0024;0,9765;0,9773;52,0844
0,0600;-0,0124;1,0141;1,0159;52,1444
0,0910;0,0012;0,9941;0,9982;52,2056
0,0923;-0,0022;0,9872;0,9915;52,2751
0,0007;0,0525;0,9994;1,0008;52,3241
0,1174;0,0056;0,8691;0,8770;52,3849
0,1081;0,0483;0,7415;0,7509;52,4495
0,0005;0,0264;1,3826;1,3829;52,5055
0,0132;-0,0112;1,0353;1,0355;52,5648
0,1406;-0,0168;1,0470;1,0566;52,6243
0,0691;-0,0171;0,9887;0,9913;52,6875
0,0437;-0,0183;1,0351;1,0362;52,7452
0,0334;-0,0142;1,2113;1,2118;52,8046
0,1350;0,0098;1,3426;1,3494;52,8649
0,1235;-0,0232;1,1495;1,1564;52,9244
-0,3939;0,0303;-0,2067;0,4459;52,9864
0,0325;0,0173;0,8584;0,8592;53,0453
0,0373;0,0085;1,0202;1,0209;53,1044
0,0727;0,0095;1,0187;1,0214;53,1687
0,0681;0,0110;0,9638;0,9663;53,2244
0,0844;0,0105;0,9865;0,9902;53,2842
-0,0578;-0,0185;1,0614;1,0632;53,3449
0,0915;0,0603;0,8484;0,8554;53,4045
0,0495;-0,0090;0,8137;0,8153;53,4647
0,0588;0,0732;2,1841;2,1862;53,5248
0,1411;-0,0254;1,1193;1,1284;53,5840
0,1259;-0,0027;0,9882;0,9962;53,6451
0,0393;-0,0217;0,9975;0,9985;53,7042
0,0471;-0,0185;1,0380;1,0392;53,7640
0,0454;-0,0139;1,1356;1,1366;53,8239
0,1691;0,0254;1,2367;1,2484;53,8849
0,1481;0,0168;1,2523;1,2611;53,9450
0,0020;-0,0144;0,5677;0,5679;54,0040
0,0376;-0,0010;0,8620;0,8629;54,0645
0,0642;-0,0083;0,9926;0,9947;54,1249
0,1032;-0,0105;0,9955;1,0009;54,1854
0,0962;-0,0203;0,9882;0,9931;54,2445
0,1765;-0,0056;0,8215;0,8403;54,3041
0,1047;-0,0578;0,8723;0,8805;54,3638
0,0666;-0,0288;0,9211;0,9240;54,4250
0,0617;0,0539;1,0021;1,0055;54,4875
0,0610;-0,0432;1,1029;1,1055;54,5442
0,1377;-0,0386;1,0138;1,0239;54,6046
0,0879;-0,0303;1,0536;1,0577;54,6658
0,0293;-0,0288;1,0585;1,0593;54,7236
0,0371;-0,0041;1,0873;1,0879;54,7846
0,0991;0,0056;1,1354;1,1397;54,8481
0,0620;-0,0210;1,1849;1,1867;54,9052
-0,2245;-0,0359;0,3937;0,4546;54,9650
0,1233;-0,0366;0,8101;0,8202;55,0246
0,0625;-0,0351;0,9858;0,9884;55,0866
0,0896;-0,0332;1,0055;1,0101;55,1464
0,1147;-0,0286;0,9826;0,9897;55,2035
0,1206;-0,0312;0,8921;0,9007;55,2651
0,1450;-0,0469;0,9126;0,9252;55,3246
0,0779;-0,0630;0,8335;0,8395;55,3860
-0,0193;-0,0603;1,5249;1,5262;55,4483
0,0071;-0,1301;1,2286;1,2355;55,5042
0,2404;-0,0676;0,9763;1,0077;55,5648
0,1062;-0,0408;0,9894;0,9960;55,6239
0,0757;-0,0439;1,0226;1,0264;55,6835
0,0832;-0,0207;1,0736;1,0771;55,7440
0,0403;-0,0051;1,1561;1,1568;55,8057
0,0195;0,0002;1,0275;1,0277;55,8692
0,0713;-0,0303;1,0251;1,0280;55,9237
0,0930;-0,0454;0,7485;0,7557;55,9863
0,0290;-0,0037;0,9516;0,9521;56,0450
0,0593;-0,0110;1,0285;1,0303;56,1058
0,0796;-0,0068;0,9951;0,9983;56,1671
0,0874;-0,0071;0,9772;0,9812;56,2242
0,2497;-0,0034;0,9052;0,9390;56,2843
0,1586;-0,0146;0,9428;0,9562;56,3434
0,0930;-0,0032;0,7930;0,7984;56,4034
0,3078;0,0181;0,6621;0,7304;56,4637
-0,0185;-0,0603;1,0285;1,0304;56,5265
0,2719;-0,0764;1,0829;1,1191;56,5831
0,1235;-0,0395;0,9938;1,0023;56,6437
0,0630;-0,0437;1,0260;1,0289;56,7152
0,0671;-0,0561;1,0697;1,0733;56,7631
0,0676;0,0034;1,1969;1,1988;56,8243
0,0212;-0,0483;1,0365;1,0379;56,8889
0,1530;0,0005;1,1251;1,1355;56,9434
0,1062;-0,0300;0,7761;0,7839;57,0044
0,0317;0,0046;0,9550;0,9556;57,0633
0,0725;-0,0056;1,0192;1,0218;57,1232
0,1174;0,0032;0,9958;1,0027;57,1841
0,1245;-0,0015;0,9660;0,9740;57,2436
0,1811;-0,0205;0,9523;0,9696;57,3041
0,0600;0,0027;0,9250;0,9270;57,3678
0,1389;0,0286;0,8650;0,8765;57,4240
-0,1254;-0,0403;0,7754;0,7865;57,4841
0,2402;-0,0320;1,0732;1,1002;57,5436
0,1059;-0,0412;0,9916;0,9981;57,6032
0,0952;-0,0359;1,0319;1,0369;57,6640
0,0837;-0,0244;1,0343;1,0380;57,7236
-0,0061;-0,0561;1,0009;1,0025;57,7830
0,0964;0,0002;1,2501;1,2538;57,8436
0,0598;-0,0144;1,1395;1,1412;57,9099
0,3026;0,0366;1,2272;1,2645;57,9645
0,0957;-0,0076;0,8181;0,8237;58,0262
0,0344;-0,0085;0,9907;0,9913;58,0874
0,0822;-0,0083;1,0187;1,0221;58,1430
0,1032;-0,0049;0,9948;1,0002;58,2053
0,0979;-0,0083;0,9904;0,9953;58,2647
0,1093;-0,0217;1,0368;1,0428;58,3233
0,1101;-0,0041;0,8330;0,8402;58,3841
0,0010;-0,0015;0,9162;0,9162;58,4445
0,2565;0,0154;1,4307;1,4536;58,5049
0,1665;-0,0532;1,1683;1,1813;58,5625
0,0908;-0,0261;0,9819;0,9864;58,6235
0,0469;-0,0234;1,0097;1,0111;58,6828
0,0266;-0,0229;1,0802;1,0808;58,7427
0,0007;-0,0034;1,0844;1,0844;58,8035
0,0771;-0,0473;1,1534;1,1570;58,8793
0,0525;-0,0083;0,9711;0,9726;58,9253
-0,0820;0,0005;0,3710;0,3799;58,9835
0,0229;0,0059;0,8635;0,8638;59,0455
0,0320;0,0000;1,0102;1,0107;59,1045
0,1084;-0,0129;0,9543;0,9605;59,1636
0,1037;-0,0115;0,9907;0,9961;59,2266
-0,1430;-0,0286;1,2481;1,2566;59,2833
0,1289;-0,0244;0,8576;0,8676;59,3428
0,1045;0,0085;0,8369;0,8434;59,4032
0,1416;0,0085;0,8642;0,8758;59,4634
0,1494;-0,0244;1,0922;1,1026;59,5280
0,2121;-0,0332;1,0475;1,0693;59,5860
0,1218;-0,0366;0,9985;1,0065;59,6466
0,1081;-0,0337;1,0512;1,0573;59,7050
0,1411;-0,0495;1,1693;1,1788;59,7629
-0,0535;-0,0244;0,9030;0,9049;59,8240
0,0781;-0,0464;1,0041;1,0082;59,8870
-0,1535;-0,0808;0,5609;0,5871;59,9429
0,1633;-0,0378;0,8257;0,8425;60,0043
0,0561;-0,0112;0,9570;0,9587;60,0748
0,0725;-0,0198;1,0046;1,0074;60,1245
0,0927;-0,0117;0,9977;1,0021;60,1862
0,0998;-0,0154;0,9838;0,9890;60,2427
0,1308;-0,0190;0,7080;0,7203;60,3074
0,1267;-0,0198;0,9287;0,9375;60,3636
0,0434;-0,0110;0,8362;0,8374;60,4255
0,4186;-0,0478;1,6230;1,6768;60,4846
0,1377;-0,0447;0,9919;1,0024;60,5428
0,2160;-0,0276;1,0278;1,0506;60,6031
0,1223;-0,0334;1,0505;1,0581;60,6637
0,0674;-0,0276;0,9909;0,9936;60,7231
0,0234;0,0085;0,9521;0,9524;60,7840
-0,0144;0,0176;1,1642;1,1644;60,8431
0,0837;-0,0298;1,1146;1,1182;60,9042
-0,0500;-0,0156;0,5714;0,5738;60,9626
0,0852;-0,0288;0,8169;0,8218;61,0278
0,0544;-0,0185;0,9738;0,9755;61,0828
0,0652;-0,0300;1,0226;1,0251;61,1426
0,0837;-0,0203;0,9802;0,9839;61,2036
0,0998;-0,0200;0,9677;0,9731;61,2629
0,0608;-0,0129;0,7793;0,7818;61,3232
0,1013;-0,0564;0,8989;0,9063;61,3827
0,0173;-0,0012;0,7959;0,7961;61,4454
0,1706;-0,0046;1,4529;1,4629;61,5033
0,2265;-0,0530;1,1117;1,1358;61,5631
0,0920;-0,0317;0,9558;0,9607;61,6558
0,0683;-0,0308;0,9880;0,9908;61,6838
0,0510;-0,0300;1,0156;1,0173;61,7450
0,0610;-0,0176;1,1420;1,1437;61,8027
0,0600;-0,0071;1,2025;1,2040;61,8686
0,0732;-0,0342;1,1349;1,1378;61,9220
0,0513;-0,0203;0,9875;0,9890;61,9836
0,1130;-0,0164;0,8105;0,8185;62,0455
0,0159;-0,0129;0,9799;0,9801;62,1023
0,0810;-0,0127;1,0241;1,0274;62,1627
0,0974;-0,0085;1,0241;1,0288;62,2219
0,0984;-0,0039;0,9663;0,9713;62,2829
0,1423;0,0020;0,8120;0,8244;62,3426
0,1272;-0,0151;0,7171;0,7284;62,4036
0,0203;-0,0159;0,8635;0,8639;62,4641
0,4320;-0,0600;1,8132;1,8649;62,5229
0,2514;-0,0542;1,1395;1,1682;62,5832
0,1835;-0,0188;1,0678;1,0836;62,6435
0,0508;-0,0244;0,9758;0,9774;62,7027
-0,0510;-0,0190;0,9216;0,9232;62,7636
0,0256;0,0005;1,0893;1,0896;62,8223
-0,0212;0,0015;0,8630;0,8633;62,8895
-0,1811;-0,0315;0,6028;0,6302;62,9429
0,0356;0,0039;0,4444;0,4459;63,0042
0,0835;0,0054;0,8677;0,8717;63,0621
0,0588;-0,0176;1,0012;1,0030;63,1224
0,1220;-0,0076;0,9994;1,0069;63,1861
0,1377;-0,0120;0,9736;0,9833;63,2436
0,0412;-0,0085;1,0370;1,0379;63,3025
0,0703;-0,0439;0,9157;0,9195;63,3624
0,0205;-0,0171;0,8657;0,8661;63,4224
0,1530;-0,0522;0,9833;0,9965;63,4818
0,4054;-0,0432;1,3160;1,3777;63,5422
0,2162;-0,0322;1,0092;1,0326;63,6073
0,1318;-0,0471;1,0414;1,0508;63,6622
0,1174;-0,0378;1,0239;1,0313;63,7222
0,0649;-0,0469;1,1103;1,1131;63,7826
-0,0342;-0,0112;0,9787;0,9794;63,8426
0,2533;0,0486;1,2203;1,2473;63,9039
-0,2270;0,0098;0,0935;0,2457;63,9627
0,0813;-0,0085;0,8943;0,8980;64,0247
0,0837;-0,0220;0,9907;0,9944;64,0821
0,1389;-0,0100;1,0090;1,0185;64,1429
0,1435;-0,0051;0,9758;0,9863;64,2017
-0,2936;-0,0691;1,5986;1,6268;64,2618
0,1806;0,0203;0,9404;0,9578;64,3223
0,1128;0,0271;0,9421;0,9492;64,3853
0,2951;0,0381;1,5310;1,5597;64,4429
0,2909;-0,0137;1,6106;1,6367;64,5063
0,1677;-0,0393;1,0095;1,0240;64,5619
0,1079;-0,0290;0,9907;0,9969;64,6219
0,0901;-0,0452;1,0588;1,0635;64,6823
0,0947;-0,0344;1,1437;1,1481;64,7465
0,2633;-0,0264;1,2189;1,2473;64,8027
0,0678;-0,0276;0,8923;0,8953;64,8664
-0,0076;-0,0644;0,5797;0,5833;64,9221
0,0998;-0,0110;0,8281;0,8342;64,9831
0,0803;-0,0181;0,9902;0,9936;65,0457
0,1130;-0,0142;1,0192;1,0256;65,1019
0,1213;-0,0081;0,9831;0,9906;65,1622
0,1272;-0,0063;0,9907;0,9988;65,2217
0,1647;-0,0020;1,0568;1,0696;65,2814
0,1496;-0,0120;0,9809;0,9923;65,3423
0,1333;0,0237;0,7298;0,7422;65,4022
-0,0332;-0,0225;1,4680;1,4686;65,4707
0,1115;-0,0259;1,0148;1,0213;65,5216
0,1433;-0,0234;0,9909;1,0015;65,5844
0,0617;-0,0278;1,0156;1,0178;65,6416
0,1330;-0,0210;1,0890;1,0973;65,7020
0,0827;-0,0215;1,0529;1,0564;65,7617
0,0454;0,0195;1,2215;1,2225;65,8213
0,2065;0,0144;1,4829;1,4973;65,8873
0,1699;0,0342;1,0014;1,0163;65,9414
-0,0041;0,0115;0,3502;0,3504;66,0027
0,0661;0,0015;0,9372;0,9395;66,0655
0,0937;-0,0083;1,0229;1,0272;66,1216
0,1579;-0,0037;0,9789;0,9916;66,1816
0,1281;-0,0037;0,9245;0,9334;66,2415
0,1652;-0,0120;0,9814;0,9953;66,3015
0,1123;0,0142;0,9113;0,9183;66,3617
0,0761;0,0437;0,6560;0,6619;66,4211
0,3256;-0,0256;1,5569;1,5908;66,4824
0,3107;-0,0544;1,1488;1,1913;66,5458
0,1838;-0,0210;0,9841;1,0013;66,6017
0,1106;-0,0242;0,9907;0,9971;66,6617
0,1023;-0,0327;1,0490;1,0545;66,7216
0,1337;-0,0205;1,2848;1,2919;66,7812
-0,1120;-0,0486;0,7544;0,7642;66,8416
0,2048;0,0173;1,2118;1,2291;66,9112
0,2001;-0,0356;1,1227;1,1410;66,9618
0,0793;-0,0371;0,8882;0,8925;67,0241
0,0759;0,0103;0,9221;0,9253;67,0811
0,0974;0,0081;0,9980;1,0028;67,1418
0,1401;0,0093;0,9985;1,0083;67,2016
0,1752;0,0261;0,8249;0,8438;67,2606
0,1172;-0,0151;0,8115;0,8201;67,3222
0,0954;-0,0151;0,6751;0,6820;67,3889
0,3485;0,0098;0,0722;0,3561;67,4422
0,0740;-0,0200;1,0624;1,0652;67,5016
0,1728;-0,0356;1,0180;1,0332;67,5614
0,0866;-0,0329;0,9470;0,9515;67,6217
0,0871;-0,0427;1,0280;1,0326;67,6813
0,1125;-0,0337;1,0815;1,0878;67,7416
0,0776;-0,0256;1,1088;1,1118;67,8012
0,0488;0,0007;1,1942;1,1952;67,8729
-0,0266;0,0359;0,8474;0,8486;67,9220
0,0107;-0,0393;0,5387;0,5402;67,9847
0,1320;0,0088;0,8672;0,8772;68,0422
0,0913;0,0005;0,9902;0,9944;68,1022
0,1301;-0,0049;0,9787;0,9873;68,1642
0,1635;-0,0078;0,9719;0,9856;68,2225
0,1706;0,0029;0,8220;0,8395;68,2822
0,1328;0,0037;0,7195;0,7317;68,3419
0,1530;-0,0605;1,1315;1,1434;68,4017
0,1591;0,0076;1,1635;1,1743;68,4622
0,3166;-0,0469;1,2264;1,2675;68,5219
0,1862;-0,0369;0,9999;1,0178;68,5826
0,1333;-0,0386;1,0007;1,0102;68,6444
0,1057;-0,0317;1,0070;1,0130;68,7012
0,1240;-0,0251;1,1654;1,1723;68,7627
0,0351;0,0010;1,2843;1,2847;68,8335
0,1091;0,0154;0,9667;0,9730;68,8923
0,1230;0,0081;1,0226;1,0300;68,9425
0,1467;-0,0127;0,8364;0,8493;69,0017
0,0793;-0,0124;0,9628;0,9662;69,0624
0,1086;-0,0232;1,0229;1,0289;69,1218
0,1403;-0,0234;1,0038;1,0139;69,1818
0,1506;-0,0237;0,9599;0,9719;69,2454
-0,0554;0,0139;1,1832;1,1846;69,3019
0,2323;-0,0254;0,9348;0,9635;69,3620
0,1542;-0,0366;0,8608;0,8753;69,4268
0,1977;-0,0356;1,1154;1,1333;69,4820
0,1730;-0,0237;1,0570;1,0714;69,5425
0,1957;-0,0373;1,0463;1,0651;69,6051
0,1352;-0,0351;0,9907;1,0005;69,6612
0,2826;-0,0337;1,1984;1,2317;69,7220
0,1233;-0,0491;1,2028;1,2100;69,7816
0,0334;-0,0454;1,2547;1,2560;69,8421
0,1486;-0,0266;0,9897;1,0011;69,9016
0,1508;-0,0034;1,0226;1,0337;69,9617
0,1599;-0,0249;0,8196;0,8354;70,0227
0,0830;-0,0049;0,9292;0,9329;70,0816
0,1403;-0,0098;0,9907;1,0006;70,1417
0,1784;-0,0088;0,9916;1,0076;70,2021
0,2065;-0,0132;0,9021;0,9255;70,2620
0,1355;-0,0378;0,7222;0,7358;70,3218
0,1530;-0,0073;0,8454;0,8592;70,3860
0,1604;-0,0063;0,9082;0,9222;70,4424
0,0998;-0,0020;1,1312;1,1356;70,5022
0,1989;-0,0264;1,0651;1,0838;70,5615
0,1833;-0,0417;1,0392;1,0561;70,6228
0,1525;-0,0366;0,9972;1,0095;70,6872
0,1240;-0,0388;1,0363;1,0444;70,7417
0,1455;-0,0259;1,2076;1,2166;70,8012
0,2094;-0,0349;1,0932;1,1136;70,8617
0,1428;-0,0210;0,9870;0,9975;70,9215
0,2851;-0,0002;1,1791;1,2130;70,9825
0,1379;-0,0220;0,8674;0,8786;71,0422
0,1045;-0,0149;0,9951;1,0006;71,1023
0,1269;-0,0166;1,0070;1,0151;71,1618
0,1513;-0,0110;0,9782;0,9899;71,2218
0,1711;-0,0107;0,9728;0,9878;71,2814
0,1555;-0,0249;1,0348;1,0467;71,3413
0,1064;0,0000;0,9250;0,9311;71,4021
0,1225;-0,0046;0,9897;0,9972;71,4623
0,2865;-0,0049;1,6037;1,6292;71,5228
0,2045;-0,0564;1,1688;1,1879;71,5826
0,1723;-0,0351;0,9721;0,9879;71,6423
0,1154;-0,0405;0,9855;0,9931;71,7042
0,1320;-0,0356;1,0495;1,0584;71,7626
0,0862;-0,0134;1,0580;1,0616;71,8226
0,1069;-0,0076;1,1430;1,1480;71,8874
0,1189;-0,0027;1,0029;1,0099;71,9435
0,1586;0,0342;0,9384;0,9524;72,0021
0,1433;-0,0161;0,7993;0,8122;72,0622
0,0552;0,0110;0,9772;0,9789;72,1236
0,1306;0,0139;1,0085;1,0170;72,1868
0,1525;0,0110;0,9606;0,9727;72,2428
0,1838;0,0320;0,8681;0,8880;72,3032
0,1469;-0,0183;0,9252;0,9370;72,3626
0,1367;-0,0303;0,8503;0,8618;72,4234
0,0984;-0,0017;0,8179;0,8238;72,4815
0,2097;-0,0027;2,4363;2,4453;72,5422
0,1826;-0,0361;1,1268;1,1421;72,6029
0,1455;-0,0308;1,0148;1,0257;72,6619
0,1045;-0,0371;0,9921;0,9983;72,7219
0,0495;-0,0461;1,0387;1,0409;72,7829
0,0347;-0,0225;1,2206;1,2213;72,8422
0,0610;-0,0071;1,0026;1,0045;72,9026
0,1357;-0,0095;0,9892;0,9985;72,9617
-0,1201;-0,0039;0,3798;0,3983;73,0219
0,0456;0,0085;0,9011;0,9023;73,0825
0,0378;-0,0078;0,9907;0,9914;73,1463
0,0791;-0,0085;1,0102;1,0133;73,2012
0,0952;-0,0063;0,9809;0,9855;73,2623
0,0901;-0,0129;0,9475;0,9518;73,3262
0,1010;-0,0171;0,8950;0,9008;73,3831
0,0417;0,0088;0,8345;0,8355;73,4418
0,1591;0,0110;0,9689;0,9820;73,5021
0,1215;0,0061;1,1559;1,1623;73,5633
0,1052;-0,0290;1,0553;1,0610;73,6214
0,0403;-0,0207;1,0036;1,0046;73,6818
-0,0017;-0,0247;1,0536;1,0539;73,7439
-0,0115;-0,0122;1,0614;1,0616;73,8019
0,0622;0,0085;1,1932;1,1949;73,8620
0,0376;0,0095;1,0334;1,0341;73,9212
0,0408;-0,0007;1,0251;1,0259;73,9840
0,0913;0,0103;0,8884;0,8931;74,0422
0,0149;0,0046;0,9357;0,9359;74,1017
0,0244;-0,0073;0,9907;0,9910;74,1620
0,0642;0,0022;1,0087;1,0108;74,2244
0,0725;0,0034;0,9907;0,9933;74,2817
0,0671;-0,0156;0,9157;0,9183;74,3412
0,0617;0,0225;0,9328;0,9351;74,4014
0,0500;0,0002;0,9099;0,9112;74,4623
-0,0281;0,0105;1,3465;1,3468;74,5221
0,2436;-0,0122;1,2679;1,2912;74,5861
0,0893;-0,0127;0,9924;0,9965;74,6449
0,0835;-0,0068;1,0866;1,0898;74,7019
0,0137;-0,0044;1,0575;1,0576;74,7620
0,0098;0,0085;1,2125;1,2126;74,8229
-0,0227;0,0456;1,0971;1,0983;74,8821
0,0674;0,0254;1,0490;1,0515;74,9420
0,0139;0,0364;0,8418;0,8427;75,0034
-0,0893;0,0103;0,0991;0,1338;75,0617
0,0410;0,0056;0,9387;0,9396;75,1245
0,0522;-0,0049;0,9987;1,0001;75,1818
0,1086;-0,0041;0,9746;0,9806;75,2425
0,0957;-0,0063;0,9826;0,9873;75,3020
0,0918;-0,0039;0,9187;0,9232;75,3616
0,0979;-0,0164;0,9746;0,9796;75,4221
0,0740;0,0329;0,9252;0,9288;75,4817
0,0720;0,0434;0,9108;0,9147;75,5413
0,1508;-0,0054;1,1420;1,1519;75,6008
0,1369;-0,0290;1,0509;1,0602;75,6615
0,1584;-0,0203;1,1159;1,1272;75,7214
0,0588;-0,0151;1,0783;1,0800;75,7816
0,0466;-0,0137;1,1652;1,1662;75,8417
0,1164;0,0012;1,0663;1,0727;75,9026
0,0337;0,0317;1,0246;1,0256;75,9623
0,0539;0,0276;1,0375;1,0393;76,0219
0,0737;-0,0073;0,8535;0,8567;76,0827
0,0327;-0,0107;0,9907;0,9913;76,1420
0,0857;-0,0159;1,0275;1,0312;76,2013
0,0847;-0,0115;0,9980;1,0016;76,2614
0,0783;-0,0120;0,9887;0,9919;76,3250
0,1455;0,0232;0,8205;0,8337;76,3812
0,0954;-0,0061;0,7102;0,7166;76,4409
0,0832;0,0085;0,8288;0,8331;76,5024
0,0649;0,0029;0,8166;0,8192;76,5612
0,0034;0,0054;1,1622;1,1623;76,6230
0,1933;-0,0264;1,1576;1,1739;76,6880
0,1103;-0,0215;1,0224;1,0285;76,7407
0,1511;-0,0185;1,1198;1,1301;76,8017
0,0022;-0,0076;0,9907;0,9907;76,8612
0,0332;0,0127;1,0104;1,0111;76,9215
-0,0256;0,0276;1,1103;1,1109;76,9813
0,0783;0,0156;1,0954;1,0983;77,0410
0,1181;0,0124;0,9562;0,9636;77,1017
-0,0803;0,0151;0,3046;0,3154;77,1610
0,0510;-0,0007;0,9416;0,9430;77,2212
0,0776;-0,0056;1,0109;1,0139;77,2807
0,1257;-0,0015;0,9694;0,9775;77,3420
0,1301;0,0000;0,9584;0,9672;77,4017
0,0915;-0,0259;0,7773;0,7831;77,4608
0,1279;0,0146;0,7598;0,7706;77,5218
0,1481;0,0168;1,0031;1,0141;77,5818
0,2194;-0,0105;1,2064;1,2262;77,6412
0,1557;-0,0251;1,0458;1,0576;77,7003
0,0364;-0,0261;0,9741;0,9751;77,7616
0,0578;-0,0181;1,0295;1,0312;77,8205
0,0752;-0,0063;1,1635;1,1659;77,8824
0,0268;0,0185;1,1508;1,1512;77,9410
0,0818;0,0142;1,0736;1,0768;78,0011
0,1389;0,0076;1,1037;1,1124;78,0622
0,1435;0,0083;0,8208;0,8333;78,1208
0,0281;-0,0103;0,9794;0,9799;78,1810
0,0720;-0,0124;1,0129;1,0155;78,2454
0,1154;-0,0044;1,0019;1,0085;78,3008
0,1247;-0,0081;0,9880;0,9958;78,3610
0,1345;-0,0178;0,9023;0,9124;78,4240
0,1272;0,0088;0,7700;0,7805;78,4808
0,0793;0,0217;0,8349;0,8390;78,5410
0,3297;-0,0808;1,8595;1,8903;78,6017
0,1938;-0,0449;1,0580;1,0766;78,6609
0,1301;-0,0156;0,9770;0,9857;78,7213
0,2782;-0,0129;1,2572;1,2877;78,7814
0,0317;-0,0090;1,0141;1,0146;78,8407
0,0359;0,0066;1,0697;1,0704;78,9090
0,3505;0,0254;1,4185;1,4614;78,9601
0,1550;0,0088;1,2379;1,2476;79,0226
0,1091;-0,0039;0,7385;0,7466;79,0805
0,0935;0,0085;0,8940;0,8989;79,1406
0,0471;-0,0190;1,0158;1,0171;79,2008
0,1164;-0,0083;1,0024;1,0091;79,2730
0,1154;-0,0168;0,9767;0,9837;79,3208
0,1091;-0,0232;1,0727;1,0784;79,3812
0,1408;-0,0215;0,8201;0,8323;79,4431
0,0971;0,0085;0,9331;0,9381;79,5012
0,1398;0,0081;0,9921;1,0020;79,5608
0,2736;-0,0134;1,1161;1,1492;79,6200
0,1025;-0,0188;1,0217;1,0270;79,6808
0,0083;-0,0063;0,9907;0,9907;79,7418
0,0351;0,0132;1,0980;1,0987;79,8006
-0,0373;0,0422;1,1212;1,1226;79,8598
0,0969;0,0022;0,9982;1,0029;79,9206
0,0068;0,0288;0,8742;0,8747;79,9861
-0,0144;-0,0481;0,6116;0,6137;80,0404
0,0410;-0,0173;0,9792;0,9802;80,1005
0,0830;-0,0193;1,0068;1,0104;80,1620
0,0971;-0,0220;1,0246;1,0294;80,2204
0,1172;-0,0227;0,9787;0,9859;80,2800
0,1604;-0,0325;0,9738;0,9875;80,3403
0,0979;-0,0286;0,7388;0,7458;80,4002
0,0937;-0,0337;0,8530;0,8588;80,4604
0,1225;-0,0649;2,0970;2,1016;80,5235
0,2663;-0,0278;1,1005;1,1326;80,5809
0,1208;-0,0212;1,0080;1,0154;80,6410
0,0478;-0,0190;1,0600;1,0612;80,7004
0,0386;0,0010;1,0697;1,0704;80,7604
0,0317;0,0002;1,0012;1,0017;80,8247
-0,0288;0,0159;0,9955;0,9961;80,8805
0,1921;-0,0085;1,3270;1,3408;80,9430
0,1193;-0,0178;0,6919;0,7024;80,9998
0,0923;-0,0098;0,9333;0,9379;81,0595
0,0537;-0,0264;1,0019;1,0037;81,1195
0,1103;-0,0249;1,0031;1,0095;81,1796
0,1142;-0,0298;0,9767;0,9839;81,2401
0,0686;-0,0361;0,9248;0,9280;81,2997
0,1816;-0,0161;0,9460;0,9634;81,3600
0,0744;0,0088;0,7237;0,7275;81,4205
0,0508;-0,0093;1,3314;1,3324;81,4801
0,1950;-0,0613;1,0790;1,0982;81,5392
0,2409;-0,0205;1,1659;1,1907;81,6004
-0,0617;-0,0522;0,9594;0,9628;81,6605
0,0693;-0,0076;1,1847;1,1867;81,7201
-0,0556;0,0085;0,8659;0,8678;81,7818
0,1074;-0,0017;1,1452;1,1502;81,8399
0,1591;-0,0056;1,1220;1,1332;81,9000
0,0998;-0,0046;0,8784;0,8841;81,9625
0,0395;-0,0320;0,9992;1,0005;82,0233
0,1108;-0,0276;1,0204;1,0268;82,0798
0,1157;-0,0249;0,9933;1,0004;82,1403
0,1184;-0,0247;0,9931;1,0004;82,1992
0,1125;-0,0146;1,0446;1,0507;82,2607
0,1830;0,0181;1,1017;1,1170;82,3220
0,0661;-0,0388;0,9204;0,9236;82,3796
0,1172;-0,0398;2,5087;2,5118;82,4425
0,2572;-0,0359;1,0959;1,1262;82,4993
0,1162;-0,0217;0,9951;1,0020;82,5598
-0,0351;-0,0295;0,9450;0,9461;82,6192
0,0654;-0,0032;1,0876;1,0895;82,6798
0,0381;0,0085;1,0404;1,0412;82,7459
0,1440;0,0539;1,0949;1,1056;82,7993
0,1167;0,0264;1,0897;1,0963;82,8604
0,0647;0,0412;0,8601;0,8635;82,9197
0,0896;-0,0132;0,9314;0,9357;82,9831
0,0444;-0,0395;1,0192;1,0209;83,0412
0,0805;-0,0364;1,0016;1,0055;83,1043
0,1108;-0,0303;0,9907;0,9973;83,1592
0,1198;-0,0310;1,0068;1,0143;83,2198
0,1218;-0,0303;0,8147;0,8243;83,2840
0,1196;-0,0095;0,8291;0,8377;83,3412
-0,0476;-0,0495;1,4598;1,4614;83,3997
0,4030;-0,0103;1,6091;1,6588;83,4593
0,2277;-0,0366;1,0636;1,0884;83,5198
0,0996;-0,0281;0,9770;0,9825;83,5815
0,0674;-0,0278;1,0131;1,0157;83,6418
0,0464;-0,0142;1,0163;1,0174;83,7008
0,0666;0,0239;1,1171;1,1193;83,7609
-0,0015;0,0171;1,0224;1,0225;83,8231
0,0801;0,0024;0,9328;0,9362;83,8800
-0,0515;0,0400;0,7249;0,7278;83,9501
0,1350;-0,0010;0,8491;0,8598;84,0005
0,0566;-0,0349;1,0226;1,0248;84,0605
0,1645;-0,0105;0,9060;0,9208;84,1198
0,1381;-0,0134;0,9858;0,9955;84,1808
0,1181;-0,0320;0,9748;0,9824;84,2409
0,1601;0,0168;0,8230;0,8386;84,3007
0,0661;-0,1052;0,8249;0,8342;84,3603
0,1704;-0,0542;0,3395;0,3837;84,4206
-0,0801;0,0090;0,7966;0,8007;84,4820
0,2143;-0,0266;1,1210;1,1416;84,5400
0,0832;-0,0342;1,0278;1,0317;84,6001
0,0781;-0,0332;1,1361;1,1393;84,6645
0,0432;-0,0110;1,1088;1,1097;84,7202
-0,0332;0,0185;0,7969;0,7978;84,7803
0,0493;0,0078;1,1137;1,1148;84,8404
0,1049;0,0303;1,0253;1,0311;84,9123
0,1113;-0,0083;0,7769;0,7848;84,9599
0,0337;-0,0215;0,9655;0,9663;85,0198
0,0730;-0,0278;1,0109;1,0139;85,0832
0,1120;-0,0234;0,9907;0,9972;85,1411
0,1606;-0,0073;0,8369;0,8522;85,2002
0,1879;-0,0632;0,5240;0,5603;85,2603
0,1262;-0,0344;0,8445;0,8545;85,3203
0,2673;-0,0383;0,7512;0,7983;85,3821
0,0610;-0,0815;1,4641;1,4677;85,4405
0,2765;-0,0422;1,0168;1,0546;85,5000
0,1208;-0,0337;1,0263;1,0339;85,5601
0,0764;-0,0281;1,0446;1,0478;85,6241
0,0617;0,0188;1,0070;1,0091;85,6807
0,0403;-0,0078;1,1842;1,1849;85,7400
0,1179;0,0215;1,1710;1,1771;85,7998
0,0022;0,0434;0,9370;0,9380;85,8606
0,0442;-0,0439;0,7271;0,7297;85,9209
0,1303;-0,0251;0,8628;0,8729;85,9800
0,0757;-0,0412;0,9907;0,9944;86,0395
0,1318;-0,0039;0,9272;0,9365;86,1045
0,1491;-0,0010;0,9260;0,9379;86,1598
0,0918;-0,0088;0,8711;0,8759;86,2201
0,1172;-0,0159;0,8369;0,8452;86,2816
0,1279;-0,0442;0,9663;0,9757;86,3401
-0,0454;0,0085;1,2008;1,2017;86,3998
0,3153;-0,0227;1,1412;1,1842;86,4631
0,1250;-0,0334;1,0226;1,0308;86,5200
0,1084;-0,0242;1,0243;1,0303;86,5851
0,0737;-0,0171;0,9936;0,9965;86,6396
0,0930;-0,0315;1,1569;1,1610;86,6999
0,0500;-0,0054;1,1356;1,1367;86,7597
0,1447;0,0005;1,2023;1,2109;86,8207
-0,2033;-0,0088;0,5765;0,6113;86,8803
0,1318;0,0339;1,1181;1,1263;86,9398
0,1186;-0,0317;0,8842;0,8927;86,9994
0,0849;-0,0376;1,0263;1,0305;87,0614
0,0957;-0,0434;1,0202;1,0256;87,1198
0,1079;-0,0286;0,9907;0,9969;87,1794
0,1704;0,0142;0,9201;0,9359;87,2396
0,0840;0,0359;0,8044;0,8096;87,3007
0,1159;-0,0334;0,9191;0,9270;87,3598
0,0041;-0,0051;1,1910;1,1911;87,4204
0,3051;-0,1020;1,8554;1,8831;87,4800
0,2070;-0,0459;1,0793;1,0999;87,5402
0,1076;-0,0332;0,9948;1,0012;87,5995
0,0681;-0,0303;0,9726;0,9754;87,6595
0,1020;-0,0266;1,1110;1,1160;87,7219
0,0681;-0,0254;1,1854;1,1876;87,7795
0,2131;-0,0073;1,0990;1,1195;87,8408
0,0837;-0,0278;1,1142;1,1176;87,9093
0,1296;-0,0054;1,0121;1,0204;87,9614
0,1423;0,0066;0,8144;0,8268;88,0210
0,0588;-0,0207;0,9128;0,9149;88,0807
0,0754;-0,0217;1,0012;1,0042;88,1405
0,1584;0,0063;0,8943;0,9082;88,2006
0,0124;-0,0203;1,0876;1,0878;88,2607
0,1264;-0,0012;0,6194;0,6322;88,3205
0,1186;-0,0181;0,9602;0,9676;88,3827
0,2323;-0,0159;1,0241;1,0502;88,4404
0,0810;-0,0107;1,3050;1,3076;88,5006
0,2765;-0,0525;1,1425;1,1766;88,5602
0,1067;-0,0373;0,9770;0,9835;88,6203
0,0864;-0,0308;0,9836;0,9878;88,6829
0,0835;-0,0395;1,0414;1,0455;88,7397
0,0261;-0,0144;1,0080;1,0084;88,7998
-0,0320;-0,0049;1,0783;1,0788;88,8649
0,0779;-0,0176;1,0402;1,0433;88,9250
0,1870;-0,0034;0,9836;1,0012;88,9806
0,0757;0,0032;0,6790;0,6832;89,0402
0,0874;-0,0242;0,9101;0,9146;89,1002
0,0571;-0,0334;1,0073;1,0094;89,1618
0,1001;-0,0242;1,0058;1,0110;89,2198
0,1325;-0,0154;0,9597;0,9689;89,2807
0,0635;-0,0010;0,8291;0,8315;89,3435
0,0535;-0,0041;0,7417;0,7436;89,4004
0,0879;0,0386;0,8032;0,8089;89,4601
0,1084;0,0156;1,2386;1,2435;89,5202
0,2077;-0,0137;1,2506;1,2678;89,5800
0,0874;-0,0139;0,9985;1,0024;89,6462
0,0403;-0,0156;0,9638;0,9648;89,7002
0,0725;-0,0200;1,0827;1,0853;89,7600
0,0342;-0,0083;1,1632;1,1637;89,8199
0,0017;-0,0339;0,9309;0,9315;89,8802
0,0051;-0,0044;1,0177;1,0178;89,9407
0,1535;0,0029;0,9087;0,9215;90,0079
-0,1974;-0,0032;0,1489;0,2473;90,0601
0,0542;-0,0210;0,9228;0,9246;90,1208
0,0410;-0,0239;0,9975;0,9986;90,1800
0,0927;-0,0156;1,0119;1,0163;90,2399
0,0847;-0,0205;0,9880;0,9918;90,3002
0,1416;-0,0193;0,7712;0,7844;90,3602
0,1242;-0,0337;0,9018;0,9110;90,4200
0,1086;-0,0520;0,8652;0,8735;90,4848
-0,0659;-0,0054;1,3599;1,3615;90,5402
0,0500;-0,0195;1,0500;1,0513;90,6005
0,0813;-0,0329;1,0680;1,0716;90,6609
0,1411;-0,0261;1,1273;1,1364;90,7200
0,0537;-0,0173;1,0080;1,0096;90,7809
0,0303;-0,0254;1,1088;1,1095;90,8398
0,0146;-0,0129;1,0756;1,0758;90,9003
0,0720;0,0405;1,0290;1,0323;90,9611
0,0923;0,0085;1,2045;1,2080;91,0208
0,1987;-0,0190;1,1325;1,1499;91,0806
0,1001;-0,0137;0,8957;0,9014;91,1424
0,0434;-0,0164;0,9728;0,9739;91,1999
0,0988;-0,0073;1,0112;1,0160;91,2601
0,1118;-0,0029;0,9689;0,9754;91,3233
0,1276;-0,0151;0,9130;0,9220;91,3810
0,1145;-0,0222;0,6011;0,6123;91,4398
0,1035;-0,0103;0,9501;0,9558;91,4996
-0,0432;0,0325;1,5571;1,5581;91,5599
0,0044;0,0412;2,1380;2,1384;91,6237
0,1643;-0,0266;1,0968;1,1094;91,6863
0,0952;-0,0268;0,9911;0,9961;91,7401
0,1513;-0,0244;1,1081;1,1186;91,8028
-0,0325;-0,0605;0,9389;0,9414;91,8601
-0,0041;-0,0334;0,9699;0,9705;91,9197
0,0718;-0,0334;1,0492;1,0522;91,9831
0,0874;-0,0095;0,9826;0,9865;92,0405
0,1957;-0,0142;0,7993;0,8231;92,0996
0,0503;-0,0090;0,8999;0,9013;92,1619
0,0456;-0,0129;0,9897;0,9908;92,2214
0,1213;-0,0100;0,9792;0,9867;92,2795
0,1450;-0,0144;0,8584;0,8707;92,3398
0,1386;-0,0727;0,4188;0,4471;92,3991
-0,1264;-0,0229;1,2069;1,2137;92,4590
-0,0774;-0,0061;1,3619;1,3641;92,5208
0,0700;-0,0078;0,9902;0,9927;92,5833
0,1513;-0,0334;1,0470;1,0584;92,6413
0,1054;-0,0310;1,0292;1,0351;92,7000
0,0617;-0,0322;1,0380;1,0403;92,7594
-0,0139;-0,0151;0,9404;0,9406;92,8195
0,0566;-0,0151;1,1708;1,1722;92,8853
0,1830;-0,0266;1,1544;1,1692;92,9387
-0,1528;-0,0312;0,6587;0,6769;92,9992
-0,1325;-0,0237;0,6687;0,6822;93,0681
0,1115;-0,0073;0,8850;0,8920;93,1193
0,0332;-0,0168;0,9865;0,9872;93,1791
0,0783;-0,0195;0,9953;0,9986;93,2401
0,1394;-0,0093;0,9907;1,0005;93,2987
-0,2956;-0,0525;1,5749;1,6033;93,3595
0,1001;0,0085;1,0138;1,0188;93,4191
0,0361;-0,0049;0,9641;0,9647;93,4792
0,0381;-0,0088;1,1559;1,1566;93,5423
0,2360;-0,0088;1,2418;1,2641;93,5987
0,1196;-0,0117;0,9933;1,0006;93,6610
0,0822;-0,0137;1,0207;1,0241;93,7194
0,0630;-0,0310;1,0273;1,0297;93,7793
0,0644;-0,0237;1,1342;1,1362;93,8406
0,0344;-0,0017;1,1464;1,1469;93,9023
0,0793;-0,0415;1,1371;1,1406;93,9597
0,1408;-0,0229;1,0600;1,0695;94,0217
-0,3314;0,0181;0,1347;0,3582;94,0815
0,1093;-0,0159;0,8330;0,8403;94,1396
0,0388;-0,0232;1,0041;1,0051;94,1993
0,1157;-0,0083;1,0158;1,0224;94,2605
0,1584;0,0046;0,8872;0,9012;94,3195
0,0852;-0,0159;0,9294;0,9334;94,3793
0,0988;-0,0437;0,8022;0,8095;94,4392
0,0840;0,0481;0,9262;0,9313;94,5006
0,1613;-0,0700;1,9877;1,9954;94,5661
0,2245;-0,0571;1,1176;1,1413;94,6191
0,1150;-0,0364;0,9858;0,9931;94,6791
0,0505;-0,0459;1,0212;1,0234;94,7387
0,0547;-0,0315;1,0683;1,0701;94,7990
0,0539;-0,0151;1,1068;1,1083;94,8756
0,1316;0,0517;1,2140;1,2222;94,9231
0,0398;-0,0054;0,9738;0,9746;94,9794
0,0781;0,0154;0,9963;0,9994;95,0405
0,0976;-0,0032;0,8606;0,8661;95,0986
0,0120;0,0100;0,9731;0,9732;95,1589
0,0473;0,0444;0,9531;0,9553;95,2207
0,1257;-0,0010;0,9748;0,9829;95,2828
0,0434;-0,0288;0,9311;0,9326;95,3390
0,0940;0,0039;0,9543;0,9589;95,3994
0,0581;0,0027;0,8271;0,8292;95,4614
0,0513;0,0674;0,9475;0,9512;95,5209
0,1328;-0,0293;1,3348;1,3417;95,5807
0,1215;-0,0376;1,0893;1,0967;95,6397
-0,0164;-0,0207;0,9828;0,9832;95,6995
0,0188;-0,0139;1,0329;1,0331;95,7631
0,0469;0,0237;1,0724;1,0737;95,8195
-0,0234;0,0637;1,1715;1,1735;95,8800
0,0696;0,0351;1,1398;1,1424;95,9450
0,0210;0,0486;0,9785;0,9799;95,9996
0,0361;0,0085;0,5872;0,5884;96,0601
0,0193;0,0068;0,9580;0,9582;96,1197
0,0188;-0,0066;1,0038;1,0040;96,1798
0,0771;0,0041;0,9946;0,9976;96,2404
0,0822;0,0085;0,9501;0,9537;96,2995
0,0940;0,0124;0,8039;0,8095;96,3591
0,0273;0,0149;0,9150;0,9155;96,4203
0,1757;0,0144;1,3109;1,3227;96,4807
0,0698;-0,0971;1,6408;1,6452;96,5404
0,1423;-0,0276;1,0900;1,0996;96,6021
0,0556;-0,0107;0,9907;0,9923;96,6592
0,0681;-0,0093;1,0380;1,0403;96,7197
-0,0788;0,0300;0,9704;0,9741;96,7794
0,0085;0,0242;1,0885;1,0888;96,8387
0,0903;0,0461;1,1386;1,1431;96,8988
0,0122;0,0430;0,9975;0,9985;96,9595
0,0620;0,0317;1,1803;1,1823;97,0237
0,0713;-0,0100;0,7539;0,7573;97,0786
-0,0005;-0,0090;0,9907;0,9907;97,1393
0,0127;-0,0110;1,0202;1,0203;97,2050
0,1091;0,0151;0,9643;0,9706;97,2596
0,1108;0,0259;0,9406;0,9475;97,3195
0,0347;0,0281;1,0285;1,0295;97,3792
0,1137;0,0085;0,6951;0,7044;97,4397
-0,1320;0,0342;1,6506;1,6562;97,5011
0,0659;0,0569;1,8771;1,8791;97,5593
0,1813;0,0168;1,2008;1,2145;97,6187
0,1042;0,0024;0,9977;1,0032;97,6820
0,0842;0,0085;1,0710;1,0743;97,7393
0,0085;0,0051;1,0097;1,0097;97,7999
0,0181;0,0410;1,0836;1,0846;97,8604
0,0505;0,0310;1,1139;1,1155;97,9219
0,1098;0,0803;1,1620;1,1699;97,9803
0,0935;0,1157;1,3441;1,3523;98,0444
-0,0342;0,0210;0,6851;0,6863;98,0998
0,0400;0,0066;0,9494;0,9503;98,1616
0,0532;0,0010;0,9994;1,0009;98,2202
0,1081;-0,0107;1,0990;1,1044;98,2807
0,1259;0,0037;0,9709;0,9790;98,3403
0,1174;0,0027;0,9536;0,9608;98,4011
0,1223;-0,0168;0,8547;0,8636;98,4601
0,0952;0,0068;0,8921;0,8971;98,5208
0,0591;0,0779;2,0047;2,0071;98,5867
0,2624;0,0029;1,2477;1,2750;98,6408
0,1667;-0,0168;1,0229;1,0365;98,7001
0,0910;-0,0200;0,9882;0,9926;98,7628
0,0439;-0,0261;1,0134;1,0146;98,8241
0,0808;-0,0288;1,1749;1,1781;98,8810
0,0129;-0,0200;1,0829;1,0832;98,9405
0,0422;-0,0181;1,0387;1,0398;99,0017
0,0927;-0,0105;1,0873;1,0913;99,0597
0,0076;-0,0066;0,6053;0,6054;99,1225
0,0847;-0,0278;0,8913;0,8958;99,1796
0,0715;-0,0315;1,0158;1,0188;99,2398
0,1162;-0,0256;1,0138;1,0208;99,3055
0,1394;-0,0120;0,9626;0,9727;99,3606
0,1215;0,0002;0,7717;0,7812;99,4205
0,1120;-0,0098;0,8218;0,8294;99,4798
0,1001;0,0083;0,8664;0,8722;99,5426
0,3334;-0,0874;1,8856;1,9169;99,6001
0,2746;-0,0212;1,1207;1,1541;99,6631
0,1394;-0,0120;0,9880;0,9978;99,7196
0,2441;-0,0066;1,1657;1,1909;99,7814
0,0744;-0,0056;0,9733;0,9762;99,8425
0,0588;-0,0146;1,0646;1,0663;99,9003
0,0378;-0,0517;1,0683;1,0702;99,9618
0,0769;-0,0298;1,0688;1,0719;100,0200
-0,0803;-0,0378;0,7647;0,7698;100,0794
-0,1047;-0,0498;0,6785;0,6883;100,1404
0,0849;-0,0207;0,8679;0,8723;100,2007
0,0644;-0,0242;0,9787;0,9811;100,2599
0,1081;-0,0329;0,9914;0,9978;100,3200
0,2538;-0,0063;0,7046;0,7490;100,3828
0,1525;-0,0337;0,8842;0,8979;100,4403
0,1262;-0,0244;0,8633;0,8728;100,5003
0,1650;-0,0020;0,9987;1,0123;100,5595
0,1999;-0,0120;1,1146;1,1325;100,6232
0,1479;0,0122;0,9907;1,0017;100,6794
0,1726;-0,0171;1,0453;1,0596;100,7394
0,1411;-0,0134;1,0143;1,0242;100,7996
0,0974;-0,0190;0,9758;0,9808;100,8595
0,0815;-0,0063;1,0780;1,0811;100,9303
0,0549;-0,0046;1,0268;1,0283;100,9791
0,0905;-0,0041;1,1024;1,1062;101,0405
0,1923;-0,0039;1,0597;1,0770;101,1026
0,0207;-0,0090;0,4313;0,4319;101,1597
0,1076;-0,0037;0,9462;0,9523;101,2202
0,0891;-0,0278;0,9907;0,9950;101,2800
0,1569;-0,0249;0,9968;1,0093;101,3392
0,1564;-0,0295;0,9284;0,9420;101,3993
0,1142;-0,0522;0,6331;0,6454;101,4598
0,1877;-0,0635;0,9680;0,9880;101,5196
0,2021;-0,0251;0,9941;1,0147;101,5792
0,1711;-0,0181;1,0531;1,0671;101,6390
0,2365;-0,0122;1,0998;1,1250;101,7015
0,1503;-0,0144;0,9850;0,9966;101,7597
0,1198;-0,0173;0,9907;0,9980;101,8192
0,0744;-0,0327;1,1027;1,1057;101,8790
0,0801;-0,0391;1,1286;1,1321;101,9408
0,1247;-0,0271;1,3267;1,3329;102,0010
-0,1545;-0,0554;0,7000;0,7190;102,0592
0,2529;-0,0144;1,1142;1,1426;102,1193
0,1181;-0,0005;0,9038;0,9115;102,1795
0,0432;-0,0300;0,9704;0,9718;102,2394
0,1093;-0,0268;0,9909;0,9973;102,3007
0,1643;-0,0239;0,9133;0,9283;102,3597
0,1286;-0,0378;0,8227;0,8336;102,4193
0,1203;-0,0395;0,8679;0,8771;102,4803
0,1318;-0,0110;1,0229;1,0314;102,5411
0,2070;-0,0059;1,1552;1,1736;102,6073
0,1284;0,0085;0,9765;0,9849;102,6625
0,1596;-0,0090;1,0263;1,0387;102,7205
0,0776;-0,0188;0,9916;0,9948;102,7821
0,1069;-0,0110;1,0544;1,0598;102,8395
0,0696;-0,0124;1,0485;1,0509;102,9002
0,0461;0,0085;1,1083;1,1093;102,9606
-0,0242;0,0261;0,9960;0,9967;103,0223
0,1928;0,0195;0,9597;0,9790;103,0800
-0,2197;0,0002;-0,0837;0,2351;103,1411
0,0881;0,0083;0,9289;0,9331;103,2060
0,0554;-0,0071;0,9897;0,9913;103,2618
0,1323;0,0054;1,0236;1,0321;103,3198
0,1530;0,0015;0,9880;0,9998;103,3806
0,1647;-0,0154;0,7732;0,7907;103,4414
0,1379;-0,0032;0,9980;1,0075;103,5005
0,1010;0,0088;0,9870;0,9922;103,5609
0,1913;-0,0290;0,7893;0,8127;103,6206
0,1974;-0,0168;1,6284;1,6404;103,6796
0,2077;-0,0225;1,0883;1,1082;103,7397
0,1452;-0,0207;1,0226;1,0331;103,8040
0,1213;-0,0190;1,0392;1,0465;103,8600
0,0840;-0,0112;1,1508;1,1539;103,9235
0,0315;-0,0203;0,9223;0,9231;103,9798
0,0161;0,0110;1,0038;1,0040;104,0416
0,1884;-0,0022;1,2269;1,2413;104,0997
0,2961;-0,0059;1,1805;1,2171;104,1600
0,1030;0,0127;0,9206;0,9264;104,2197
0,0715;-0,0049;0,9797;0,9823;104,2803
0,1279;0,0005;0,9909;0,9991;104,3400
0,1472;-0,0100;0,9841;0,9951;104,3997
0,1098;-0,0120;0,8791;0,8860;104,4615
0,1398;-0,0029;0,8059;0,8180;104,5194
0,1233;-0,0146;0,7954;0,8050;104,5807
0,1728;0,0029;1,2696;1,2813;104,6437
0,2460;-0,0122;1,2416;1,2658;104,7007
0,1508;-0,0171;1,0063;1,0177;104,7601
0,1982;-0,0300;1,1229;1,1407;104,8208
0,0844;-0,0146;1,1788;1,1819;104,8796
0,1089;0,0195;1,2264;1,2314;104,9434
0,1181;0,0017;1,0954;1,1017;104,9994
-0,2277;0,0076;0,4379;0,4936;105,0600
0,0942;0,0122;0,8667;0,8719;105,1204
0,0164;-0,0198;1,0060;1,0064;105,1792
0,1113;-0,0095;0,9909;0,9972;105,2398
0,1513;-0,0193;0,9462;0,9585;105,2999
0,1398;-0,0351;1,0109;1,0211;105,3597
0,1384;-0,0168;0,9099;0,9205;105,4208
0,1418;-0,0476;0,9860;0,9973;105,4855
0,1940;-0,0286;0,9440;0,9642;105,5397
0,1530;-0,0234;1,0307;1,0422;105,5992
0,1938;-0,0378;1,0300;1,0487;105,6603
0,2184;-0,0303;1,0719;1,0944;105,7197
0,0542;-0,0520;1,0204;1,0232;105,7795
0,0774;-0,0173;1,1281;1,1308;105,8397
0,0239;-0,0105;1,0287;1,0291;105,8992
0,1923;-0,0354;1,1986;1,2144;105,9601
-0,1425;-0,0500;0,6517;0,6689;106,0205
0,1193;-0,0386;0,9270;0,9354;106,0818
0,0669;-0,0310;0,9765;0,9793;106,1391
0,1186;-0,0156;1,0031;1,0102;106,2013
0,2323;-0,0188;0,9763;1,0037;106,2620
0,1525;-0,0329;1,0375;1,0492;106,3191
0,0991;0,0249;0,6751;0,6828;106,3794
-0,0276;0,0544;1,0280;1,0298;106,4391
-0,0098;-0,0386;0,9870;0,9878;106,4998
0,2087;-0,0242;1,0551;1,0758;106,5635
0,1423;-0,0381;1,0185;1,0291;106,6210
0,1262;-0,0378;0,9911;0,9999;106,6794
0,0466;-0,0598;0,9611;0,9641;106,7388
0,1130;-0,0395;1,1759;1,1820;106,7990
0,0459;-0,0503;1,0002;1,0025;106,8623
0,0559;-0,0100;0,9365;0,9382;106,9204
0,2111;-0,0063;0,7197;0,7501;106,9795
0,0725;-0,0290;0,8877;0,8911;107,0393
0,0920;-0,0339;0,9904;0,9953;107,0999
0,1730;-0,0171;0,9631;0,9787;107,1594
0,1723;-0,0522;0,9965;1,0127;107,2193
0,0954;-0,0290;0,7810;0,7874;107,2786
0,2946;0,0073;0,4525;0,5400;107,3397
-0,1150;-0,0508;1,1937;1,2003;107,4033
-0,0017;-0,0520;0,8581;0,8597;107,4590
0,2841;-0,0498;1,0844;1,1221;107,5188
0,1616;-0,0427;0,9985;1,0124;107,5795
0,1557;-0,0337;1,0116;1,0241;107,6390
0,1159;-0,0410;1,0160;1,0235;107,6986
0,0969;-0,0161;1,1024;1,1068;107,7590
0,0930;0,0090;0,9892;0,9936;107,8189
-0,0124;-0,0129;0,9484;0,9486;107,8799
0,2236;-0,0024;1,2733;1,2928;107,9409
0,1879;-0,0439;1,0397;1,0575;107,9987
0,1345;-0,0517;0,9448;0,9557;108,0586
0,0698;-0,0422;0,9726;0,9760;108,1192
0,1074;-0,0408;1,0097;1,0162;108,1793
0,1977;-0,0176;0,7600;0,7855;108,2396
0,1767;-0,0315;1,0278;1,0433;108,2988
0,1640;-0,0305;0,9911;1,0051;108,3589
0,1467;-0,0676;0,9018;0,9162;108,4198
0,2448;-0,0212;0,9599;0,9909;108,4786
0,1447;-0,0391;1,2584;1,2673;108,5394
0,1830;-0,0115;1,0651;1,0808;108,5987
0,1098;-0,0093;0,9941;1,0002;108,6597
-0,0737;-0,0698;0,9863;0,9915;108,7186
0,1208;-0,0122;1,1810;1,1873;108,7787
0,1838;-0,0259;1,2499;1,2636;108,8388
-0,1252;-0,0251;0,7061;0,7175;108,8985
0,2597;-0,0081;1,1068;1,1369;108,9586
0,1174;-0,0168;0,8696;0,8777;109,0199
0,0544;-0,0412;0,9809;0,9833;109,0808
0,1093;-0,0371;0,9960;1,0027;109,1383
0,1684;-0,0408;0,9528;0,9685;109,1985
0,1411;-0,0408;0,8755;0,8877;109,2593
0,1469;-0,0349;0,8637;0,8768;109,3185
0,0049;-0,0139;1,0732;1,0733;109,3787
0,1511;-0,0554;0,5718;0,5941;109,4393
-0,0608;-0,0268;0,8057;0,8084;109,4984
0,2995;-0,0430;1,0719;1,1138;109,5600
0,1464;-0,0329;1,0160;1,0271;109,6195
0,1447;-0,0203;1,1034;1,1131;109,6784
0,0757;0,0063;1,0878;1,0904;109,7385
0,0693;0,0195;1,1510;1,1533;109,7983
0,1325;-0,0041;1,0880;1,0961;109,8601
0,0232;0,0530;0,9345;0,9363;109,9242
-0,0776;-0,0305;0,6224;0,6279;109,9796
0,1079;-0,0405;0,9894;0,9961;110,0403
0,0605;-0,0359;0,9746;0,9771;110,1001
0,1269;-0,0281;1,0116;1,0200;110,1667
0,0822;-0,0190;0,9362;0,9400;110,2196
0,1491;-0,0312;0,7376;0,7531;110,2789
0,1320;-0,0129;0,9577;0,9669;110,3399
0,0864;-0,0286;0,8657;0,8705;110,4000
0,0566;0,0100;1,1986;1,2000;110,4629
0,2753;-0,0146;1,1188;1,1523;110,5198
0,1899;-0,0403;1,1098;1,1266;110,5815
0,1381;-0,0295;0,9963;1,0062;110,6466
0,1067;-0,0124;1,0412;1,0467;110,6992
0,0693;-0,0234;1,1593;1,1616;110,7591
0,1987;0,0132;1,1171;1,1347;110,8191
0,0783;0,0295;1,0417;1,0450;110,8783
0,0896;0,0303;0,9909;0,9954;110,9409
0,1474;0,0139;0,8650;0,8775;110,9998
0,0476;-0,0200;1,0092;1,0105;111,0645
0,0920;-0,0124;0,9787;0,9831;111,1195
0,1872;0,0491;0,8833;0,9042;111,1799
0,1308;0,0083;0,9687;0,9775;111,2410
0,1242;-0,0122;0,8225;0,8319;111,3017
0,1352;-0,0295;0,9577;0,9677;111,3626
0,0805;0,0142;1,2491;1,2518;111,4190
0,2975;-0,0076;1,1527;1,1905;111,4800
0,1411;-0,0124;1,0016;1,0116;111,5415
0,1108;-0,0066;1,0029;1,0090;111,6016
0,1206;-0,0220;1,0212;1,0285;111,6596
0,0949;-0,0083;1,0673;1,0715;111,7187
0,0932;-0,0039;1,1881;1,1918;111,7789
0,0718;0,0220;1,0392;1,0419;111,8428
0,1938;-0,0176;1,1198;1,1365;111,8991
0,2670;0,0095;1,0778;1,1104;111,9624
0,1218;-0,0071;0,9189;0,9270;112,0216
0,0615;-0,0232;1,0090;1,0111;112,0782
0,1289;-0,0124;1,0002;1,0085;112,1389
0,1508;0,0032;0,9062;0,9187;112,1992
0,1115;0,0090;0,7778;0,7858;112,2589
0,1345;-0,0483;0,9277;0,9386;112,3196
0,1291;-0,0212;0,9082;0,9175;112,3792
0,1835;-0,0820;0,6619;0,6918;112,4397
-0,0237;-0,0452;0,8386;0,8402;112,4982
0,2521;-0,0378;1,0148;1,0464;112,5587
0,1164;-0,0308;1,0353;1,0423;112,6204
0,1855;-0,0254;1,0941;1,1100;112,6789
-0,1535;-0,0076;0,7971;0,8118;112,7386
0,0808;0,0247;1,0724;1,0757;112,7987
0,1311;0,0183;1,2145;1,2217;112,8587
0,0915;-0,0122;1,0536;1,0577;112,9185
0,1342;-0,0266;1,0019;1,0112;112,9831
0,1601;-0,0054;0,8108;0,8265;113,0398
0,0666;-0,0349;0,9780;0,9809;113,0984
0,0686;-0,0442;0,9846;0,9879;113,1586
0,1769;-0,0381;0,7705;0,7915;113,2199
0,1223;-0,0566;0,8991;0,9092;113,2819
0,0820;-0,0583;0,9953;1,0004;113,3388
0,0969;-0,0078;0,9108;0,9160;113,3991
0,0547;-0,0002;1,2294;1,2306;113,4640
0,0444;0,0110;0,9882;0,9893;113,5242
0,1464;-0,0334;1,0334;1,0442;113,5788
0,1130;-0,0420;1,0126;1,0198;113,6385
0,0813;-0,0547;1,0448;1,0494;113,7009
0,0586;-0,0439;1,1200;1,1224;113,7580
-0,0198;-0,0732;1,1603;1,1628;113,8191
0,0703;-0,0442;1,0675;1,0708;113,8789
0,1389;-0,0195;1,0297;1,0392;113,9403
0,1403;-0,0083;1,0065;1,0163;113,9980
0,0647;-0,0115;0,9299;0,9322;114,0593
0,0078;-0,0425;1,0131;1,0140;114,1182
0,0393;-0,0444;1,0104;1,0122;114,1783
0,1125;0,0159;0,8691;0,8765;114,2454
0,0813;-0,0146;0,9750;0,9785;114,2978
0,1128;0,0020;1,0251;1,0313;114,3581
0,0798;0,0266;1,2203;1,2232;114,4184
0,1784;-0,0073;0,6621;0,6858;114,4806
-0,0444;-0,0347;1,1159;1,1173;114,5384
0,1240;-0,0093;1,0634;1,0706;114,5978
0,0449;-0,0164;0,9907;0,9918;114,6580
-0,0212;-0,0349;1,0029;1,0037;114,7228
0,0137;-0,0342;1,1088;1,1094;114,7793
-0,0134;-0,0659;1,0927;1,0947;114,8385
0,0271;-0,0452;1,0966;1,0978;114,8982
0,0027;-0,0310;0,9504;0,9509;114,9601
-0,1560;0,0188;0,2641;0,3073;115,0197
0,0298;0,0017;0,9133;0,9138;115,0779
0,0105;-0,0051;0,9872;0,9873;115,1380
0,1089;0,0034;0,8777;0,8844;115,1981
0,0862;-0,0251;1,0148;1,0188;115,2592
-0,0032;-0,0293;0,7161;0,7167;115,3184
0,1132;0,0500;0,9077;0,9161;115,3777
0,1442;-0,0185;1,0905;1,1001;115,4381
0,2148;0,0264;1,6606;1,6747;115,5053
0,1567;-0,0229;1,1002;1,1116;115,5584
0,1164;-0,0200;1,0241;1,0309;115,6181
0,0874;-0,0203;1,0034;1,0074;115,6780
0,0002;-0,0132;1,0321;1,0322;115,7385
0,0271;0,0156;1,0712;1,0717;115,7974
0,0432;0,0078;0,9868;0,9877;115,8579
0,0437;0,0117;1,0590;1,0600;115,9179
0,0927;0,0012;1,1117;1,1156;115,9812
0,1074;0,0308;0,7598;0,7679;116,0379
0,0410;-0,0046;0,9777;0,9786;116,0985
0,0461;-0,0300;1,0095;1,0110;116,1600
0,0991;0,0127;0,9645;0,9697;116,2178
0,0852;0,0085;0,7898;0,7944;116,2779
0,0754;-0,0442;0,8357;0,8402;116,3391
0,0622;0,0332;0,8157;0,8187;116,4009
0,1096;-0,0095;0,4422;0,4557;116,4582
0,0032;-0,0351;1,0348;1,0354;116,5179
0,1852;-0,0410;1,2442;1,2586;116,5775
0,1494;-0,0234;1,0700;1,0806;116,6380
0,0910;-0,0322;1,0397;1,0442;116,6977
0,0456;-0,0024;1,2757;1,2765;116,7578
0,1084;0,0159;1,1159;1,1212;116,8212
0,0227;0,0303;1,0292;1,0299;116,8795
0,0786;0,0178;0,9736;0,9769;116,9418
0,0500;-0,0068;0,8325;0,8340;116,9977
-0,0139;-0,0264;0,9907;0,9911;117,0587
0,0481;-0,0185;1,0065;1,0078;117,1189
0,0754;-0,0154;0,9926;0,9956;117,1777
0,0949;-0,0090;0,9721;0,9768;117,2378
0,0554;-0,0051;0,6746;0,6769;117,3019
0,0686;-0,0112;0,8572;0,8600;117,3589
0,0434;0,0247;0,9487;0,9500;117,4179
0,0544;-0,0281;1,1391;1,1407;117,4782
0,1984;-0,0095;1,0732;1,0914;117,5387
0,1328;-0,0183;1,0397;1,0483;117,6014
0,0827;-0,0205;0,9916;0,9953;117,6602
0,0605;-0,0198;1,0207;1,0227;117,7184
0,0808;-0,0068;1,1105;1,1135;117,7775
0,0266;0,0098;1,1032;1,1035;117,8386
-0,1113;-0,0461;0,7022;0,7124;117,9003
0,0613;0,0310;1,0680;1,0702;117,9587
0,0671;0,0305;1,0219;1,0246;118,0184
0,0688;0,0020;0,8877;0,8903;118,0785
0,0090;-0,0103;0,9982;0,9983;118,1395
0,0600;-0,0088;0,9907;0,9925;118,1983
0,0986;-0,0056;0,9865;0,9914;118,2585
0,1286;-0,0068;0,8991;0,9083;118,3183
0,1279;0,0068;0,4027;0,4226;118,3785
0,0966;0,0017;0,8306;0,8362;118,4384
0,1350;-0,0303;1,0517;1,0607;118,4988
0,2099;-0,0996;1,7797;1,7948;118,5621
0,1994;-0,0305;1,0636;1,0826;118,6217
0,1103;-0,0164;1,0197;1,0258;118,6789
0,0937;-0,0327;1,1517;1,1560;118,7379
0,0459;0,0051;1,0783;1,0793;118,7986
0,1616;0,0203;1,1517;1,1632;118,8584
0,0456;0,0000;1,0158;1,0168;118,9181
0,0268;0,0105;0,8694;0,8698;118,9788
0,0039;0,0342;0,6531;0,6540;119,0383
0,0796;0,0149;0,9533;0,9567;119,1017
0,0200;-0,0063;0,9863;0,9865;119,1616
0,0744;-0,0039;0,9992;1,0020;119,2183
0,1057;-0,0029;0,9975;1,0031;119,2807
0,1486;-0,0103;0,7881;0,8020;119,3382
0,1110;-0,0071;0,9043;0,9111;119,3978
0,1118;-0,0293;0,9816;0,9884;119,4589
0,1272;0,0220;0,9191;0,9282;119,5196
-0,0966;-0,0803;1,2650;1,2712;119,5782
0,0381;-0,0273;1,2728;1,2737;119,6398
0,1057;-0,0393;1,0185;1,0247;119,6984
0,1008;-0,0354;1,0500;1,0554;119,7586
0,0530;-0,0334;1,0270;1,0289;119,8182
0,0364;-0,0200;1,1146;1,1154;119,8779
-0,0369;0,0171;0,8520;0,8530;119,9383
0,0693;0,0083;1,0409;1,0433;119,9994
0,0998;0,0408;0,9733;0,9793;120,0614
0,1020;0,0259;0,8625;0,8689;120,1205
0,0168;-0,0083;0,9770;0,9772;120,1774
0,0630;-0,0063;1,0009;1,0029;120,2392
0,1054;-0,0034;0,9904;0,9960;120,2984
0,1474;0,0200;0,8559;0,8688;120,3583
0,0957;-0,0139;0,6990;0,7057;120,4176
0,0971;0,0041;0,9331;0,9381;120,4801
0,0688;0,0085;0,8105;0,8135;120,5379
0,0791;0,0083;0,7466;0,7508;120,5974
0,1267;-0,1423;1,4881;1,5002;120,6582
0,1960;-0,0351;1,0068;1,0263;120,7187
0,0393;-0,0195;1,0815;1,0823;120,7787
0,1103;-0,1999;1,2062;1,2276;120,8386
0,1447;-0,1377;0,9445;0,9654;120,8979
0,2136;0,0866;0,8425;0,8735;120,9582
0,2133;0,0630;0,8969;0,9241;121,0178
0,1176;-0,0173;0,9331;0,9406;121,0777
