0,0971;-0,0525;1,0234;1,0293;0,1114
0,1142;-0,0500;0,9960;1,0038;0,1362
0,1294;-0,0478;0,9802;0,9898;0,1374
0,1303;-0,0452;0,9811;0,9908;0,1384
0,1316;-0,0517;0,9907;1,0007;0,1393
0,1298;-0,0498;0,9909;1,0006;0,3738
0,1391;-0,0505;0,9982;1,0091;0,3760
0,1291;-0,0513;1,0119;1,0214;0,3780
0,1430;-0,0535;1,0131;1,0246;0,3797
0,1425;-0,0517;1,0009;1,0123;0,3817
0,1291;-0,0571;1,0046;1,0144;0,3838
0,1511;-0,0483;0,9907;1,0033;0,3856
0,1511;-0,0459;0,9770;0,9897;0,3872
0,1274;-0,0513;0,9916;1,0011;0,3891
0,1298;-0,0522;0,9907;1,0005;0,3908
0,1333;-0,0481;0,9933;1,0034;0,3924
0,1286;-0,0549;0,9907;1,0005;0,3943
0,1108;-0,0544;1,0002;1,0078;0,3960
0,1233;-0,0566;0,9951;1,0043;0,4427
0,1316;-0,0547;0,9985;1,0086;0,4451
0,1230;-0,0530;0,9985;1,0074;0,4471
0,1228;-0,0569;0,9972;1,0064;0,4676
0,1330;-0,0554;0,9828;0,9934;0,4856
0,1252;-0,0530;1,0068;1,0159;0,5053
0,1442;-0,0495;0,9848;0,9965;0,5282
0,1494;-0,0503;0,9894;1,0019;0,5468
0,1411;-0,0530;0,9907;1,0021;0,5658
0,1452;-0,0525;0,9907;1,0026;0,5856
0,1457;-0,0508;0,9887;1,0007;0,6074
0,1311;-0,0583;0,9960;1,0063;0,6271
0,1269;-0,0581;1,0143;1,0239;0,6480
0,1247;-0,0583;1,0055;1,0149;0,6660
0,1445;-0,0576;0,9831;0,9953;0,6852
0,1303;-0,0608;0,9902;1,0006;0,7060
0,1337;-0,0564;0,9907;1,0012;0,7277
0,1394;-0,0583;0,9907;1,0021;0,7458
0,1538;-0,0564;0,9977;1,0111;0,7696
0,1550;-0,0581;0,9909;1,0046;0,7933
0,1572;-0,0535;0,9902;1,0040;0,8097
0,1611;-0,0542;0,9819;0,9965;0,8490
0,1416;-0,0576;0,9907;1,0024;0,8510
0,1418;-0,0605;1,0043;1,0161;0,8668
0,1550;-0,0598;0,9965;1,0103;0,8907
0,1726;-0,0500;0,9924;1,0085;0,9082
0,1640;-0,0574;0,9789;0,9942;0,9257
0,1684;-0,0576;0,9972;1,0130;0,9470
0,1750;-0,0566;0,9975;1,0143;0,9674
0,1691;-0,0588;0,9907;1,0067;0,9904
0,1660;-0,0603;0,9916;1,0072;1,0101
0,1730;-0,0517;0,9924;1,0087;1,0358
0,1721;-0,0571;0,9907;1,0071;1,0553
0,1735;-0,0554;0,9880;1,0046;1,0734
0,1665;-0,0574;0,9907;1,0062;1,0907
0,1677;-0,0554;0,9929;1,0084;1,1088
0,1599;-0,0574;0,9919;1,0063;1,1267
0,1696;-0,0566;0,9904;1,0064;1,1487
0,1599;-0,0598;0,9907;1,0053;1,1748
0,1633;-0,0583;0,9907;1,0057;1,1946
0,1499;-0,0581;0,9916;1,0046;1,2132
0,1564;-0,0617;0,9909;1,0051;1,2288
0,1769;-0,0544;0,9882;1,0054;1,2555
0,1652;-0,0564;0,9933;1,0086;1,2776
0,1665;-0,0596;0,9907;1,0063;1,2946
0,1696;-0,0576;0,9970;1,0130;1,3216
0,1708;-0,0544;0,9907;1,0068;1,3269
0,1586;-0,0588;0,9926;1,0069;1,3459
0,1689;-0,0571;0,9994;1,0152;1,3675
0,1623;-0,0544;0,9933;1,0080;1,3924
0,1560;-0,0564;0,9907;1,0044;1,4098
0,1384;-0,0586;1,0102;1,0213;1,4266
0,1694;-0,0491;1,0014;1,0168;1,4524
0,1696;-0,0483;0,9907;1,0062;1,4753
0,1535;-0,0510;0,9929;1,0059;1,4911
0,1564;-0,0520;1,0314;1,0445;1,5102
0,1760;-0,0574;1,0480;1,0642;1,5274
0,1391;-0,0535;1,0663;1,0767;1,5535
0,1552;-0,0691;1,1447;1,1572;1,5826
0,2221;-0,0825;1,3524;1,3730;1,5877
0,2538;-0,0962;1,4000;1,4260;1,6091
0,0342;-0,0715;1,3277;1,3301;1,6289
0,0525;-0,0539;0,9540;0,9570;1,6569
-0,0176;0,0447;1,2970;1,2978;1,6833
0,3026;0,0344;0,5972;0,6704;1,7003
0,1142;0,0161;0,6136;0,6243;1,7186
0,1896;0,0295;0,4820;0,5188;1,7368
-0,0239;0,0166;0,8027;0,8033;1,7535
-0,0578;0,0159;0,9006;0,9026;1,7710
-0,0059;0,0110;0,9623;0,9624;1,7868
0,0522;0,0090;0,9907;0,9921;1,8096
0,1135;0,0085;1,0024;1,0088;1,8273
0,1530;0,0844;0,7927;0,8118;1,8505
0,2485;0,0081;0,5465;0,6003;1,8758
0,1843;-0,0554;0,5099;0,5450;1,8965
-0,0383;-0,1067;0,9916;0,9981;1,9154
-0,0334;-0,0420;0,4227;0,4261;1,9350
0,1669;-0,1076;1,0038;1,0233;1,9519
0,1740;-0,0984;1,9430;1,9533;1,9697
0,1198;-0,1455;1,7504;1,7605;1,9963
0,1020;-0,0725;1,1586;1,1653;2,0158
0,3798;-0,0391;0,9916;1,0626;2,0355
0,3790;-0,0596;1,0387;1,1073;2,0521
0,2917;-0,0547;1,0556;1,0965;2,0706
0,1613;-0,0500;1,0207;1,0346;2,0889
0,1694;-0,0515;1,0922;1,1064;2,1069
0,1208;-0,0420;1,0024;1,0105;2,1324
0,1738;-0,0447;1,1949;1,2083;2,1540
0,2824;-0,0740;1,3997;1,4298;2,1702
0,1269;-0,0974;1,4651;1,4738;2,1868
-0,0286;-0,0278;1,2425;1,2432;2,2077
-0,3715;-0,1306;0,5848;0,7050;2,2339
0,2421;0,0420;1,4649;1,4853;2,2546
0,2160;0,1323;0,6380;0,6864;2,2774
0,3224;-0,0442;0,4210;0,5321;2,3028
0,0488;0,0232;0,6768;0,6789;2,3065
-0,0044;0,0144;0,7842;0,7843;2,3323
-0,0073;0,0098;0,9143;0,9143;2,3529
0,0361;0,0115;0,9694;0,9702;2,3700
0,0844;0,0090;1,0309;1,0344;2,3871
0,1211;0,0085;1,0099;1,0172;2,4131
0,1760;0,0103;0,8208;0,8395;2,4355
0,1352;0,0027;0,3339;0,3602;2,4528
-0,1254;-0,0647;1,1049;1,1139;2,4681
0,0378;0,0012;0,0298;0,0482;2,4876
0,5282;-0,0637;0,3331;0,6277;2,5122
-0,0320;-0,0549;1,9371;1,9382;2,5420
-0,0107;-0,0637;1,4683;1,4697;2,5641
-0,0610;-0,0505;1,1110;1,1138;2,5688
0,3451;-0,0515;1,0846;1,1394;2,5955
0,3246;-0,0708;1,0700;1,1204;2,6185
0,1665;-0,0371;1,0544;1,0681;2,6366
0,1306;-0,0337;1,0207;1,0295;2,6534
0,1049;-0,0312;1,0475;1,0532;2,6700
0,0779;-0,0185;1,1654;1,1682;2,6872
0,0959;-0,0212;1,2411;1,2450;2,7108
0,0866;-0,0547;1,4366;1,4402;2,7384
0,0639;-0,0454;1,4458;1,4480;2,7585
-0,0320;-0,0190;1,3729;1,3734;2,7760
0,2062;-0,0366;1,4541;1,4691;2,7931
0,0151;0,0774;0,7654;0,7694;2,8100
0,3339;-0,0818;0,2521;0,4263;2,8347
-0,1049;0,0088;0,4586;0,4705;2,8495
-0,0049;0,0312;0,7490;0,7497;2,8668
-0,0400;0,0234;0,9162;0,9174;2,8928
-0,0146;0,0176;0,9582;0,9585;2,9147
0,0381;0,0203;1,0248;1,0257;2,9314
0,0857;0,0173;1,0175;1,0213;2,9479
0,1264;0,0159;0,9824;0,9906;2,9675
0,3724;-0,0232;0,2614;0,4556;2,9937
0,0188;-0,0993;0,3619;0,3758;3,0214
0,0412;-0,1176;0,9680;0,9760;3,0396
-0,0276;-0,1084;0,4217;0,4363;3,0534
0,1550;0,0283;1,9745;1,9808;3,0674
0,0171;0,0434;1,5728;1,5734;3,0882
-0,0391;-0,0459;1,3687;1,3700;3,1161
0,3685;-0,0024;1,0878;1,1485;3,1371
0,3373;-0,0503;1,0797;1,1323;3,1545
0,2943;-0,0400;1,0636;1,1043;3,1722
0,1272;-0,0276;1,0383;1,0464;3,1895
0,1657;0,0137;1,0717;1,0845;3,2061
0,0908;-0,0081;1,0158;1,0199;3,2301
0,0705;-0,0371;1,1366;1,1394;3,2547
0,0842;-0,0276;1,2269;1,2301;3,2803
0,0803;-0,0444;1,2940;1,2973;3,3003
0,1269;-0,0613;1,3385;1,3458;3,3164
0,0561;-0,0217;1,3668;1,3681;3,3319
-0,0622;0,0354;1,3092;1,3111;3,3484
0,3656;-0,0410;1,3138;1,3643;3,3707
0,0788;-0,0229;0,3517;0,3612;3,3969
0,2433;-0,0303;0,5648;0,6157;3,4144
0,0342;0,0225;0,6487;0,6500;3,4291
-0,0144;0,0308;0,7527;0,7535;3,4461
-0,0505;0,0210;0,9157;0,9174;3,4696
-0,0168;0,0212;0,9907;0,9910;3,4935
0,0061;0,0183;1,0536;1,0538;3,5106
0,0088;0,0115;1,0487;1,0488;3,5270
0,0234;0,0117;0,9924;0,9927;3,5469
0,0571;0,0166;0,9863;0,9881;3,5727
0,0771;0,0190;0,9396;0,9430;3,6008
0,1330;0,0342;0,7976;0,8093;3,6232
0,3771;-0,0439;-0,0439;0,3822;3,6281
-0,6643;0,0620;1,0983;1,2851;3,6483
-0,0017;0,0066;0,1167;0,1169;3,6769
0,7688;-0,1208;0,6670;1,0250;3,7099
0,1955;-0,0278;1,8063;1,8171;3,7276
0,2929;-0,0998;1,9523;1,9766;3,7437
0,2009;0,0249;1,1627;1,1802;3,7474
0,4125;-0,0456;1,1063;1,1816;3,7689
0,3327;-0,0454;1,0714;1,1228;3,7916
0,1438;-0,0268;1,0136;1,0241;3,8089
0,4881;-0,0530;1,2850;1,3756;3,8257
0,0578;-0,0134;1,2311;1,2325;3,8505
0,0132;0,0229;1,3060;1,3063;3,8810
0,0415;0,0090;1,3082;1,3089;3,8866
0,0569;0,0051;1,2479;1,2492;3,9116
0,0032;0,0615;1,0732;1,0749;3,9313
0,0095;0,0686;0,8423;0,8451;3,9483
0,0395;-0,0508;0,0493;0,0811;3,9723
0,1172;0,0112;0,6600;0,6704;3,9954
0,0200;0,0361;0,7871;0,7882;4,0163
-0,0434;0,0239;0,8601;0,8615;4,0355
-0,0239;0,0244;0,9265;0,9271;4,0543
-0,0134;0,0176;1,0324;1,0326;4,0737
0,0032;0,0122;1,0436;1,0437;4,0907
0,0112;0,0093;1,0053;1,0054;4,1075
0,0432;0,0103;0,9980;0,9990;4,1248
0,0713;0,0159;0,9489;0,9517;4,1485
0,0905;0,0247;0,7285;0,7346;4,1730
0,2128;0,0029;0,2494;0,3279;4,1926
-0,1711;-0,0600;-0,3424;0,3875;4,2100
-0,2079;-0,0669;0,5162;0,5605;4,2368
0,2302;-0,0427;1,4339;1,4529;4,2569
0,1091;-0,2577;2,3142;2,3311;4,2746
-0,0586;-0,0056;1,2538;1,2551;4,2947
0,6321;-0,1467;0,9118;1,1192;4,3123
0,4169;-0,1213;1,0502;1,1364;4,3297
0,2109;-0,0574;1,0375;1,0603;4,3550
0,1918;-0,0610;1,1320;1,1497;4,3743
0,1172;-0,0525;1,2281;1,2348;4,3935
0,0903;-0,0195;1,2335;1,2370;4,4092
0,0488;-0,0181;1,2872;1,2882;4,4351
-0,0261;-0,0317;1,1332;1,1339;4,4569
-0,0010;-0,0674;1,2130;1,2149;4,4758
-0,0332;-0,0054;1,1984;1,1988;4,4937
0,2636;-0,0613;1,0763;1,1098;4,5110
-0,0908;-0,0134;0,3085;0,3219;4,5283
0,1438;0,0120;0,5240;0,5435;4,5536
0,0566;0,0232;0,6958;0,6985;4,5734
-0,0085;0,0183;0,8332;0,8335;4,5921
-0,0383;0,0129;0,9531;0,9539;4,6127
0,0049;0,0146;0,9980;0,9981;4,6287
0,0256;0,0098;1,0043;1,0047;4,6547
0,0422;0,0107;1,0004;1,0014;4,6720
0,0893;0,0085;0,9902;0,9942;4,6909
0,1218;0,0198;0,7847;0,7943;4,7204
0,3368;0,0000;-0,1430;0,3659;4,7445
-0,4937;-0,0947;0,3187;0,5953;4,7529
0,0974;-0,2038;0,2128;0,3103;4,7710
0,3183;-0,0139;2,2283;2,2510;4,7884
-0,0281;-0,0442;1,9938;1,9945;4,8140
0,1281;-0,0976;1,2918;1,3018;4,8350
0,5091;-0,0483;1,1107;1,2228;4,8687
-0,0173;-0,0256;1,1398;1,1402;4,9304
0,0354;0,0286;1,3936;1,3944;4,9881
0,0478;0,0154;0,8303;0,8318;5,0482
-0,0020;0,0295;0,8415;0,8421;5,1102
0,0156;0,0273;1,0136;1,0141;5,1706
0,0542;0,0083;0,9584;0,9600;5,2288
0,0347;0,0073;0,4300;0,4315;5,2885
0,2179;-0,1767;4,7885;4,7968;5,3509
0,4728;0,0022;1,0490;1,1506;5,4092
0,3246;-0,0378;1,1491;1,1946;5,4696
-0,1533;-0,0783;1,1129;1,1262;5,5288
-0,2402;0,0366;0,4981;0,5542;5,5882
0,0164;0,0359;0,7874;0,7883;5,6486
0,0378;0,0129;1,0260;1,0268;5,7087
0,1103;0,0051;0,9916;0,9978;5,7664
-0,1979;-0,0051;-0,3351;0,3892;5,8284
0,3668;-0,2565;2,8131;2,8485;5,8878
0,5945;-0,0564;1,1505;1,2963;5,9484
0,0791;-0,0730;1,1439;1,1490;6,0124
-0,2585;-0,0535;0,7786;0,8221;6,0682
0,0210;0,0085;0,7954;0,7957;6,1297
-0,1245;-0,0761;0,2538;0,2928;6,1882
0,0615;-0,0085;0,9548;0,9568;6,2500
0,1159;-0,0193;0,9499;0,9571;6,3081
-0,0749;-0,1037;0,0718;0,1467;6,3682
-0,0600;-0,0461;1,4417;1,4437;6,4286
0,2448;-0,0185;1,0893;1,1166;6,4910
-0,5455;-0,0166;0,9758;1,1180;6,5479
0,1294;-0,0183;0,8415;0,8516;6,6087
0,0783;-0,0205;0,6670;0,6719;6,6680
0,0190;-0,0137;0,9465;0,9468;6,7286
0,0647;-0,0154;0,9724;0,9746;6,7893
0,1538;0,0037;0,5289;0,5508;6,8486
-0,6631;-0,0063;1,5642;1,6990;6,9091
0,6077;-0,0059;1,2335;1,3751;6,9677
0,1887;-0,0576;1,3619;1,3761;7,0284
0,7971;-0,0703;2,0030;2,1570;7,0904
0,2487;0,0359;0,4986;0,5584;7,1479
-0,0215;0,0156;0,9711;0,9715;7,2079
0,0530;0,0107;1,0119;1,0133;7,2698
0,1491;0,0249;0,8018;0,8159;7,3276
-0,1240;0,2328;-0,3412;0,4313;7,3883
0,4659;-0,0732;1,8739;1,9324;7,4487
0,5028;0,0156;1,3814;1,4701;7,5081
-0,2182;-0,1076;1,0012;1,0303;7,5681
0,0364;0,0337;0,8706;0,8720;7,6306
0,0085;-0,0308;0,8808;0,8814;7,6900
0,0093;-0,0161;0,9799;0,9801;7,7542
0,0674;-0,0156;0,8894;0,8921;7,8079
-0,4701;0,0044;-0,8594;0,9795;7,8682
0,4388;-0,1760;1,9018;1,9596;7,9316
0,2333;0,0830;1,0068;1,0368;7,9908
0,0261;-0,0830;1,4183;1,4209;8,0480
-0,0198;0,0183;0,7093;0,7098;8,1076
0,0442;0,0063;0,7451;0,7465;8,1680
-0,0591;0,0012;0,9570;0,9588;8,2327
0,0015;-0,0007;0,9746;0,9746;8,2874
0,2587;-0,0007;0,2594;0,3664;8,3481
0,1848;-0,1316;2,9588;2,9675;8,4080
0,3446;-0,0105;1,1422;1,1931;8,4694
0,0493;-0,0564;1,1039;1,1064;8,5288
-0,3175;-0,0459;1,2313;1,2724;8,5881
-0,2741;0,0901;0,1843;0,3423;8,6491
-0,0110;-0,0005;0,8374;0,8375;8,7078
0,0054;-0,0122;1,0256;1,0256;8,7688
0,1137;-0,0054;0,8137;0,8216;8,8284
-0,0615;0,0576;0,5384;0,5450;8,8889
0,1186;-0,0327;1,3399;1,3456;8,9477
0,3588;-0,0266;1,2589;1,3093;9,0083
-0,2201;-0,0727;1,0768;1,1015;9,0687
0,0388;0,0308;1,0705;1,0716;9,1277
0,0444;0,0029;0,7666;0,7679;9,1914
-0,0276;-0,0105;0,9765;0,9769;9,2473
-0,0012;-0,0181;0,9907;0,9908;9,3075
0,2275;0,1225;0,1106;0,2810;9,3677
-0,0600;-0,0005;3,6595;3,6600;9,4272
0,3976;-0,0905;1,1261;1,1977;9,4879
0,0339;-0,0337;1,1925;1,1935;9,5503
-0,2485;-0,0442;1,1273;1,1552;9,6072
0,2126;0,0239;0,5801;0,6183;9,6679
-0,0403;-0,0088;0,9902;0,9910;9,7283
0,0007;-0,0146;1,0080;1,0081;9,7878
0,1362;-0,0022;0,7700;0,7820;9,8474
-0,5428;-0,0576;1,5156;1,6109;9,9100
0,2260;0,0378;1,1615;1,1839;9,9694
0,3212;-0,0652;1,2882;1,3292;10,0300
-0,0351;0,0220;1,5366;1,5372;10,0866
-0,1564;0,0303;0,2809;0,3230;10,1472
0,0232;0,0166;0,7390;0,7396;10,2086
-0,0408;-0,0024;1,0243;1,0252;10,2677
0,0530;0,0085;0,8564;0,8581;10,3287
-0,0281;-0,1645;0,5936;0,6166;10,4012
0,0168;-0,0520;1,4668;1,4678;10,4508
0,1782;0,0661;1,2945;1,3084;10,5082
-0,3859;-0,1438;0,9709;1,0546;10,5726
-0,1172;-0,0124;-0,0681;0,1361;10,6285
-0,0598;0,0232;0,8779;0,8802;10,6886
-0,0622;0,0149;1,0199;1,0220;10,7492
-0,0156;0,0185;0,8986;0,8990;10,8077
-0,3241;-0,1328;-0,5274;0,6331;10,8676
-0,1032;0,0073;1,8093;1,8122;10,9284
0,3202;-0,0168;1,3492;1,3868;10,9891
-0,0932;-0,1067;0,8044;0,8168;11,0542
-0,0376;0,0605;0,4452;0,4508;11,1089
0,0495;0,0039;0,7788;0,7804;11,1703
-0,0498;-0,0017;0,9636;0,9649;11,2283
-0,0203;-0,0088;0,9558;0,9560;11,2883
0,5757;0,0617;-0,5345;0,7880;11,3479
-0,0727;-0,1953;3,6700;3,6759;11,4079
0,3539;-0,0664;1,1803;1,2340;11,4725
-0,0327;-0,0740;1,2796;1,2822;11,5282
-0,3310;0,0966;0,4796;0,5907;11,5890
0,0661;0,0347;0,6480;0,6523;11,6481
-0,0818;0,0100;1,0065;1,0099;11,7081
-0,0366;-0,0022;0,9514;0,9521;11,7681
0,0220;0,0007;-0,4728;0,4733;11,8323
0,5055;-0,0232;3,0122;3,0544;11,8886
0,5003;-0,1006;1,3555;1,4484;11,9489
-3,0925;-0,0073;-1,7931;3,5748;12,0089
0,1423;-0,0437;1,5647;1,5718;12,0689
-0,0525;-0,0271;0,7871;0,7893;12,1291
-0,0866;-0,0256;0,9943;0,9984;12,1911
-0,0281;-0,0261;0,9641;0,9648;12,2479
0,2570;0,0554;-0,1721;0,3142;12,3127
0,1157;-0,0007;2,2764;2,2793;12,3680
0,3881;-0,0991;1,2779;1,3392;12,4299
-0,1662;-0,0522;1,1508;1,1639;12,4878
-0,1179;-0,0244;-0,3244;0,3460;12,5476
-0,0537;0,0227;0,9484;0,9502;12,6095
-0,0661;-0,0212;1,0563;1,0586;12,6757
-0,0276;-0,0242;0,9909;0,9916;12,7280
0,3273;0,0476;-0,3371;0,4722;12,7878
0,6509;-0,2060;3,8884;3,9479;12,8475
0,3793;-0,0605;1,2391;1,2973;12,9132
-0,2729;0,0171;1,0199;1,0560;12,9676
0,2509;-0,1152;1,8720;1,8922;13,0272
-0,0176;-0,0295;0,8079;0,8086;13,0882
-0,0298;-0,0364;1,0156;1,0166;13,1481
0,0115;-0,0334;0,9899;0,9906;13,2080
0,1662;-0,0254;0,8371;0,8539;13,2701
0,0310;-0,0391;0,2177;0,2233;13,3287
0,3412;0,0081;1,3048;1,3487;13,3871
-0,0493;-0,0200;1,4068;1,4078;13,4488
-0,2804;0,0935;0,0488;0,2996;13,5084
-0,0063;0,0085;0,7964;0,7965;13,5708
-0,0351;-0,0146;1,0307;1,0314;13,6314
0,0071;-0,0183;0,9519;0,9521;13,6878
0,2236;0,0139;-0,2431;0,3306;13,7513
-0,1093;-0,1438;3,9138;3,9180;13,8102
0,2694;-0,1037;1,1910;1,2255;13,8680
-0,6243;-0,0615;0,7427;0,9722;13,9307
-0,4640;-0,0642;0,3907;0,6100;13,9897
-0,0124;0,0159;0,7771;0,7774;14,0496
-0,0237;-0,0056;1,0153;1,0156;14,1070
0,0388;-0,0129;0,9514;0,9522;14,1738
-0,0979;0,0005;0,1230;0,1572;14,2284
0,0066;-0,0737;1,4378;1,4397;14,2890
0,5582;-0,0588;1,6726;1,7642;14,3474
-0,3600;-0,0215;0,7124;0,7985;14,4074
-0,3222;0,0427;0,9819;1,0343;14,4694
0,1028;-0,0044;0,8018;0,8083;14,5285
-0,0154;-0,0227;0,9606;0,9610;14,5877
0,0779;-0,0273;0,9638;0,9673;14,6468
-0,0122;-0,0344;0,1674;0,1714;14,7106
-0,1257;-0,0347;1,3057;1,3122;14,7676
0,1821;0,0329;1,3570;1,3696;14,8283
0,6260;-0,1867;1,8954;2,0048;14,8909
-0,1372;0,0603;0,3561;0,3863;14,9473
-0,0117;-0,0410;0,8559;0,8570;15,0071
0,0039;-0,0444;1,0251;1,0260;15,0667
0,0498;-0,0329;0,9972;0,9990;15,1323
0,0644;-0,0393;0,9894;0,9923;15,1865
-0,0078;-0,0225;-0,0517;0,0569;15,2464
0,4383;-0,0981;2,9834;3,0171;15,3103
0,4203;-0,1135;1,1459;1,2258;15,3672
0,0857;-0,0354;1,3904;1,3935;15,4278
-0,0188;0,0149;0,4415;0,4422;15,4879
0,0434;-0,0071;0,6402;0,6417;15,5469
-0,0100;-0,0283;0,9953;0,9957;15,6068
0,0132;-0,0400;1,0029;1,0037;15,6663
0,0422;-0,0308;0,9819;0,9833;15,7260
0,1296;-0,0266;0,8916;0,9013;15,7864
-0,0220;0,0093;1,0068;1,0070;15,8464
0,5196;-0,1069;1,2584;1,3656;15,9070
0,2724;-0,0164;1,3951;1,4215;15,9726
-0,0608;-0,0513;1,0119;1,0150;16,0438
-0,0888;0,0115;0,5555;0,5627;16,0914
-0,0093;-0,0256;0,8847;0,8852;16,1464
-0,0154;-0,0312;1,0246;1,0252;16,2098
0,0037;-0,0195;0,9907;0,9909;16,2678
0,0002;-0,0215;0,9804;0,9806;16,3264
0,0105;-0,0225;1,0043;1,0046;16,3874
0,0664;-0,0149;0,9746;0,9769;16,4517
-0,0203;-0,0146;0,3217;0,3226;16,5129
-0,3080;0,1213;4,9714;4,9824;16,5665
0,0325;0,0120;1,0719;1,0725;16,6291
0,3900;0,0508;1,1530;1,2182;16,6869
-0,0249;-0,0608;0,9831;0,9853;16,7466
0,1298;0,0271;0,7285;0,7405;16,8068
0,0005;-0,0578;0,9655;0,9673;16,8676
0,0127;-0,0681;1,0248;1,0272;16,9287
0,0244;-0,0505;0,9907;0,9922;16,9874
0,0068;-0,0537;0,9904;0,9919;17,0477
0,0525;-0,0471;0,9709;0,9734;17,1094
0,2802;-0,0581;0,2472;0,3782;17,1675
-0,9108;0,0329;0,8262;1,2302;17,2287
0,2150;-0,0171;1,2284;1,2472;17,2908
0,1877;-0,0617;1,2901;1,3052;17,3479
-0,0740;-0,0483;1,1720;1,1753;17,4092
-0,1584;-0,0061;0,1198;0,1987;17,4675
-0,0115;-0,0066;0,9074;0,9075;17,5292
-0,0085;-0,0268;1,0595;1,0599;17,5888
0,0110;-0,0244;0,9755;0,9759;17,6491
0,0473;-0,0146;0,9614;0,9626;17,7084
0,1809;-0,0520;0,1601;0,2471;17,7679
-0,0488;-0,0657;2,6449;2,6462;17,8279
0,2599;-0,0737;1,1849;1,2153;17,8900
0,2262;-0,0129;1,3336;1,3527;17,9478
-0,0225;-0,0693;1,3633;1,3653;18,0078
0,1882;-0,0005;0,3371;0,3860;18,0687
-0,0329;-0,0156;0,9145;0,9152;18,1272
0,0308;-0,0185;1,0419;1,0425;18,1878
0,0156;-0,0227;1,0041;1,0045;18,2491
0,0132;-0,0251;0,9431;0,9435;18,3083
0,4366;-0,0588;-0,0771;0,4473;18,3681
0,0842;0,0471;1,4524;1,4556;18,4301
-0,1101;-0,0264;0,4898;0,5027;18,4870
-0,1438;-0,0764;1,1220;1,1337;18,5485
-0,0574;-0,0349;0,8594;0,8620;18,6078
-0,1091;-0,0513;0,9575;0,9650;18,6675
-0,1030;-0,0469;1,0468;1,0529;18,7273
-0,0869;-0,1460;1,0656;1,0790;18,7875
0,3558;-0,1955;1,1127;1,1845;18,8472
0,1894;-0,1860;0,9004;0,9387;18,9102
0,0664;-0,1047;0,8152;0,8245;18,9675
-0,0676;-0,0820;0,4657;0,4776;19,0322
0,1089;-0,0081;0,5282;0,5393;19,0881
0,0017;-0,1233;1,1532;1,1598;19,1492
0,1511;-0,0576;0,9218;0,9359;19,2113
0,0881;-0,0544;1,2389;1,2432;19,2756
0,0881;0,0098;1,1185;1,1221;19,3286
0,0366;-0,0637;0,7454;0,7490;19,3889
0,0686;-0,0796;0,9589;0,9647;19,4507
0,0698;-0,0788;0,9897;0,9953;19,5081
0,0996;-0,0727;0,9506;0,9586;19,5687
-0,0681;-0,0205;0,0886;0,1136;19,6286
0,2065;-0,0290;1,6467;1,6599;19,6878
0,4540;-0,0862;1,1244;1,2156;19,7494
0,1857;-0,0754;1,2411;1,2572;19,8081
0,0254;-0,0056;1,4471;1,4473;19,8676
-1,0590;0,1611;-1,9747;2,2465;19,9278
0,0488;-0,0098;0,8781;0,8796;19,9884
0,0171;-0,0408;1,0846;1,0855;20,0545
0,0544;-0,0278;0,9933;0,9952;20,1106
0,0984;-0,0159;0,9311;0,9364;20,1678
0,0481;0,0000;0,3656;0,3688;20,2289
0,2304;0,0105;0,6426;0,6828;20,2907
0,1957;-0,0227;1,1920;1,2082;20,3480
0,1045;-0,0146;1,0944;1,0995;20,4082
0,0061;-0,0503;1,1849;1,1860;20,4711
0,0210;0,0237;0,9194;0,9199;20,5281
0,0835;-0,0056;0,7534;0,7581;20,5882
0,0159;-0,0173;0,9826;0,9829;20,6481
0,0183;0,0039;1,0348;1,0350;20,7080
0,0329;-0,0056;0,9826;0,9832;20,7698
-0,0017;-0,0247;1,0075;1,0078;20,8277
-0,0176;-0,0266;1,0029;1,0034;20,8876
0,1391;0,0085;0,2597;0,2947;20,9473
-0,1435;0,0098;0,9604;0,9711;21,0119
0,4418;-0,1501;1,1198;1,2131;21,0674
0,1362;-0,1567;1,4768;1,4914;21,1300
-0,0347;-0,0720;1,2755;1,2780;21,1874
0,0852;0,0647;0,5079;0,5190;21,2478
-0,1225;0,0007;0,9704;0,9781;21,3110
-0,0308;0,0081;1,0177;1,0182;21,3683
-0,0120;0,0029;1,0085;1,0086;21,4282
0,2726;0,0166;0,4047;0,4882;21,4878
-0,1281;-0,0552;0,1850;0,2317;21,5478
0,2255;-0,0698;1,3963;1,4161;21,6078
0,1547;-0,0366;1,1093;1,1206;21,6693
-0,0642;-0,0905;1,1949;1,2001;21,7279
0,1120;0,0354;0,6365;0,6473;21,7912
0,0037;-0,0434;0,8833;0,8843;21,8551
-0,0305;-0,0337;0,9743;0,9754;21,9083
-0,0005;-0,0266;0,9960;0,9964;21,9685
-0,0051;-0,0295;0,9907;0,9911;22,0321
0,0678;-0,0261;0,9047;0,9077;22,0874
0,1679;-0,0420;-0,1550;0,2323;22,1499
-0,1855;-0,0969;1,3880;1,4037;22,2073
0,1179;-0,0085;0,9894;0,9965;22,2678
-0,0849;-0,0918;1,1908;1,1973;22,3301
-0,1499;0,0771;0,4950;0,5229;22,3871
0,1118;0,0605;0,7090;0,7203;22,4487
-0,0852;-0,0066;1,0038;1,0075;22,5081
-0,0376;-0,0100;0,9987;0,9995;22,5671
-0,0020;-0,0056;0,9926;0,9926;22,6298
0,3490;0,0696;0,2897;0,4589;22,6880
-0,4147;0,0549;0,8196;0,9201;22,7469
0,1977;-0,0827;1,4480;1,4638;22,8073
0,0676;-0,0508;1,2945;1,2973;22,8670
-0,0803;-0,0359;1,0129;1,0167;22,9277
-0,3105;0,0637;-0,1247;0,3406;22,9875
-0,0903;0,0085;0,8545;0,8593;23,0550
-0,0617;0,0054;0,9909;0,9928;23,1093
-0,0229;0,0061;1,0007;1,0009;23,1708
0,0146;-0,0015;0,9638;0,9639;23,2283
-0,1337;-0,0286;1,1183;1,1266;23,2886
-0,1896;-0,0227;1,6086;1,6199;23,3481
0,2258;-0,0642;1,1581;1,1816;23,4083
-0,2082;-0,0727;1,0387;1,0619;23,4683
0,2009;-0,0146;1,5657;1,5786;23,5348
-0,0547;0,0056;0,8003;0,8022;23,5883
-0,0852;-0,0220;0,9907;0,9946;23,6485
-0,0683;-0,0220;1,0009;1,0035;23,7078
-0,0266;-0,0154;0,9907;0,9911;23,7690
0,0905;-0,0017;0,9279;0,9323;23,8286
0,0613;-0,0112;0,1774;0,1880;23,8882
-0,0183;-0,0452;1,3489;1,3498;23,9484
0,1057;-0,0354;1,1986;1,2038;24,0094
-0,0949;-0,0566;1,3328;1,3374;24,0679
-0,0386;0,0393;2,1439;2,1446;24,1276
-0,0735;0,0178;0,8169;0,8204;24,1924
-0,1252;-0,0049;0,9899;0,9978;24,2491
-0,0742;-0,0098;1,0075;1,0103;24,3080
-0,0222;-0,0103;0,9914;0,9917;24,3682
-0,2333;0,0056;0,7793;0,8135;24,4282
0,1345;-0,1237;1,8669;1,8758;24,4895
0,2824;-0,0869;1,2691;1,3031;24,5506
0,1296;-0,0295;1,4222;1,4284;24,6080
0,1855;0,0908;1,3770;1,3924;24,6674
0,0788;-0,0449;0,1147;0,1463;24,7293
-0,0859;0,0098;0,8816;0,8858;24,7920
-0,0473;0,0002;1,0109;1,0120;24,8472
-0,0293;0,0061;0,9909;0,9914;24,9078
0,0093;0,0024;0,9819;0,9819;24,9686
0,2519;0,0822;0,0945;0,2813;25,0277
-0,0810;0,0998;1,6592;1,6641;25,0880
0,2836;-0,1125;1,9125;1,9367;25,1500
0,0793;-0,0478;1,0741;1,0781;25,2074
-0,4130;-0,0464;0,7437;0,8519;25,2682
0,0691;0,0408;0,9797;0,9830;25,3311
0,0249;0,0349;0,7813;0,7824;25,3881
-0,0317;-0,0012;1,0326;1,0331;25,4483
0,0356;0,0039;0,9907;0,9913;25,5113
0,0913;0,0024;0,9209;0,9254;25,5717
0,0639;-0,1513;0,7605;0,7780;25,6280
-0,1328;-0,1118;1,5127;1,5226;25,6880
0,2118;-0,0432;0,9235;0,9485;25,7482
0,1098;-0,0456;1,2030;1,2089;25,8074
0,7407;-0,0315;2,0040;2,1368;25,8697
-0,2529;0,0029;0,3483;0,4304;25,9295
0,0005;-0,0132;0,8874;0,8875;25,9892
0,0129;-0,0242;1,0358;1,0362;26,0505
0,0195;-0,0227;0,9877;0,9882;26,1089
0,0652;-0,0178;0,9575;0,9598;26,1681
-0,0015;-0,0669;0,5565;0,5605;26,2293
0,3424;0,1757;2,8582;2,8840;26,2916
0,2546;-0,0835;1,2613;1,2895;26,3533
0,0066;-0,0654;1,2191;1,2209;26,4083
0,0932;0,0373;0,6953;0,7026;26,4711
-0,0432;0,0710;0,2470;0,2606;26,5294
-0,0068;-0,0305;0,9641;0,9646;26,5884
-0,0056;-0,0420;1,0395;1,0403;26,6484
0,0437;-0,0247;0,9760;0,9773;26,7093
0,0766;-0,0315;0,9318;0,9355;26,7691
-0,0188;-0,1028;0,3336;0,3496;26,8317
-0,1147;-0,0212;1,6033;1,6075;26,8881
0,2848;-0,0830;1,0226;1,0648;26,9481
-0,0276;-0,0308;1,2167;1,2174;27,0089
0,1240;-0,0342;1,1371;1,1443;27,0699
0,0298;0,0386;0,7193;0,7209;27,1282
-0,0173;0,0168;1,0121;1,0124;27,1883
0,0283;0,0127;1,0075;1,0080;27,2521
0,0310;0,0122;0,9750;0,9756;27,3105
0,0849;0,0105;0,9272;0,9311;27,3692
-0,1760;-0,0166;0,5743;0,6009;27,4283
0,5875;-0,1106;2,8216;2,8843;27,4912
0,3566;-0,0764;1,1564;1,2125;27,5512
-0,6014;-0,1328;0,7073;0,9378;27,6081
0,0605;-0,1142;0,1091;0,1692;27,6685
-0,4640;0,0905;-0,0015;0,4727;27,7331
0,0232;-0,0369;0,7756;0,7769;27,7911
0,0110;-0,0388;1,0312;1,0320;27,8495
0,0596;-0,0266;0,9785;0,9806;27,9085
0,0827;-0,0325;0,8535;0,8581;27,9686
-0,0093;-0,1030;0,1979;0,2233;28,0287
0,0207;-0,0847;1,5908;1,5932;28,0922
0,3522;-0,0508;1,0441;1,1031;28,1487
0,0783;-0,0373;1,0600;1,0635;28,2078
0,3324;-0,2441;1,5015;1,5571;28,2691
-0,5286;0,0156;-0,3737;0,6476;28,3284
0,0085;-0,0056;0,8520;0,8521;28,3915
0,0132;-0,0164;1,0270;1,0272;28,4486
0,0727;-0,0068;0,9846;0,9873;28,5080
0,2670;-0,0764;0,2060;0,3458;28,5730
0,2572;0,0190;1,3297;1,3545;28,6289
0,2951;-0,1079;1,4790;1,5120;28,6879
0,2297;-0,0591;1,1190;1,1439;28,7509
0,0932;-0,0561;1,2740;1,2787;28,8098
0,0710;-0,0229;0,9951;0,9978;28,8706
0,0627;0,0107;0,6917;0,6946;28,9274
0,0132;0,0071;1,0219;1,0220;28,9880
0,0276;-0,0037;1,0043;1,0047;29,0552
0,0293;0,0037;0,9814;0,9818;29,1082
0,1201;-0,0012;0,9458;0,9533;29,1679
-0,0254;-0,0608;0,2075;0,2177;29,2325
0,3392;0,0779;2,2727;2,2992;29,2882
0,1999;-0,0754;1,0976;1,1182;29,3478
-1,6931;-0,0132;-0,5704;1,7866;29,4081
0,3898;-0,0261;1,4824;1,5331;29,4746
0,0061;-0,0059;0,7205;0,7205;29,5284
0,0041;-0,0105;1,0473;1,0473;29,5888
0,0298;-0,0183;0,9975;0,9981;29,6486
0,0700;-0,0073;0,9780;0,9805;29,7090
0,1555;0,0046;0,7356;0,7519;29,7686
0,0920;-0,0901;0,8159;0,8260;29,8293
0,2587;-0,1428;1,9022;1,9251;29,8927
0,3536;-0,0161;0,9946;1,0557;29,9490
-0,3468;-0,0068;0,7227;0,8016;30,0088
0,1667;-0,1093;1,8036;1,8146;30,0683
0,0630;-0,0373;0,6905;0,6943;30,1280
0,0295;-0,0317;1,0265;1,0275;30,1888
0,0473;-0,0351;1,0036;1,0053;30,2489
0,0703;-0,0298;0,9750;0,9780;30,3127
0,1503;-0,0068;0,8457;0,8590;30,3721
0,1567;-0,0312;0,6746;0,6933;30,4281
0,2194;0,0071;1,7824;1,7959;30,4885
0,3036;-0,0503;0,9977;1,0441;30,5488
-0,2892;-0,1708;0,6553;0,7364;30,6082
0,1362;0,0678;0,8603;0,8737;30,6724
0,0154;0,0251;0,7898;0,7903;30,7283
-0,0173;0,0095;1,0412;1,0414;30,7893
-0,0171;0,0085;0,9931;0,9933;30,8494
0,0203;0,0105;0,9831;0,9834;30,9102
0,1179;0,0098;0,7620;0,7711;30,9710
0,0195;-0,0593;0,3766;0,3817;31,0281
0,5723;-0,2109;1,6201;1,7311;31,0885
0,4898;-0,0871;1,1427;1,2463;31,1520
0,0647;-0,0386;1,3751;1,3771;31,2082
0,0015;0,0715;0,5543;0,5589;31,2686
-0,1701;-0,0193;0,2228;0,2810;31,3299
0,0085;0,0007;0,9323;0,9324;31,3880
0,0410;-0,0076;1,0187;1,0196;31,4484
0,0305;-0,0142;1,0014;1,0020;31,5112
0,0652;-0,0129;0,9672;0,9695;31,5681
-0,1623;-0,0168;0,6648;0,6846;31,6283
0,4759;-0,0322;0,3724;0,6052;31,6883
0,2882;-0,1294;1,2706;1,3093;31,7519
0,1477;-0,0037;1,2489;1,2576;31,8084
-0,1242;0,0703;-0,1613;0,2154;31,8690
-0,0974;-0,0286;0,4986;0,5088;31,9281
0,0093;-0,0454;0,9880;0,9891;31,9886
0,0329;-0,0486;0,9982;0,9999;32,0484
0,0593;-0,0488;0,9890;0,9919;32,1085
0,0886;-0,0437;0,9472;0,9524;32,1686
0,0849;-0,1540;0,0664;0,1880;32,2277
0,1809;-0,0361;2,5273;2,5340;32,2877
0,3744;-0,0908;1,1710;1,2328;32,3480
0,0974;0,0095;1,1884;1,1924;32,4081
0,0635;0,0161;0,5604;0,5642;32,4680
-0,0793;-0,0190;0,1084;0,1356;32,5316
0,0198;0,0029;0,9360;0,9362;32,5880
0,0329;-0,0115;1,0348;1,0354;32,6482
0,0300;-0,0117;0,9899;0,9905;32,7094
0,0559;-0,0083;0,9687;0,9703;32,7672
0,3039;0,0112;0,1672;0,3470;32,8289
-0,1252;0,0347;1,5376;1,5431;32,8897
0,2275;-0,0874;1,3895;1,4107;32,9513
0,0998;-0,0244;1,1910;1,1955;33,0079
-0,0012;0,0041;1,3216;1,3216;33,0752
0,0207;-0,0476;0,6548;0,6569;33,1282
0,0098;-0,0017;0,7185;0,7186;33,1902
-0,0015;0,0024;0,9907;0,9907;33,2478
0,0207;-0,0002;0,9955;0,9958;33,3092
0,0381;0,0085;0,9787;0,9795;33,3679
0,0866;-0,0029;0,9167;0,9208;33,4278
0,0581;-0,0417;0,7517;0,7551;33,4888
-0,0359;-0,0261;1,4488;1,4494;33,5478
0,2221;-0,0310;0,9802;1,0055;33,6079
-0,0366;-0,0444;1,1061;1,1076;33,6717
-0,1450;-0,0083;1,1378;1,1471;33,7278
-0,1452;-0,0888;0,1411;0,2211;33,7900
0,0276;0,0037;0,8320;0,8325;33,8479
0,0388;-0,0093;1,0256;1,0263;33,9079
0,0661;-0,0063;0,9904;0,9926;33,9715
0,3195;-0,0332;0,1286;0,3460;34,0275
0,0720;-0,1306;0,3820;0,4100;34,0884
0,0886;-0,1059;1,3975;1,4043;34,1506
0,1113;-0,0300;1,0832;1,0893;34,2076
-0,1137;-0,0747;0,9499;0,9596;34,2673
-0,1713;0,0244;1,0993;1,1128;34,3303
0,1347;-0,0822;1,8847;1,8913;34,3875
0,0117;-0,0454;0,7124;0,7140;34,4493
0,0015;-0,0222;0,9870;0,9872;34,5076
0,0530;-0,0293;0,9824;0,9842;34,5677
0,0766;-0,0344;0,4649;0,4725;34,6276
0,5728;0,0105;1,3075;1,4275;34,6878
0,3241;-0,0229;1,2379;1,2798;34,7490
0,0913;-0,0222;1,2591;1,2626;34,8085
-0,0986;0,0725;1,2567;1,2626;34,8675
-0,1428;0,0898;0,4867;0,5151;34,9275
0,0056;0,0207;0,9072;0,9074;34,9889
0,0095;-0,0032;1,0707;1,0708;35,0521
0,0090;-0,0093;0,9936;0,9937;35,1090
0,0442;-0,0041;0,9653;0,9663;35,1693
0,2817;0,0386;0,1201;0,3086;35,2274
0,0159;-0,0676;1,3741;1,3758;35,2873
0,3068;-0,0810;1,4253;1,4602;35,3475
0,1533;-0,0200;1,2782;1,2875;35,4123
0,1599;0,0161;0,8557;0,8706;35,4692
0,1662;-0,0405;1,3673;1,3779;35,5338
-0,0159;-0,0349;0,8362;0,8370;35,5877
0,0083;-0,0249;1,0226;1,0230;35,6483
0,0312;-0,0317;0,9958;0,9968;35,7069
0,0412;-0,0151;0,9584;0,9594;35,7688
0,1938;-0,0225;0,7376;0,7629;35,8269
0,1084;-0,0315;0,9589;0,9655;35,8893
0,4191;-0,0969;1,4612;1,5232;35,9479
0,3141;-0,0639;1,3292;1,3673;36,0082
0,0447;0,0129;1,0954;1,0963;36,0712
0,0076;0,0112;0,6997;0,6999;36,1281
0,1032;-0,0478;0,6363;0,6464;36,1881
0,0347;-0,0090;0,9448;0,9455;36,2488
0,0449;-0,0200;0,9975;0,9987;36,3094
0,1030;-0,0146;0,9907;0,9961;36,3687
0,1801;0,0391;0,4942;0,5275;36,4286
0,1870;-0,1189;1,3336;1,3518;36,4882
0,3583;-0,0561;1,3526;1,4004;36,5487
0,3878;-0,0693;1,5237;1,5738;36,6080
0,0923;0,0495;1,2618;1,2662;36,6684
0,0798;-0,0561;0,5018;0,5112;36,7310
0,0073;-0,0127;0,8884;0,8885;36,7904
0,0107;-0,0132;1,0151;1,0152;36,8484
0,0400;-0,0137;0,9916;0,9925;36,9102
0,0979;-0,0110;0,9504;0,9555;36,9682
-0,1389;0,0149;0,6043;0,6202;37,0276
0,3842;-0,1152;3,1955;3,2206;37,0901
0,4069;-0,0254;1,2147;1,2813;37,1475
0,1162;-0,0366;1,2838;1,2895;37,2081
-0,0137;-0,0669;0,5799;0,5839;37,2684
-0,1074;-0,0234;0,1850;0,2152;37,3281
-0,0212;-0,0386;0,9440;0,9451;37,3877
0,0273;-0,0312;1,0104;1,0113;37,4479
0,0669;-0,0295;0,9846;0,9873;37,5117
0,0937;-0,0300;0,9028;0,9081;37,5671
0,0779;-0,0705;0,7832;0,7902;37,6279
0,4132;-0,0608;1,3565;1,4193;37,6878
0,3827;-0,0239;1,2960;1,3515;37,7493
-0,3139;-0,0500;0,8315;0,8902;37,8078
0,0115;0,0244;0,7666;0,7671;37,8680
0,0759;0,1440;0,9631;0,9767;37,9293
0,0371;0,0134;0,9118;0,9127;37,9908
0,0495;-0,0012;1,0070;1,0082;38,0518
0,0391;-0,0203;0,9907;0,9916;38,1075
0,0966;-0,0115;0,8842;0,8896;38,1683
0,0325;-0,1469;-0,7263;0,7418;38,2288
0,3556;-0,1542;2,7311;2,7585;38,2879
0,2648;-0,1791;1,1002;1,1458;38,3485
-0,0710;-0,0410;0,9404;0,9440;38,4079
0,1272;-0,1718;1,3846;1,4010;38,4680
0,0535;-0,0337;0,6919;0,6948;38,5313
0,0085;-0,0234;1,0073;1,0076;38,5879
0,0288;-0,0286;1,0248;1,0256;38,6477
0,0488;-0,0151;0,9738;0,9752;38,7073
0,0920;-0,0183;0,9733;0,9778;38,7687
0,3178;-0,0801;-0,0508;0,3316;38,8309
0,4781;-0,1286;2,7919;2,8354;38,8878
0,3471;-0,0464;1,0773;1,1328;38,9476
-1,3128;-0,0803;0,1394;1,3226;39,0083
0,1154;-0,0029;1,4402;1,4448;39,0733
0,0493;-0,0122;0,5526;0,5549;39,1281
0,0364;-0,0002;0,8791;0,8799;39,1877
0,0229;-0,0190;1,0370;1,0375;39,2478
0,0403;-0,0061;0,9780;0,9788;39,3112
0,0537;-0,0105;0,9665;0,9680;39,3684
0,3134;0,0073;0,2267;0,3869;39,4275
0,1230;0,0508;0,9257;0,9353;39,4875
0,1198;-0,0796;1,4095;1,4168;39,5478
0,4728;-0,0630;1,5100;1,5836;39,6072
-0,0715;-0,0600;1,0348;1,0390;39,6689
-0,0698;-0,0783;0,5806;0,5900;39,7275
0,0613;-0,0373;0,9087;0,9115;39,7867
0,0037;-0,0332;0,9785;0,9790;39,8477
0,0342;-0,0156;0,9872;0,9880;39,9124
0,0649;-0,0166;0,9562;0,9586;39,9672
-0,0364;-0,0505;0,2721;0,2792;40,0267
0,0481;-0,1386;2,2010;2,2059;40,0868
0,5252;-0,0708;1,2359;1,3448;40,1492
-1,5503;-0,0971;0,0303;1,5536;40,2065
0,0364;-0,0798;1,3834;1,3861;40,2667
-0,0903;0,0164;0,1176;0,1492;40,3269
0,0154;0,0007;0,8916;0,8917;40,3872
0,0132;-0,0044;1,0717;1,0718;40,4467
0,0676;0,0027;0,9592;0,9616;40,5069
0,0796;-0,0020;0,9428;0,9462;40,5694
-0,2458;-0,0552;0,1591;0,2979;40,6264
0,2758;-0,1084;1,9921;2,0140;40,6879
0,1877;-0,0832;1,1286;1,1471;40,7474
-0,1403;-0,0234;1,0854;1,0946;40,8065
-0,5252;0,0749;-0,0449;0,5324;40,8682
0,0664;-0,0039;0,6995;0,7026;40,9327
0,0254;-0,0144;1,0558;1,0562;40,9906
0,0561;-0,0039;0,9909;0,9925;41,0485
0,0422;-0,0046;0,9702;0,9711;41,1085
0,1076;-0,0027;0,9440;0,9502;41,1684
0,0268;-0,1023;0,5186;0,5293;41,2263
0,0581;-0,1550;2,2268;2,2330;41,2866
0,3793;-0,0586;1,3441;1,3978;41,3533
-0,1423;-0,1089;0,9382;0,9551;41,4064
-0,3048;-0,0486;-0,0952;0,3230;41,4669
0,0071;0,0134;0,8413;0,8414;41,5269
0,0139;-0,0007;1,0470;1,0471;41,5859
0,0132;-0,0034;1,0043;1,0044;41,6472
0,0373;-0,0020;0,9614;0,9621;41,7110
0,3000;0,0478;0,3432;0,4583;41,7676
0,0041;-0,1081;1,2835;1,2881;41,8278
0,2570;-0,0971;1,5161;1,5408;41,8870
0,0046;0,0278;1,1884;1,1887;41,9468
0,1833;-0,0093;1,4302;1,4419;42,0064
0,0371;0,0039;0,7791;0,7799;42,0743
0,0005;-0,0100;1,0295;1,0295;42,1266
0,0093;-0,0139;1,0043;1,0045;42,1862
0,0139;-0,0076;0,9750;0,9752;42,2464
0,0242;-0,0134;0,9902;0,9906;42,3106
0,0742;-0,0095;0,9907;0,9935;42,3664
-0,0854;0,0161;0,6250;0,6311;42,4261
0,4137;-0,1523;2,2876;2,3297;42,4877
0,2416;-0,0771;1,2467;1,2722;42,5459
-0,0410;-0,0591;0,8306;0,8337;42,6066
0,1233;-0,1001;0,3275;0,3640;42,6692
0,0217;-0,0149;0,9623;0,9627;42,7258
0,0459;-0,0242;1,0465;1,0478;42,7877
0,0456;-0,0151;0,9907;0,9918;42,8516
0,0466;-0,0185;0,9807;0,9819;42,9057
0,0940;-0,0171;0,9636;0,9683;42,9662
0,0842;-0,0896;0,5330;0,5470;43,0284
0,2338;0,0115;1,9945;2,0082;43,0922
0,3627;-0,0649;1,4187;1,4658;43,1461
-0,1010;-0,1154;0,7283;0,7443;43,2081
0,0395;-0,0874;0,3043;0,3191;43,2676
0,0268;-0,0168;0,9619;0,9624;43,3264
0,0403;-0,0266;1,0199;1,0211;43,3858
0,0513;-0,0176;0,9907;0,9921;43,4480
0,0747;-0,0171;0,9548;0,9578;43,5062
-0,0473;-0,0669;0,2758;0,2877;43,5657
0,1694;-0,0876;2,2783;2,2863;43,6264
0,1779;-0,1084;1,1271;1,1462;43,6890
-0,2433;-0,0222;0,9716;1,0019;43,7466
0,0137;0,0581;0,9987;1,0005;43,8071
0,0278;0,0088;0,6255;0,6262;43,8683
0,0398;-0,0654;0,9843;0,9873;43,9265
0,1689;-0,0132;1,2089;1,2207;43,9858
0,1218;-0,0491;0,9314;0,9406;44,0456
0,1189;-0,0093;0,9157;0,9235;44,1064
0,1035;-0,0615;0,3944;0,4124;44,1656
-0,2902;0,0813;1,3367;1,3703;44,2291
0,2370;-0,0796;1,5588;1,5788;44,2861
0,2221;0,0349;1,4903;1,5071;44,3458
-0,1276;0,1218;1,0588;1,0734;44,4069
0,0437;0,0439;0,5999;0,6031;44,4658
0,0081;0,0412;0,9899;0,9908;44,5260
0,0312;0,0290;1,0204;1,0213;44,5881
0,0227;0,0344;0,9907;0,9915;44,6459
0,0454;0,0332;0,9667;0,9684;44,7062
0,1208;0,0212;0,6719;0,6830;44,7708
-0,1523;0,0032;0,9809;0,9927;44,8266
0,0495;-0,1691;1,4685;1,4791;44,8862
-0,1760;-0,1062;1,2001;1,2175;44,9464
0,1477;-0,0779;1,3629;1,3730;45,0058
0,0322;0,0205;0,5484;0,5497;45,0669
-0,0327;0,0044;0,9968;0,9973;45,1255
0,0281;-0,0007;1,0082;1,0086;45,1863
0,0178;-0,0107;0,9948;0,9950;45,2485
0,0447;-0,0134;0,9626;0,9637;45,3103
0,2448;0,0613;0,2219;0,3360;45,3687
0,3258;-0,1533;0,4637;0,5871;45,4270
0,4112;-0,0759;1,3658;1,4284;45,4876
0,1931;0,0095;1,4558;1,4686;45,5468
-0,0796;0,0251;0,5055;0,5123;45,6103
0,0676;-0,0454;0,7798;0,7840;45,6701
-0,0276;-0,0376;0,9826;0,9837;45,7265
0,0173;-0,0322;1,0202;1,0208;45,7863
0,0115;-0,0298;0,9909;0,9914;45,8504
0,0273;-0,0356;0,9641;0,9651;45,9065
-0,2209;-0,0200;0,5477;0,5909;45,9661
0,2153;-0,0159;0,9216;0,9465;46,0277
0,1911;-0,0825;1,2747;1,2916;46,0863
0,0886;-0,0666;1,5984;1,6022;46,1465
-0,1298;-0,0259;0,2187;0,2556;46,2061
0,0085;0,0044;0,7776;0,7776;46,2696
0,0020;-0,0107;1,0309;1,0310;46,3270
0,0207;-0,0100;1,0087;1,0090;46,3868
0,0290;-0,0073;0,9706;0,9711;46,4494
0,2302;-0,0283;0,5777;0,6225;46,5068
0,0498;-0,0801;0,4864;0,4955;46,5667
0,1164;-0,0425;1,6086;1,6134;46,6261
0,5928;-0,2292;1,8149;1,9229;46,6909
0,3258;-0,0522;1,1571;1,2032;46,7482
0,0420;-0,0139;0,5028;0,5047;46,8067
0,0063;-0,0244;1,0497;1,0500;46,8660
0,0410;-0,0293;1,0063;1,0075;46,9260
0,0395;-0,0195;0,9865;0,9875;46,9894
0,0683;-0,0242;0,9460;0,9488;47,0470
-0,0752;-0,0122;0,5684;0,5735;47,1062
0,2499;-0,0305;2,2044;2,2187;47,1673
0,2529;-0,0566;1,3270;1,3520;47,2258
-0,0864;-0,1047;1,1932;1,2009;47,2868
-0,2990;-0,1953;-1,2040;1,2558;47,3472
-0,0273;-0,0056;0,9426;0,9430;47,4089
0,0173;-0,0098;1,0446;1,0448;47,4674
0,0051;-0,0076;0,9975;0,9975;47,5271
0,0085;-0,0073;0,9814;0,9814;47,5875
0,0693;-0,0093;0,9516;0,9542;47,6483
-0,0610;-0,0403;0,5360;0,5409;47,7155
0,4017;-0,1638;1,9716;2,0187;47,7680
0,2719;-0,0683;1,2840;1,3143;47,8291
-0,1860;-0,0454;0,8562;0,8773;47,8865
-0,1230;-0,0886;-0,1655;0,2244;47,9491
-0,0664;-0,0059;0,9316;0,9340;48,0076
-0,0212;-0,0049;1,0324;1,0326;48,0691
-0,0266;-0,0032;0,9943;0,9947;48,1276
-0,0061;-0,0039;0,9592;0,9592;48,1910
0,3600;0,0588;-0,0205;0,3653;48,2473
-0,3197;-0,0234;1,0163;1,0656;48,3087
0,2467;-0,0620;1,4095;1,4323;48,3687
0,2799;-0,1062;1,4746;1,5047;48,4278
-0,0710;0,0742;1,1146;1,1194;48,4867
0,1128;0,0161;0,5670;0,5783;48,5470
-0,0598;0,0029;1,0085;1,0103;48,6098
-0,0159;0,0000;1,0060;1,0062;48,6672
-0,0164;0,0066;0,9948;0,9950;48,7266
-0,0168;0,0041;0,9587;0,9588;48,7911
0,2228;0,0674;0,4566;0,5126;48,8485
-0,0820;0,0495;0,2446;0,2627;48,9074
-0,2404;-0,0818;1,3843;1,4074;48,9675
0,2184;-0,0491;1,0673;1,0905;49,0296
-0,0986;-0,0820;1,2979;1,3043;49,0878
0,0400;-0,0339;1,3568;1,3578;49,1470
0,0278;0,0329;0,7473;0,7486;49,2106
-0,0166;0,0085;1,0426;1,0428;49,2671
0,0129;0,0085;1,0134;1,0135;49,3287
0,0134;0,0124;0,9782;0,9784;49,3877
0,0603;0,0149;0,9460;0,9480;49,4466
0,0495;-0,0041;0,3119;0,3159;49,5065
-0,0273;-0,0893;2,1595;2,1615;49,5687
0,3546;-0,0693;1,2491;1,3003;49,6263
0,2394;-0,0154;1,2323;1,2554;49,6865
-0,9333;-0,2487;0,3573;1,0298;49,7504
0,0674;0,1108;1,1093;1,1168;49,8106
0,0198;0,0517;0,8191;0,8210;49,8680
-0,0071;0,0168;1,0500;1,0501;49,9275
0,0517;0,0222;1,0175;1,0191;49,9894
0,0513;0,0303;0,9694;0,9713;50,0465
0,1667;0,0210;0,2902;0,3353;50,1073
0,0232;0,0749;0,4893;0,4956;50,1662
-0,1345;-0,0327;1,2237;1,2315;50,2327
0,1955;-0,0300;1,1476;1,1645;50,2863
-0,1154;-0,0874;1,3548;1,3625;50,3469
-0,3039;0,0478;-0,2951;0,4262;50,4114
0,0161;0,0395;0,9372;0,9382;50,4786
-0,0024;0,0085;0,9938;0,9939;50,5310
0,0671;0,0159;1,0143;1,0167;50,5869
0,0744;0,0173;0,9882;0,9912;50,6458
0,1398;0,0137;0,6700;0,6845;50,7129
-0,0666;-0,0637;0,4227;0,4327;50,7665
-0,2094;-0,0591;1,2579;1,2766;50,8260
0,2389;-0,0312;1,2320;1,2554;50,8910
-0,0535;-0,0945;1,3136;1,3180;50,9457
-0,0325;0,0010;0,1604;0,1636;51,0072
0,0066;0,0085;0,9299;0,9299;51,0796
0,0268;-0,0015;1,0158;1,0162;51,1264
0,0498;-0,0017;1,0077;1,0090;51,1866
0,0522;-0,0037;0,9892;0,9906;51,2514
0,0718;-0,0063;0,9855;0,9882;51,3075
0,0015;-0,0093;0,4310;0,4311;51,3662
0,5272;-0,0757;3,3840;3,4256;51,4276
0,4227;-0,0615;1,0541;1,1374;51,4866
0,3829;-0,0959;1,6257;1,6730;51,5459
0,4920;-0,0669;1,9857;2,0469;51,6060
-0,0073;0,0896;0,6517;0,6578;51,6709
-0,0266;-0,0024;0,9833;0,9837;51,7263
-0,0203;-0,0142;1,0268;1,0271;51,7865
0,0005;-0,0166;0,9960;0,9962;51,8527
0,0256;-0,0127;1,0007;1,0011;51,9069
0,0661;0,0037;0,8486;0,8512;51,9661
-0,1486;0,0085;0,7959;0,8097;52,0274
0,3832;-0,0469;1,9947;2,0318;52,0898
0,1320;-0,0412;1,0173;1,0266;52,1456
-0,0244;0,0420;1,3411;1,3420;52,2062
0,2560;-0,0566;1,1818;1,2105;52,2696
0,0151;0,0085;0,8381;0,8383;52,3264
0,0041;-0,0112;1,0221;1,0222;52,3861
0,0134;-0,0117;1,0034;1,0035;52,4514
0,0122;-0,0103;0,9921;0,9923;52,5060
0,0632;-0,0034;0,9216;0,9238;52,5656
0,2328;0,0032;-0,0339;0,2353;52,6261
0,1931;0,0237;1,9820;1,9916;52,6858
0,2836;-0,0754;1,1569;1,1935;52,7459
0,0071;0,0444;1,3704;1,3712;52,8057
0,0437;0,0185;0,7974;0,7988;52,8655
-0,0361;0,0427;0,8986;0,9004;52,9264
-0,0112;0,0098;1,0441;1,0442;52,9865
0,0422;0,0137;1,0034;1,0043;53,0454
0,0454;0,0107;0,9753;0,9764;53,1061
0,0808;-0,0024;0,6414;0,6465;53,1660
-0,0107;0,0044;0,4696;0,4697;53,2272
-0,1484;-0,0654;1,2845;1,2947;53,2865
0,2057;-0,0259;1,1081;1,1273;53,3457
-0,2189;0,1145;1,6850;1,7030;53,4067
0,1931;-0,1142;-0,1140;0,2516;53,4657
-0,0249;0,0273;0,9575;0,9582;53,5255
0,0249;0,0105;1,0341;1,0345;53,5855
0,0178;0,0171;1,0029;1,0032;53,6538
0,0198;0,0185;0,9692;0,9696;53,7067
0,0786;0,0105;0,8830;0,8866;53,7672
-0,2616;-0,0720;1,0966;1,1297;53,8250
0,3927;-0,1694;2,3540;2,3925;53,8857
0,3829;-0,0620;1,0256;1,0965;53,9479
0,2153;0,0134;1,4410;1,4570;54,0060
0,2111;-0,0825;1,7002;1,7152;54,0699
0,1728;0,0356;0,6160;0,6408;54,1259
-0,0281;0,0044;1,0278;1,0281;54,1861
0,0483;0,0039;1,0346;1,0357;54,2459
0,0290;0,0005;0,9907;0,9911;54,3060
0,1830;0,0144;0,7424;0,7648;54,3665
-0,2985;0,0591;0,4857;0,5731;54,4254
0,6060;-0,1545;2,6679;2,7402;54,4857
0,3180;-0,0942;1,0663;1,1167;54,5473
0,1394;0,0732;1,4702;1,4786;54,6056
0,2233;0,0596;1,2591;1,2802;54,6693
0,0032;0,0256;0,8479;0,8483;54,7256
0,0059;0,0088;1,0339;1,0339;54,7864
0,0473;0,0103;1,0026;1,0038;54,8466
0,0652;0,0085;0,9907;0,9928;54,9050
0,2033;-0,0278;0,5567;0,5933;54,9653
-0,0024;-0,0459;0,1076;0,1170;55,0282
-0,0652;-0,0420;1,4629;1,4650;55,0881
0,2116;-0,0566;1,2440;1,2631;55,1494
-0,0012;0,0198;1,4207;1,4208;55,2070
0,2619;0,0735;-0,7522;0,7999;55,2656
-0,0649;0,0168;0,9699;0,9722;55,3262
-0,0276;-0,0010;1,0175;1,0179;55,3868
0,0190;0,0085;0,9990;0,9992;55,4487
0,0630;0,0049;0,9875;0,9895;55,5058
0,0793;-0,0027;0,3878;0,3959;55,5663
-0,0915;-0,0112;0,5745;0,5819;55,6254
0,0761;-0,1223;1,1891;1,1978;55,6855
0,4181;-0,1313;1,6799;1,7361;55,7460
0,1303;-0,0705;1,8268;1,8328;55,8060
0,0256;0,0220;0,8057;0,8064;55,8656
-0,0661;0,0085;1,0036;1,0058;55,9246
0,0190;0,0085;0,9960;0,9962;55,9850
0,0713;0,0085;0,9562;0,9589;56,0460
0,1328;-0,0002;0,5631;0,5785;56,1047
0,0498;0,0754;0,3227;0,3351;56,1679
-0,0342;-0,0410;1,4512;1,4522;56,2282
0,2028;-0,0566;1,2201;1,2381;56,2863
-0,3541;-0,1013;1,4436;1,4899;56,3450
0,3493;0,0503;0,2958;0,4604;56,4058
-0,0559;0,0098;0,9672;0,9689;56,4657
0,0207;0,0085;1,0304;1,0307;56,5263
0,0308;0,0061;0,9907;0,9912;56,5846
-0,0488;-0,0059;1,1227;1,1238;56,6447
-0,0268;0,0164;0,7598;0,7604;56,7091
-0,1833;-0,0112;0,9367;0,9546;56,7652
0,1721;-0,0727;1,5371;1,5484;56,8251
0,4784;-0,2145;1,8554;1,9280;56,8850
0,1250;-0,0088;0,8572;0,8663;56,9443
-0,0051;0,0295;0,6834;0,6840;57,0050
-0,0356;0,0105;1,0248;1,0255;57,0639
0,0388;0,0149;1,0097;1,0106;57,1244
0,0556;0,0193;0,9628;0,9646;57,1858
0,0779;0,0090;0,9418;0,9451;57,2457
0,0718;-0,0661;0,5999;0,6078;57,3046
0,4242;-0,1411;3,1252;3,1571;57,3640
0,3451;-0,0962;1,1757;1,2290;57,4254
0,1913;0,0356;1,6426;1,6540;57,4889
0,0342;0,0112;-0,2638;0,2663;57,5477
-0,0859;0,0105;0,9187;0,9227;57,6045
0,0171;0,0073;1,0109;1,0111;57,6672
0,0610;-0,0073;1,1156;1,1173;57,7268
0,1250;0,0083;0,9182;0,9267;57,7848
0,0376;-0,0329;0,3632;0,3666;57,8446
0,4979;-0,0144;0,1872;0,5321;57,9090
0,2507;-0,0761;1,3077;1,3337;57,9647
0,4574;-0,0259;1,4278;1,4995;58,0242
0,2475;-0,0901;2,1924;2,2082;58,0858
0,1394;0,0415;0,5731;0,5912;58,1440
0,0127;-0,0107;1,1105;1,1106;58,2051
0,1206;-0,0020;0,9885;0,9958;58,2657
0,1254;0,0095;0,9360;0,9444;58,3331
-0,0820;0,0117;0,8486;0,8526;58,3852
0,0537;-0,0129;0,7703;0,7722;58,4455
-0,0283;-0,0342;1,2247;1,2255;58,5072
0,3212;-0,0308;1,0734;1,1208;58,5648
0,3336;-0,0376;1,7968;1,8279;58,6243
-0,2472;0,0168;1,3831;1,4051;58,6856
0,0288;0,0339;0,7498;0,7511;58,7473
-0,0700;-0,0029;1,0790;1,0813;58,8058
-0,0493;-0,0151;0,9743;0,9757;58,8644
0,0337;-0,0073;1,0026;1,0032;58,9253
0,0764;-0,0227;0,9379;0,9413;58,9846
0,0366;-0,0720;0,7903;0,7944;59,0447
0,0876;-0,0805;0,8872;0,8951;59,1076
-0,0154;-0,1508;1,4793;1,4870;59,1643
0,3432;-0,0447;1,1259;1,1779;59,2244
0,0749;0,0398;1,4700;1,4724;59,2856
-0,4706;0,0913;0,3007;0,5658;59,3461
-0,0486;0,0183;0,8349;0,8366;59,4042
-0,0107;0,0127;1,0114;1,0115;59,4643
0,0405;0,0098;0,9970;0,9979;59,5275
0,0234;0,0000;1,0170;1,0173;59,5848
0,1696;0,0308;0,6268;0,6500;59,6456
0,2023;-0,0320;0,3522;0,4074;59,7048
-0,2548;0,0525;1,3011;1,3269;59,7644
0,1667;-0,0317;1,0685;1,0819;59,8245
0,0495;-0,1118;0,8899;0,8982;59,8846
-0,0508;-0,0195;0,0898;0,1050;59,9435
0,0046;0,0085;0,8457;0,8457;60,0042
0,0085;-0,0061;1,0038;1,0039;60,0642
0,0720;-0,0100;1,0019;1,0045;60,1261
0,0586;-0,0098;0,9907;0,9924;60,1843
0,0713;-0,0132;0,9689;0,9716;60,2441
0,0417;-0,0127;0,6848;0,6862;60,3047
-0,0473;-0,0544;0,8237;0,8269;60,3659
0,3432;-0,0571;1,2074;1,2565;60,4250
0,2343;-0,0381;1,3868;1,4069;60,4839
-0,0181;-0,0654;1,6081;1,6096;60,5439
0,0981;-0,0491;0,7900;0,7976;60,6054
-0,0288;0,0039;0,8630;0,8635;60,6667
-0,0264;-0,0054;0,9933;0,9937;60,7274
0,0110;-0,0061;0,9907;0,9907;60,7844
0,0412;-0,0005;0,9694;0,9703;60,8443
0,0298;-0,0364;0,8076;0,8090;60,9054
0,2602;-0,1706;1,7663;1,7935;60,9645
0,3056;-0,0822;1,1732;1,2151;61,0238
0,2367;-0,0610;1,4866;1,5066;61,0840
-0,0495;0,0151;1,3421;1,3431;61,1450
0,3561;0,0432;0,3912;0,5308;61,2074
-0,0691;0,0288;0,9929;0,9957;61,2643
0,0068;0,0276;1,0046;1,0050;61,3262
0,0303;0,0193;1,0329;1,0335;61,3841
0,1118;0,0229;0,8557;0,8633;61,4442
0,0268;0,0229;0,2807;0,2829;61,5082
0,2931;-0,1718;2,2534;2,2789;61,5640
0,2858;-0,0864;1,1273;1,1662;61,6305
0,1586;-0,0627;1,5159;1,5255;61,6840
-0,0669;-0,0452;1,3570;1,3594;61,7445
0,2912;0,0649;0,4313;0,5244;61,8048
-0,0349;0,0254;0,9911;0,9921;61,8631
0,0166;0,0203;0,9914;0,9917;61,9241
0,0244;0,0127;1,0070;1,0074;61,9834
0,1064;-0,0105;0,3126;0,3304;62,0443
-0,4715;-0,0247;1,6728;1,7382;62,1038
0,1686;-0,0893;1,3724;1,3856;62,1655
0,1479;-0,0771;1,3536;1,3638;62,2236
0,1884;-0,0803;1,4263;1,4409;62,2839
0,2219;0,0068;0,0898;0,2394;62,3434
-0,0056;0,0059;0,9799;0,9800;62,4043
0,0181;-0,0051;1,0021;1,0023;62,4639
0,0866;-0,0022;0,9116;0,9157;62,5239
0,2238;0,0244;0,5679;0,6109;62,5834
-0,1008;-0,0452;0,2570;0,2797;62,6516
-0,1191;0,0020;1,2738;1,2793;62,7044
0,1064;-0,0498;1,0741;1,0805;62,7653
-0,0278;-0,0783;1,4529;1,4553;62,8246
0,1806;-0,0215;0,9365;0,9540;62,8838
-0,0051;0,0327;0,8474;0,8480;62,9448
-0,0095;0,0100;1,0104;1,0105;63,0039
0,1172;0,0144;0,8528;0,8609;63,0641
0,0793;-0,0276;0,5101;0,5170;63,1236
0,3249;-0,0315;1,1927;1,2366;63,1907
0,2653;-0,0708;1,2157;1,2463;63,2437
0,1850;-0,0605;1,4993;1,5119;63,3036
-0,0068;-0,0381;1,2181;1,2187;63,3659
0,2507;0,0432;0,2485;0,3556;63,4231
-0,0388;0,0210;0,9855;0,9865;63,4832
0,0020;0,0110;0,9916;0,9917;63,5432
0,0669;0,0173;0,9455;0,9480;63,6036
0,2580;0,0488;0,5748;0,6319;63,6711
0,1569;-0,1184;1,1164;1,1335;63,7238
0,2826;-0,1023;2,0028;2,0252;63,7836
0,1074;-0,0698;1,1122;1,1196;63,8460
0,2914;-0,1001;1,6570;1,6854;63,9043
-0,4371;0,0622;-0,1933;0,4820;63,9634
-0,0220;0,0305;0,8738;0,8746;64,0236
-0,0100;0,0105;1,0302;1,0303;64,0844
0,0832;0,0181;0,9038;0,9078;64,1444
0,1604;0,0110;0,6902;0,7087;64,2036
0,1240;-0,0832;0,8796;0,8922;64,2634
0,1416;-0,0405;1,5923;1,5991;64,3260
0,1777;-0,0520;1,0090;1,0258;64,3846
0,0905;-0,0459;1,5388;1,5422;64,4435
-0,6163;0,0442;-1,0253;1,1971;64,5042
0,0085;0,0342;0,9072;0,9079;64,5643
0,0207;0,0139;1,0170;1,0173;64,6247
0,1071;0,0198;0,9035;0,9101;64,6890
0,2380;0,0503;0,3529;0,4286;64,7436
-0,1618;-0,0761;0,2375;0,2973;64,8044
-0,0554;-0,0334;1,3133;1,3149;64,8671
0,2582;-0,0527;1,2140;1,2423;64,9246
0,0547;-0,0203;1,5325;1,5336;64,9835
-0,2409;-0,0312;-0,0020;0,2429;65,0447
0,0002;0,0349;0,9177;0,9183;65,1098
0,0244;0,0188;1,0138;1,0143;65,1637
0,0176;0,0093;1,0868;1,0870;65,2244
0,1223;0,0022;0,6436;0,6551;65,2886
-0,1128;0,0461;0,1962;0,2310;65,3454
0,0945;-0,1162;1,4849;1,4924;65,4034
0,1582;-0,0749;1,1137;1,1273;65,4646
-0,0776;-0,0632;1,5925;1,5957;65,5236
0,1584;0,1247;-0,5782;0,6123;65,5832
0,0095;0,0491;0,9633;0,9646;65,6443
0,0239;0,0266;1,0009;1,0015;65,7065
0,1145;0,0408;0,9553;0,9630;65,7653
0,1767;0,0598;0,4803;0,5153;65,8241
-0,0984;-0,0442;0,4793;0,4913;65,8840
0,1137;-0,1540;1,2486;1,2632;65,9465
0,3148;-0,0466;1,4678;1,5019;66,0039
-0,2448;-0,0256;0,9326;0,9645;66,0640
0,2541;0,0639;0,3041;0,4014;66,1281
-0,0034;0,0305;1,0002;1,0006;66,1832
0,0361;0,0166;0,9907;0,9915;66,2446
0,0103;0,0085;1,0800;1,0801;66,3041
0,0876;0,0151;0,9250;0,9293;66,3633
-0,1711;0,0088;0,5130;0,5409;66,4236
0,1250;-0,1369;1,6916;1,7017;66,4834
0,3898;-0,0976;1,1256;1,1952;66,5436
0,1154;0,0320;1,4400;1,4450;66,6090
0,2175;-0,0710;1,5725;1,5891;66,6644
0,1223;0,0403;0,5499;0,5647;66,7239
-0,0620;0,0085;0,9719;0,9739;66,7838
0,0085;0,0090;0,9985;0,9985;66,8437
0,0491;0,0120;0,9353;0,9366;66,9042
0,1545;0,0083;0,5372;0,5590;66,9658
0,1110;0,0098;0,7271;0,7356;67,0236
-0,1784;0,0146;1,4019;1,4133;67,0854
0,2736;-0,0434;1,2694;1,2993;67,1439
0,5133;0,0398;1,9459;2,0129;67,2076
0,5650;0,1032;0,3034;0,6496;67,2638
-0,0481;0,0227;1,0212;1,0226;67,3231
0,0315;0,0264;0,9931;0,9939;67,3838
0,0088;0,0103;1,0348;1,0349;67,4474
0,1467;0,0308;0,9062;0,9185;67,5036
0,0432;0,0227;0,4911;0,4935;67,5643
-0,3151;-0,0059;1,1954;1,2363;67,6236
0,2609;-0,0461;1,4917;1,5151;67,6839
0,2975;-0,0229;1,3875;1,4192;67,7504
-0,0849;0,0254;0,7373;0,7426;67,8030
0,3168;-0,0056;0,2033;0,3765;67,8637
-0,0539;0,0134;1,0141;1,0156;67,9233
0,0178;0,0161;0,9907;0,9909;67,9831
0,1286;0,0317;0,8486;0,8589;68,0437
0,1313;-0,0369;0,6780;0,6916;68,1047
0,0432;-0,0088;0,5721;0,5738;68,1644
0,1325;-0,1286;1,8139;1,8233;68,2234
0,1840;-0,0630;1,0846;1,1019;68,2835
0,2219;-0,0517;1,8620;1,8759;68,3433
-0,5684;0,0234;-0,9274;1,0880;68,4084
0,0037;0,0432;0,9099;0,9109;68,4646
0,0085;0,0234;0,9929;0,9932;68,5243
0,0576;0,0242;0,9777;0,9797;68,5833
0,1291;0,0249;0,8459;0,8561;68,6446
0,0791;-0,0168;0,3763;0,3849;68,7033
0,2777;-0,1328;1,9425;1,9668;68,7656
0,3166;-0,0329;1,1530;1,1961;68,8271
0,3619;-0,1318;1,6941;1,7373;68,8838
0,1618;0,0041;1,2701;1,2804;68,9432
0,0332;0,0813;0,6736;0,6793;69,0034
-0,0351;0,0464;1,0441;1,0457;69,0637
0,0722;0,0483;0,9465;0,9505;69,1239
0,2031;0,0207;0,6966;0,7259;69,1844
0,0930;0,0054;0,6665;0,6730;69,2468
0,4183;0,0478;1,9650;2,0096;69,3048
0,3212;-0,0432;1,1647;1,2089;69,3642
0,3795;-0,0054;1,7063;1,7480;69,4231
0,0842;-0,0747;1,6626;1,6664;69,4844
0,0486;0,0183;0,6287;0,6308;69,5473
-0,0369;0,0015;1,0541;1,0548;69,6034
0,0747;0,0107;0,9489;0,9519;69,6636
0,1489;0,0437;0,8198;0,8344;69,7227
-0,4410;-0,0766;1,2916;1,3670;69,7828
0,3917;-0,1635;2,4692;2,5054;69,8472
0,4584;-0,1008;1,1059;1,2013;69,9031
0,2985;0,1001;1,6074;1,6379;69,9632
-0,0215;0,0044;0,7114;0,7118;70,0267
0,0249;0,0544;0,7625;0,7648;70,0873
-0,0161;0,0205;1,0231;1,0235;70,1432
0,0225;0,0195;0,9811;0,9816;70,2036
-0,0481;0,0085;1,1708;1,1718;70,2633
0,0542;-0,0095;0,4737;0,4769;70,3229
0,3385;-0,1186;0,5765;0,6790;70,3830
0,2206;-0,1128;1,2159;1,2409;70,4454
0,3742;-0,1020;1,4056;1,4581;70,5024
-0,1638;-0,0622;1,1984;1,2111;70,5635
0,1857;-0,0210;0,0708;0,1999;70,6229
-0,0110;0,0239;0,9714;0,9717;70,6827
0,0449;0,0173;0,9946;0,9957;70,7433
-0,0139;0,0120;1,1542;1,1543;70,8034
0,1528;0,0022;0,8169;0,8311;70,8628
-0,1562;-0,0661;1,3651;1,3756;70,9232
0,4459;-0,0393;2,3418;2,3842;70,9826
0,3673;-0,0603;1,1442;1,2032;71,0434
0,5760;-0,1535;1,8258;1,9207;71,1151
0,2162;-0,0988;1,4749;1,4939;71,1628
-0,0273;0,0283;0,4493;0,4510;71,2227
-0,0325;0,0139;1,0097;1,0103;71,2864
0,0513;0,0154;1,0038;1,0053;71,3428
0,0305;0,0078;1,0346;1,0351;71,4026
0,0456;0,0085;0,9941;0,9952;71,4625
0,0539;0,0056;0,9897;0,9912;71,5234
0,1172;0,0085;0,8803;0,8881;71,5830
0,0740;-0,0017;0,6221;0,6265;71,6419
0,0935;-0,0181;0,6390;0,6460;71,7039
0,1811;-0,0635;1,2132;1,2283;71,7628
0,1726;-0,0486;1,2411;1,2539;71,8227
-0,4147;0,1120;1,2067;1,2808;71,8823
-0,1921;0,0022;0,1826;0,2650;71,9438
-0,0090;0,0063;0,8662;0,8663;72,0025
-0,0027;-0,0024;1,0029;1,0029;72,0626
0,0412;-0,0017;0,9772;0,9781;72,1244
0,0454;-0,0107;0,9919;0,9930;72,1830
0,1150;-0,0056;0,9616;0,9685;72,2432
0,1701;-0,0539;0,7207;0,7425;72,3029
0,3502;-0,0586;2,4304;2,4562;72,3633
0,3436;-0,0398;1,1044;1,1573;72,4224
0,3497;-0,0705;1,4998;1,5416;72,4818
-0,0286;-0,0759;1,4002;1,4025;72,5432
0,2326;0,0488;0,1591;0,2860;72,6055
-0,0239;0,0173;0,9592;0,9596;72,6635
0,0185;0,0168;1,0239;1,0242;72,7234
0,0298;0,0168;0,9841;0,9847;72,7819
0,0617;0,0168;0,9765;0,9786;72,8424
0,2846;0,0988;0,4127;0,5110;72,9028
-0,0364;-0,0415;0,3646;0,3688;72,9630
-0,0066;-0,0581;1,3431;1,3444;73,0224
0,2250;-0,0574;1,1371;1,1606;73,0836
0,0984;-0,0832;1,4978;1,5034;73,1436
-0,0905;-0,0661;0,2145;0,2421;73,2031
0,0044;0,0264;0,8967;0,8971;73,2632
0,0149;0,0137;1,0204;1,0206;73,3277
0,0261;0,0132;1,0004;1,0008;73,3843
0,0552;0,0161;0,9872;0,9889;73,4431
0,0952;0,0085;0,9899;0,9945;73,5035
-0,1206;-0,0103;0,6739;0,6846;73,5658
-0,3785;-0,1545;2,3228;2,3585;73,6237
0,3058;-0,0659;1,5025;1,5347;73,6830
0,1396;-0,0793;1,4134;1,4225;73,7432
0,0686;-0,0298;1,3646;1,3666;73,8037
0,1594;0,0176;0,3593;0,3934;73,8646
0,0041;0,0317;0,9909;0,9914;73,9230
0,0273;0,0308;0,9931;0,9940;73,9832
0,0225;0,0256;0,9826;0,9832;74,0433
0,0649;0,0220;0,9970;0,9994;74,1036
0,0876;-0,0081;0,4791;0,4871;74,1626
0,2302;-0,1611;1,4195;1,4470;74,2230
0,3351;-0,0430;1,5645;1,6005;74,2879
0,1420;-0,0173;1,3336;1,3412;74,3431
-0,9448;0,0354;-0,1120;0,9521;74,4030
0,4454;0,0144;0,0029;0,4457;74,4655
-0,0249;0,0129;1,0334;1,0338;74,5230
0,0144;0,0085;0,9953;0,9954;74,5855
0,0303;0,0032;0,9926;0,9931;74,6425
0,0190;-0,0142;0,9985;0,9988;74,7026
-0,0542;-0,0261;1,1029;1,1046;74,7637
0,3456;-0,0471;2,1858;2,2135;74,8231
0,0627;-0,0705;1,2096;1,2133;74,8824
0,3329;-0,0171;1,4412;1,4793;74,9429
0,0193;-0,0120;-1,0221;1,0224;75,0041
-0,0517;0,0066;0,9960;0,9974;75,0635
0,0295;0,0085;0,9904;0,9909;75,1235
0,0696;-0,0015;0,9233;0,9259;75,1828
0,1528;0,0061;0,8808;0,8940;75,2443
0,0308;0,0085;0,4283;0,4295;75,3031
0,3558;0,0095;0,5240;0,6335;75,3627
0,2699;-0,0913;1,3201;1,3505;75,4232
0,1281;0,0005;1,7856;1,7902;75,4908
0,5206;0,0427;1,4763;1,5660;75,5429
-0,0337;0,0271;0,8096;0,8107;75,6054
-0,0020;0,0112;1,0077;1,0078;75,6624
0,1328;0,0112;0,9907;0,9996;75,7228
0,0774;-0,0486;0,9353;0,9397;75,7835
0,2653;-0,0464;0,8140;0,8574;75,8428
-0,0542;-0,1137;0,3605;0,3819;75,9028
-0,0554;0,0229;1,2137;1,2152;75,9665
0,2658;-0,0447;1,1469;1,1781;76,0225
-2,0082;0,0503;-0,1799;2,0168;76,0855
0,0622;0,1394;0,4291;0,4554;76,1442
-0,0329;0,0686;0,8335;0,8369;76,2037
-0,0459;0,0261;1,0031;1,0045;76,2654
0,0271;0,0283;0,9955;0,9963;76,3223
0,0471;0,0251;0,9921;0,9936;76,3828
0,0303;0,0039;0,4298;0,4309;76,4434
-0,1503;-0,0059;1,0661;1,0766;76,5029
0,1540;-0,0971;1,3372;1,3496;76,5641
0,3766;-0,0471;1,5981;1,6426;76,6241
0,0085;-0,0442;1,1676;1,1685;76,6834
0,0737;0,0183;0,6211;0,6258;76,7432
-0,0991;-0,0032;1,0026;1,0075;76,8035
-0,0137;0,0041;1,0143;1,0144;76,8647
-0,0129;-0,0068;0,9907;0,9908;76,9233
0,0747;0,0054;0,9099;0,9129;76,9839
0,0247;-0,0491;0,7073;0,7094;77,0480
0,5499;0,0090;0,6541;0,8546;77,1038
0,2165;-0,1084;1,1805;1,2051;77,1641
0,5042;-0,1037;1,7829;1,8557;77,2234
0,3043;-0,1164;1,7314;1,7618;77,2839
0,0383;0,0327;0,5892;0,5913;77,3442
-0,0700;-0,0041;1,0065;1,0090;77,4042
0,0288;0,0078;1,0124;1,0128;77,4636
0,0452;0,0007;0,9902;0,9912;77,5235
0,1662;0,0449;0,4925;0,5217;77,5855
0,0996;-0,1023;0,5906;0,6076;77,6437
-0,0996;-0,1396;1,9132;1,9209;77,7038
0,3134;-0,0525;1,0473;1,0944;77,7633
0,4200;-0,0674;2,0370;2,0809;77,8271
0,2424;-0,0056;0,6734;0,7157;77,8843
-0,0808;-0,0034;0,9743;0,9777;77,9425
0,0303;0,0049;1,0380;1,0385;78,0034
0,0381;0,0039;0,9999;1,0007;78,0634
0,0722;0,0056;0,9465;0,9493;78,1233
-0,3192;-0,0203;1,0631;1,1102;78,1831
0,1398;-0,0212;0,9316;0,9423;78,2433
0,1901;-0,1223;1,4810;1,4981;78,3076
0,2773;-0,0542;1,1891;1,2222;78,3632
0,2692;-0,0827;2,0194;2,0389;78,4228
0,2419;0,0251;0,0571;0,2498;78,4828
-0,0986;-0,0049;1,0373;1,0420;78,5441
0,0581;0,0085;0,9777;0,9795;78,6039
0,0417;0,0017;1,0038;1,0047;78,6633
0,0642;0,0056;0,9531;0,9552;78,7252
-0,0578;-0,0483;0,5321;0,5374;78,7832
0,0754;0,0303;0,8540;0,8578;78,8466
0,1091;-0,0857;1,5271;1,5334;78,9029
0,2104;-0,0473;1,1505;1,1706;78,9632
0,1411;-0,0530;1,4383;1,4461;79,0262
-0,1152;0,0188;-0,1154;0,1642;79,0825
-0,0039;0,0120;0,8779;0,8780;79,1431
0,1254;-0,0066;0,9809;0,9889;79,2037
0,0444;0,0740;0,5389;0,5458;79,2628
0,1701;-0,0669;1,2128;1,2265;79,3314
0,0491;-0,0984;1,3594;1,3639;79,3827
0,1857;-0,0661;1,0605;1,0786;79,4431
0,2228;-0,0676;1,3050;1,3256;79,5026
0,0576;-0,1025;1,0922;1,0985;79,5621
-0,0278;-0,0442;0,8262;0,8278;79,6225
0,0947;0,0093;0,6878;0,6943;79,6828
0,0376;0,0005;0,9907;0,9914;79,7428
0,1079;0,0085;0,9909;0,9968;79,8069
0,1943;0,0142;0,3510;0,4014;79,8626
0,3854;-0,1081;0,7861;0,8822;79,9235
0,3170;-0,1682;1,0793;1,1374;79,9823
0,2963;-0,1096;1,2721;1,3107;80,0427
-0,1872;0,0237;1,0270;1,0442;80,1032
-0,3305;0,0552;-0,4452;0,5572;80,1627
-0,0110;0,0288;0,8591;0,8597;80,2272
-0,0046;0,0195;1,0090;1,0092;80,2831
0,0308;0,0178;0,9848;0,9854;80,3425
0,2111;0,0249;0,6038;0,6401;80,4035
-0,0037;-0,0998;0,6624;0,6699;80,4624
-0,1840;-0,0303;1,3619;1,3746;80,5242
0,2912;-0,0635;0,9833;1,0275;80,5828
0,0822;-0,0217;1,4951;1,4976;80,6423
0,0000;-0,0500;1,0217;1,0229;80,7044
0,0217;0,0520;0,7498;0,7519;80,7626
-0,1106;-0,0046;1,0502;1,0560;80,8227
-0,0222;0,0088;1,0119;1,0122;80,8828
-0,0198;0,0032;0,9907;0,9909;80,9442
0,0630;0,0103;0,8867;0,8890;81,0026
-0,2267;0,0098;-0,3217;0,3937;81,0642
-0,4969;0,0061;1,6552;1,7282;81,1258
0,3541;-0,0930;1,1827;1,2381;81,1834
0,0801;-0,0403;1,4417;1,4445;81,2456
-0,9223;0,3341;-0,9731;1,3817;81,3023
-0,0366;0,0273;0,8784;0,8796;81,3622
-0,0515;0,0078;1,0087;1,0101;81,4243
0,0395;0,0137;0,9741;0,9750;81,4826
0,1377;0,0798;0,3478;0,3825;81,5431
-0,0298;0,1254;0,9406;0,9494;81,6025
0,5338;-0,1569;1,2201;1,3409;81,6642
0,3078;-0,1059;1,3692;1,4074;81,7241
-0,0020;-0,0537;1,4768;1,4778;81,7848
0,1977;0,1198;0,6983;0,7355;81,8428
-0,0691;0,0334;0,9899;0,9929;81,9021
0,0142;0,0320;0,9907;0,9913;81,9624
0,0876;0,0325;0,8816;0,8865;82,0270
-0,1157;-0,0391;0,4318;0,4487;82,0822
0,6324;-0,4505;3,2651;3,3562;82,1425
0,3732;-0,0893;1,2254;1,2841;82,2031
0,1613;0,0329;1,4746;1,4838;82,2620
0,0222;0,0535;1,0414;1,0430;82,3238
-0,0063;0,0447;0,6785;0,6800;82,3820
-0,0854;0,0085;1,0793;1,0827;82,4431
0,0215;0,0181;1,0024;1,0028;82,5023
0,0781;0,0193;0,9431;0,9465;82,5624
0,1608;0,0344;0,5338;0,5585;82,6227
-0,0054;0,0139;0,6463;0,6465;82,6822
0,3810;-0,1460;1,4593;1,5152;82,7417
0,3978;-0,1445;1,6455;1,6990;82,8023
-0,3017;-0,0185;0,7412;0,8005;82,8639
-0,0176;0,0456;0,6729;0,6747;82,9221
-0,0505;0,0171;1,0546;1,0560;82,9821
0,0085;0,0166;1,0239;1,0240;83,0432
0,0095;0,0151;0,9811;0,9813;83,1068
0,1071;0,0093;0,6707;0,6793;83,1636
0,0984;0,0508;-0,3031;0,3227;83,2218
-0,0056;-0,0835;1,5186;1,5209;83,2830
0,6419;-0,2228;1,7016;1,8323;83,3418
0,1950;0,0332;1,1229;1,1402;83,4020
0,0779;0,0405;0,5574;0,5643;83,4619
-0,0198;-0,0020;1,0361;1,0362;83,5305
0,0466;0,0029;1,0102;1,0113;83,5818
0,0447;0,0083;0,9848;0,9858;83,6436
0,0698;0,0022;0,9426;0,9452;83,7016
0,2597;0,0063;-0,2531;0,3627;83,7623
-0,1953;-0,0864;1,8473;1,8596;83,8218
0,3598;-0,0544;1,2389;1,2912;83,8814
0,5308;0,0820;1,8686;1,9442;83,9420
-0,0073;-0,0105;-0,3839;0,3841;84,0014
-0,1018;0,0085;0,8701;0,8761;84,0616
-0,0142;0,0085;1,0292;1,0294;84,1311
0,0085;0,0083;1,0024;1,0024;84,1845
0,0422;0,0071;0,9699;0,9709;84,2430
0,1767;0,0100;0,3678;0,4082;84,3017
-0,4354;0,0674;1,5544;1,6157;84,3615
0,3051;-0,1272;1,7714;1,8020;84,4220
0,1740;-0,0874;1,7590;1,7697;84,4822
-0,3871;0,1701;-0,3151;0,5273;84,5421
-0,0908;0,0261;0,8174;0,8228;84,6056
-0,0261;0,0022;1,0866;1,0869;84,6619
0,0486;0,0127;1,0260;1,0273;84,7224
0,0415;0,0151;0,9760;0,9770;84,7811
0,0569;0,0107;0,9492;0,9509;84,8423
-0,0356;0,0171;0,6290;0,6302;84,9015
0,5528;0,1001;0,6070;0,8271;84,9627
0,0735;-0,1101;1,4073;1,4135;85,0222
0,4137;-0,1979;1,6677;1,7296;85,0840
-0,1118;0,0220;0,8584;0,8659;85,1455
-0,0232;0,0154;0,5797;0,5803;85,2017
-0,0442;-0,0088;1,0990;1,0999;85,2616
0,1189;0,0110;1,0114;1,0184;85,3216
0,0461;0,0022;0,9836;0,9847;85,3816
0,0854;0,0085;0,9184;0,9224;85,4416
0,0205;0,0010;0,4064;0,4069;85,5012
0,3022;-0,0295;1,0546;1,0974;85,5638
0,2870;-0,1052;1,3143;1,3494;85,6212
0,2326;-0,0698;1,4031;1,4240;85,6811
0,1596;-0,0281;1,1840;1,1950;85,7453
0,1142;0,0041;0,5696;0,5810;85,8017
0,0049;-0,0117;0,9841;0,9842;85,8612
0,0923;-0,0142;1,0319;1,0361;85,9222
0,1186;-0,0117;0,9907;0,9978;85,9808
0,1852;-0,0051;0,9148;0,9333;86,0410
0,1679;0,0149;0,6883;0,7086;86,1024
0,0444;0,1101;0,6282;0,6393;86,1617
0,2275;-0,0837;1,5461;1,5650;86,2215
0,4720;-0,1774;1,3734;1,4630;86,2822
-0,0088;-0,0813;0,9548;0,9583;86,3414
0,0571;0,0085;0,3732;0,3776;86,4009
0,0261;-0,0083;1,0966;1,0969;86,4617
0,1018;-0,0024;0,9975;1,0027;86,5238
0,0798;0,0041;0,9575;0,9608;86,5831
0,1433;-0,0046;0,9436;0,9544;86,6416
0,0781;-0,0398;0,4483;0,4568;86,7036
0,4654;-0,0251;2,2085;2,2572;86,7670
0,3654;-0,1150;1,3714;1,4239;86,8214
-0,1167;0,2248;1,6589;1,6781;86,8841
0,1276;0,0207;0,6270;0,6402;86,9414
0,0098;0,0427;0,9194;0,9204;87,0016
0,0622;0,0185;1,0885;1,0905;87,0615
0,0779;0,0349;0,9943;0,9980;87,1306
0,0525;0,0273;0,9509;0,9527;87,1812
0,1435;0,0308;0,7974;0,8108;87,2412
-0,0210;-0,0220;0,6353;0,6360;87,3016
0,7725;-0,1303;2,4831;2,6038;87,3646
0,3854;-0,1069;1,2665;1,3281;87,4214
0,2431;-0,0381;1,4122;1,4334;87,4808
0,2277;0,0657;0,9731;1,0015;87,5429
0,0164;0,0605;0,6831;0,6860;87,6019
0,0247;0,0290;1,1151;1,1158;87,6614
0,1101;0,0398;0,9907;0,9975;87,7209
0,0596;0,0278;0,9802;0,9824;87,7847
0,1035;0,0366;0,9667;0,9730;87,8410
0,2287;0,0386;0,6495;0,6896;87,9014
-0,1086;-0,0002;0,0244;0,1113;87,9661
0,1113;-0,0840;1,4776;1,4841;88,0211
0,4156;-0,0588;1,0629;1,1428;88,0824
0,5389;-0,1198;2,2527;2,3194;88,1469
-0,0486;0,0610;0,3602;0,3686;88,2008
-0,0361;0,0615;0,8669;0,8698;88,2610
0,0349;0,0437;1,0697;1,0712;88,3216
0,0993;0,0598;0,9892;0,9960;88,3806
0,1272;0,0600;0,9311;0,9417;88,4412
-0,0657;0,0193;0,4740;0,4789;88,5032
0,4710;-0,0073;2,0558;2,1090;88,5613
0,3402;-0,1120;1,2894;1,3382;88,6236
0,2970;-0,0166;1,5310;1,5597;88,6809
0,2511;0,1298;1,2799;1,3107;88,7409
0,0615;0,0669;0,7312;0,7368;88,8002
0,0639;0,0268;1,0797;1,0820;88,8609
0,1201;0,0388;1,0004;1,0083;88,9208
0,1096;0,0412;0,9763;0,9833;88,9821
0,1442;0,0351;0,9697;0,9810;89,0411
-0,4913;-0,0254;1,3738;1,4593;89,1048
0,3107;-0,0081;1,7829;1,8098;89,1618
0,4515;-0,0693;1,3082;1,3857;89,2202
0,3710;0,0217;1,4222;1,4699;89,2806
0,2089;0,0220;1,0856;1,1057;89,3400
0,0964;0,0764;0,7249;0,7352;89,4002
0,0198;0,0283;1,0461;1,0466;89,4610
0,0942;0,0403;0,9926;0,9979;89,5214
0,0503;0,0400;0,9597;0,9618;89,5816
0,1245;0,0415;0,9274;0,9367;89,6412
0,1999;0,0669;-0,2309;0,3126;89,7028
0,2201;-0,1438;2,1609;2,1769;89,7603
0,4613;-0,1379;1,1022;1,2028;89,8206
0,2936;0,0442;1,3145;1,3476;89,8814
0,3905;-0,0239;1,4095;1,4628;89,9397
0,1430;0,0527;0,5692;0,5892;90,0014
-0,0054;0,0425;0,9907;0,9916;90,0636
0,0725;0,0327;1,0300;1,0330;90,1243
0,0571;0,0466;0,9860;0,9888;90,1808
0,0735;0,0395;0,9255;0,9292;90,2434
-0,0473;-0,0242;0,6834;0,6854;90,3088
0,6670;0,0198;2,4070;2,4978;90,3603
0,3246;-0,0969;1,3553;1,3970;90,4208
0,2004;0,0000;1,3172;1,3324;90,4816
0,1794;0,0542;1,2430;1,2571;90,5403
0,0461;0,0637;0,7176;0,7218;90,6000
0,0185;0,0388;0,9680;0,9689;90,6611
0,0884;0,0220;1,0487;1,0527;90,7202
0,0505;0,0146;0,9907;0,9921;90,7813
0,0627;0,0146;0,9626;0,9647;90,8451
0,1276;0,0456;0,8847;0,8951;90,9000
0,0422;0,0273;0,1911;0,1976;90,9602
0,0644;-0,0632;1,5379;1,5405;91,0204
0,5086;-0,0549;1,1744;1,2810;91,0800
0,1418;0,0439;1,0890;1,0991;91,1443
0,0142;-0,0056;0,7671;0,7672;91,2002
0,1093;0,0122;0,7322;0,7404;91,2612
0,0769;0,0139;0,9907;0,9937;91,3203
0,1128;0,0171;1,0231;1,0295;91,3802
0,0818;0,0151;0,9770;0,9805;91,4409
0,0927;0,0127;0,9614;0,9659;91,5006
0,1542;-0,0039;0,5238;0,5460;91,5601
0,1455;0,0691;1,0177;1,0304;91,6206
0,3417;-0,0547;1,3868;1,4293;91,6830
0,3759;-0,0552;1,5725;1,6177;91,7464
0,0415;0,0244;1,2281;1,2291;91,8002
0,0722;0,0061;0,3451;0,3526;91,8617
0,0476;0,0486;0,9484;0,9509;91,9196
0,0764;0,0146;1,0214;1,0244;91,9797
0,0976;0,0081;0,9916;0,9965;92,0411
0,2048;0,0085;0,7712;0,7980;92,1043
0,1115;-0,0661;0,5518;0,5669;92,1607
0,6897;-0,5328;3,0379;3,1604;92,2209
0,4527;-0,0910;1,2120;1,2970;92,2853
0,1957;-0,0032;1,3521;1,3662;92,3410
0,1904;-0,0215;0,9911;1,0095;92,4011
0,1745;0,0576;0,7061;0,7296;92,4606
0,0366;0,0325;0,9675;0,9687;92,5210
0,0866;0,0168;1,0436;1,0473;92,5851
0,1028;0,0176;0,9907;0,9961;92,6405
0,1645;0,0217;0,8174;0,8340;92,7013
0,1974;-0,0242;-0,0037;0,1990;92,7617
0,2148;-0,0273;1,6540;1,6681;92,8218
0,3117;-0,0644;1,1454;1,1888;92,8813
0,0881;-0,0237;1,2223;1,2257;92,9409
-0,1230;-0,0151;0,4452;0,4621;93,0007
0,0869;0,0059;0,7986;0,8033;93,0622
0,0134;-0,0037;0,9741;0,9742;93,1329
0,0527;-0,0146;1,0356;1,0370;93,1804
0,1054;-0,0007;0,9682;0,9739;93,2408
0,1279;-0,0090;0,9509;0,9595;93,3007
0,0337;-0,0395;0,5648;0,5671;93,3602
0,6927;-0,0674;2,7684;2,8546;93,4213
0,5179;-0,1150;1,0973;1,2188;93,4817
0,2975;-0,0459;1,2418;1,2778;93,5420
0,2326;-0,0378;1,5554;1,5732;93,6035
-0,0793;0,0517;0,4252;0,4356;93,6605
0,0234;0,0083;0,8315;0,8319;93,7203
0,0473;-0,0185;1,0334;1,0346;93,7839
0,0991;-0,0137;0,9907;0,9957;93,8469
0,1428;-0,0173;0,8964;0,9079;93,9003
0,0339;-0,0381;0,6155;0,6176;93,9607
0,5516;-0,1269;2,4201;2,4854;94,0238
0,4901;-0,0884;1,0688;1,1791;94,0802
0,4876;-0,1396;1,4641;1,5495;94,1403
0,1757;0,0154;1,5652;1,5751;94,2017
0,2267;0,0927;0,4281;0,4932;94,2605
0,0737;0,0207;0,9306;0,9338;94,3206
0,1103;-0,0095;1,0624;1,0682;94,3803
0,1477;-0,0076;0,9907;1,0016;94,4407
0,1760;-0,0144;0,8589;0,8768;94,5009
-0,1901;-0,0796;1,3299;1,3458;94,5622
0,4193;-0,2028;2,0006;2,0541;94,6215
0,3205;-0,0923;1,2113;1,2564;94,6807
0,2150;-0,0427;1,3289;1,3469;94,7403
0,0017;0,0215;1,1552;1,1554;94,8002
0,4259;0,1023;0,2245;0,4922;94,8603
0,0303;0,0049;0,9094;0,9099;94,9258
0,0976;-0,0098;1,0295;1,0341;94,9811
0,1918;-0,0056;0,8869;0,9075;95,0403
0,1674;0,0081;0,6641;0,6849;95,1011
0,0586;-0,0041;0,5330;0,5363;95,1615
-0,0027;-0,0310;1,2213;1,2217;95,2206
0,4271;-0,0849;1,1642;1,2430;95,2822
0,1787;0,0315;1,4505;1,4618;95,3400
-0,5294;0,0154;-1,5330;1,6219;95,4016
0,0483;0,0608;0,8645;0,8680;95,4613
0,1103;0,0303;1,0370;1,0433;95,5228
0,2399;0,0391;0,8891;0,9218;95,5799
0,1655;0,0027;0,9240;0,9387;95,6416
0,1665;-0,0200;0,7378;0,7566;95,7036
-0,1643;-0,1054;1,4646;1,4776;95,7613
0,2057;-0,0632;1,0976;1,1185;95,8219
0,3192;-0,0513;1,1212;1,1669;95,8843
0,0766;-0,0471;1,2769;1,2801;95,9410
0,4164;0,1779;0,9746;1,0746;96,0018
0,0788;0,0735;0,8474;0,8542;96,0614
0,0476;0,0046;1,0871;1,0881;96,1209
0,1140;0,0112;1,0141;1,0205;96,1813
0,1118;0,0093;0,9804;0,9868;96,2406
0,1369;0,0081;0,9423;0,9523;96,3008
0,0613;0,0027;-0,1054;0,1220;96,3614
0,4820;-0,1123;2,6969;2,7420;96,4221
0,3951;-0,0952;1,0558;1,1314;96,4809
0,3444;0,0056;1,3692;1,4119;96,5410
0,2406;-0,0742;1,1332;1,1608;96,6041
0,1423;0,0090;0,6089;0,6254;96,6609
0,0359;0,0071;0,9767;0,9774;96,7203
0,0952;-0,0005;1,0124;1,0168;96,7847
0,1091;0,0010;0,9853;0,9913;96,8406
0,1484;-0,0005;0,9550;0,9665;96,9005
0,0954;0,0032;0,0481;0,1069;96,9608
0,3324;-0,1125;2,1400;2,1685;97,0205
0,4198;-0,0874;1,1400;1,2180;97,0805
0,1420;0,0671;1,3292;1,3384;97,1437
-0,1630;-0,0098;0,9936;1,0069;97,2008
0,0671;0,0347;0,6682;0,6725;97,2613
0,0198;0,0071;1,0104;1,0106;97,3227
0,0769;0,0022;1,0021;1,0051;97,3812
0,0857;0,0005;0,9789;0,9827;97,4400
0,1899;0,0085;0,6150;0,6437;97,5006
0,0793;0,0403;0,6536;0,6596;97,5631
0,1403;-0,0888;1,6696;1,6779;97,6214
0,3412;-0,1035;1,1681;1,2213;97,6806
-0,2485;0,2311;1,1737;1,2218;97,7410
-0,1921;0,0273;0,0793;0,2096;97,8007
0,0547;0,0434;0,8535;0,8563;97,8602
0,0215;-0,0046;1,0827;1,0829;97,9207
0,0859;0,0083;1,0029;1,0066;97,9806
0,0849;0,0039;0,9672;0,9710;98,0412
0,2570;0,0395;0,2956;0,3937;98,1011
-0,1298;0,0337;-0,2260;0,2628;98,1615
0,2258;-0,0991;2,0355;2,0504;98,2207
0,3219;-0,0613;1,1054;1,1529;98,2820
0,4864;-0,1071;2,0267;2,0870;98,3403
0,0818;0,0029;0,0110;0,0825;98,4006
0,0271;0,0417;0,9436;0,9449;98,4604
0,0996;0,0176;1,0158;1,0208;98,5225
0,1250;0,0244;1,0060;1,0141;98,5834
0,1686;0,0181;0,8611;0,8776;98,6459
0,1047;-0,0122;0,4117;0,4250;98,7012
0,5753;-0,1276;2,4939;2,5625;98,7612
0,4798;-0,0996;1,0436;1,1530;98,8204
0,6199;-0,1909;1,4971;1,6316;98,8817
-0,0840;0,0674;1,1176;1,1227;98,9402
0,2353;0,0886;0,5243;0,5814;99,0023
-0,0273;0,0085;0,9736;0,9740;99,0637
0,0781;0,0120;0,9926;0,9958;99,1241
0,0913;0,0120;0,9816;0,9859;99,1805
0,1643;0,0107;0,9367;0,9511;99,2422
0,1516;-0,0703;0,9311;0,9460;99,3000
0,0649;-0,0386;1,4878;1,4897;99,3605
0,3917;-0,0740;1,1581;1,2248;99,4250
0,3034;0,0727;1,5749;1,6056;99,4798
-1,6696;0,2258;-3,3229;3,7257;99,5406
0,0029;0,0395;0,8313;0,8322;99,6015
0,0266;0,0015;1,0529;1,0532;99,6634
0,0981;0,0146;0,9907;0,9956;99,7220
0,0932;0,0063;0,9941;0,9985;99,7815
0,2294;-0,0039;0,6407;0,6805;99,8410
0,1840;-0,0476;0,8154;0,8373;99,9070
0,3144;-0,2387;2,1007;2,1374;99,9631
0,4178;-0,0945;1,0910;1,1721;100,0214
0,1330;0,0222;1,2838;1,2908;100,0854
0,1345;-0,0366;1,3636;1,3707;100,1444
0,1262;0,0256;0,4859;0,5027;100,2011
0,0598;0,0120;1,0707;1,0724;100,2610
0,1499;0,0142;0,9868;0,9982;100,3206
0,1125;0,0068;0,9958;1,0021;100,3808
0,1784;0,0115;0,9799;0,9961;100,4411
0,1755;0,0288;0,5186;0,5483;100,5010
0,0444;-0,0615;1,5471;1,5490;100,5620
0,2856;-0,0639;1,1386;1,1756;100,6216
0,0996;0,0076;1,3397;1,3434;100,6845
-0,1508;-0,0525;0,7866;0,8027;100,7406
0,2011;0,0703;0,6185;0,6541;100,8009
0,0391;0,0300;0,9953;0,9965;100,8658
0,1020;0,0298;1,0148;1,0204;100,9239
0,1067;0,0339;0,9907;0,9970;100,9807
0,1123;0,0276;0,9826;0,9894;101,0410
0,2587;0,0412;0,6014;0,6560;101,1020
0,2638;-0,0503;0,8127;0,8560;101,1611
0,0896;-0,1264;2,0087;2,0146;101,2207
0,4427;-0,0691;1,2167;1,2966;101,2807
0,0754;0,0315;0,9924;0,9957;101,3405
-0,1589;-0,0193;0,6246;0,6447;101,4004
0,0591;0,0256;0,7022;0,7051;101,4648
0,0554;0,0203;1,0077;1,0095;101,5208
0,0830;0,0105;1,0126;1,0161;101,5815
0,0781;0,0085;0,9789;0,9821;101,6445
0,1423;0,0056;0,9353;0,9460;101,7015
0,0010;0,0305;-0,0801;0,0857;101,7608
0,9387;-0,4952;3,4259;3,5866;101,8236
0,4105;-0,1132;1,1505;1,2268;101,8834
0,1730;0,0185;1,2579;1,2699;101,9405
0,2299;0,0676;1,0929;1,1189;102,0043
0,2040;0,0476;0,5465;0,5852;102,0615
0,0290;0,0132;1,0463;1,0468;102,1222
0,0813;0,0076;1,0095;1,0127;102,1807
0,0598;0,0083;0,9660;0,9679;102,2426
0,0859;0,0024;0,9731;0,9769;102,3052
0,2804;-0,0605;0,3947;0,4879;102,3620
-0,1586;0,0447;-0,1455;0,2198;102,4202
0,1999;-0,0952;1,5642;1,5798;102,4808
0,5223;-0,0234;1,3685;1,4649;102,5414
0,1464;0,0000;1,3265;1,3346;102,6053
-0,1398;0,0459;0,1679;0,2233;102,6614
0,0337;0,0039;0,8584;0,8590;102,7206
0,0569;-0,0034;1,0444;1,0459;102,7838
0,0771;-0,0071;0,9899;0,9930;102,8418
0,0869;-0,0056;0,9750;0,9789;102,9005
0,1379;-0,0095;1,0048;1,0143;102,9657
0,2150;0,0408;-0,0452;0,2235;103,0210
0,7110;-0,2719;2,8333;2,9338;103,0807
0,3222;-0,0715;1,2286;1,2722;103,1418
0,0959;0,0061;1,3184;1,3219;103,2064
-0,2241;0,0007;0,6936;0,7289;103,2602
0,0581;0,0571;0,7063;0,7110;103,3204
-0,0327;-0,0146;1,1415;1,1421;103,3847
0,0786;0,0100;1,0036;1,0067;103,4403
0,0334;0,0078;0,9682;0,9688;103,5009
0,0840;0,0083;0,9672;0,9709;103,5610
0,2856;-0,0034;0,4813;0,5596;103,6202
0,0830;-0,0561;0,7366;0,7434;103,6803
-0,0142;-0,0874;1,5252;1,5277;103,7431
0,2428;-0,0666;0,9770;1,0089;103,8000
0,7083;-0,0342;2,0772;2,1949;103,8611
-0,0193;0,0305;0,2402;0,2429;103,9246
0,0539;0,0244;0,7910;0,7932;103,9834
0,0571;0,0002;1,0732;1,0747;104,0405
0,0905;0,0137;0,9855;0,9898;104,1015
0,1059;0,0085;0,9828;0,9886;104,1604
0,1584;0,0027;0,9262;0,9397;104,2199
-0,0334;-0,0283;0,9706;0,9716;104,2802
0,6209;-0,2323;3,0210;3,0929;104,3428
0,4442;-0,0918;0,9887;1,0878;104,3997
0,0486;-0,0242;1,4995;1,5005;104,4607
0,1560;-0,1294;1,1039;1,1223;104,5243
0,2201;0,0478;0,3275;0,3975;104,5885
0,0085;0,0085;1,0568;1,0569;104,6409
0,0913;0,0103;1,0068;1,0109;104,7004
0,0676;0,0142;0,9711;0,9736;104,7604
0,0764;0,0085;0,9660;0,9691;104,8196
0,3251;0,0039;0,2409;0,4046;104,8797
-0,2931;0,0373;-0,0020;0,2955;104,9402
0,2455;-0,0395;1,3299;1,3530;104,9994
0,5762;-0,0417;1,3763;1,4926;105,0598
-0,0090;-0,1860;1,2996;1,3129;105,1215
0,2741;-0,0681;1,2950;1,3254;105,1835
0,1015;-0,0041;0,6602;0,6680;105,2403
0,0671;0,0029;1,0436;1,0458;105,3042
0,0959;0,0085;0,9919;0,9965;105,3608
0,0703;0,0056;0,9599;0,9625;105,4204
0,2250;-0,0010;0,6272;0,6664;105,4799
-0,3666;0,2040;0,0437;0,4218;105,5398
0,4320;-0,1086;1,6740;1,7323;105,5994
0,3261;-0,0483;1,2540;1,2966;105,6598
0,3929;0,0078;1,5005;1,5511;105,7201
0,0857;-0,0029;1,0414;1,0449;105,7793
0,0583;0,0085;0,6919;0,6944;105,8403
0,0688;0,0166;1,0224;1,0248;105,8996
0,0649;0,0149;0,9982;1,0004;105,9598
0,0532;0,0190;0,9741;0,9757;106,0191
0,1264;0,0110;0,9155;0,9242;106,0804
0,2734;-0,1028;1,8844;1,9069;106,1462
-0,2201;-0,0354;0,8947;0,9221;106,1996
0,2690;-0,0500;1,1891;1,2201;106,2599
-0,4152;0,0452;0,7176;0,8302;106,3192
-0,0261;-0,0037;0,8842;0,8846;106,3796
0,1733;0,0491;0,6385;0,6634;106,4394
0,0591;0,0464;0,9750;0,9779;106,4996
0,0430;0,0207;1,0273;1,0284;106,5635
0,0459;0,0237;0,9831;0,9844;106,6195
0,0825;0,0200;0,9614;0,9651;106,6795
0,0068;-0,0376;0,2035;0,2071;106,7398
0,1799;0,0229;2,3435;2,3505;106,8008
0,4437;-0,0549;1,1178;1,2039;106,8600
0,1096;-0,0088;1,2435;1,2484;106,9209
-0,0639;0,0383;0,8081;0,8115;106,9793
0,1323;0,0088;0,8337;0,8442;107,0399
0,0537;0,0332;0,8303;0,8327;107,1057
0,0205;0,0164;0,9965;0,9969;107,1622
0,0405;0,0085;0,9951;0,9959;107,2208
0,1010;0,0139;0,9067;0,9124;107,2807
0,0041;-0,0962;-0,2072;0,2285;107,3407
0,0022;-0,0674;1,7387;1,7400;107,4090
0,3981;-0,0620;1,4161;1,4723;107,4605
0,3925;0,0901;1,8847;1,9272;107,5211
0,0984;-0,0046;1,0580;1,0626;107,5804
0,0859;0,0693;0,8108;0,8183;107,6404
0,0195;0,0132;1,0856;1,0859;107,7003
0,0325;0,0041;0,9994;1,0000;107,7602
0,0173;0,0017;0,9843;0,9845;107,8205
0,0449;0,0002;0,9792;0,9802;107,8829
0,1176;-0,0049;0,9653;0,9724;107,9400
0,1250;-0,0559;0,5074;0,5256;108,0007
-0,1418;-0,0083;1,2355;1,2436;108,0602
0,2831;-0,0473;1,0568;1,0951;108,1212
0,1923;-0,0952;1,7824;1,7953;108,1801
0,0281;-0,0305;0,2516;0,2550;108,2405
-0,0115;-0,0002;0,8215;0,8216;108,3001
-0,0017;-0,0239;1,0788;1,0790;108,3600
0,0112;-0,0156;0,9972;0,9974;108,4216
0,0117;-0,0159;0,9709;0,9711;108,4798
0,0195;-0,0278;1,0256;1,0261;108,5400
-0,0605;-0,1691;1,3282;1,3403;108,6001
0,5965;-0,3168;2,8082;2,8883;108,6656
0,2709;-0,0749;1,1866;1,2195;108,7202
0,0181;-0,0349;1,1603;1,1609;108,7799
-0,0066;-0,0779;0,8723;0,8758;108,8401
0,0600;0,0349;0,7681;0,7712;108,9012
-0,0200;0,0022;1,0736;1,0738;108,9599
0,0364;0,0098;1,0019;1,0026;109,0213
0,0254;0,0085;0,9726;0,9730;109,0796
0,0757;0,0085;0,9907;0,9936;109,1420
0,0222;0,0034;0,3756;0,3763;109,2004
0,3114;0,0688;2,2229;2,2457;109,2597
0,3527;-0,1001;1,2308;1,2843;109,3196
0,3107;0,0122;1,2535;1,2915;109,3863
-0,0644;0,0044;1,0302;1,0322;109,4402
0,1398;0,0730;0,6770;0,6952;109,4999
0,0029;0,0295;0,9870;0,9874;109,5600
0,0344;0,0146;1,0285;1,0292;109,6198
0,0598;0,0259;0,9814;0,9835;109,6794
0,0801;0,0154;0,9548;0,9583;109,7401
0,0439;0,0154;0,5887;0,5905;109,7999
0,3017;0,0393;1,0912;1,1328;109,8631
0,2687;-0,0857;1,4090;1,4369;109,9195
-1,9018;0,2409;-0,1769;1,9251;109,9795
-0,0041;0,0971;1,1969;1,2008;110,0419
0,0308;0,0273;0,6778;0,6790;110,1016
0,0093;0,0078;1,0861;1,0862;110,1610
0,0400;0,0144;0,9943;0,9952;110,2198
0,0295;0,0112;0,9782;0,9787;110,2795
0,0295;0,0132;0,9177;0,9183;110,3408
0,2004;-0,0041;0,4422;0,4855;110,3999
-0,0945;0,0874;-0,1513;0,1986;110,4594
0,5152;-0,1035;2,3525;2,4105;110,5197
0,2926;-0,0007;1,1832;1,2189;110,5835
-0,0229;-0,1108;1,2796;1,2846;110,6399
0,2245;0,0239;0,4310;0,4866;110,6996
0,0327;0,0212;0,9653;0,9661;110,7620
0,0361;-0,0051;1,0824;1,0830;110,8210
0,0671;0,0122;0,9599;0,9623;110,8800
0,0622;0,0073;0,9597;0,9617;110,9393
0,3532;-0,0561;0,3156;0,4769;110,9990
-0,1589;0,1084;-0,2336;0,3026;111,0604
0,0659;-0,0459;1,4998;1,5019;111,1197
0,4376;-0,0266;1,4314;1,4971;111,1802
-0,0854;-0,0098;1,1205;1,1238;111,2396
-0,0054;-0,0449;0,4252;0,4276;111,2995
-0,0308;0,0195;0,9343;0,9350;111,3597
-0,0105;0,0088;1,0492;1,0493;111,4208
0,0034;0,0164;0,9907;0,9908;111,4793
0,0032;0,0134;0,9575;0,9576;111,5395
0,1411;-0,0032;0,7332;0,7466;111,6027
0,0044;-0,0308;0,6116;0,6124;111,6669
0,5152;-0,3651;2,9307;2,9980;111,7187
0,2590;-0,1015;1,1056;1,1401;111,7813
-0,1921;0,0469;0,9021;0,9235;111,8412
-0,1279;-0,1645;0,9487;0,9713;111,8990
0,0329;0,0378;0,6541;0,6560;111,9596
-0,0488;0,0017;1,0885;1,0896;112,0204
0,0200;0,0098;0,9990;0,9992;112,0788
0,0085;0,0085;0,9614;0,9614;112,1423
0,0034;-0,0032;1,2010;1,2011;112,2008
-0,1147;-0,0527;0,6399;0,6523;112,2630
0,3580;-0,1462;1,8715;1,9110;112,3197
0,4147;-0,0825;1,1925;1,2652;112,3789
-0,0439;0,0930;0,9850;0,9904;112,4394
-0,9890;0,2021;-2,3542;2,5615;112,5013
-0,0476;0,0046;0,8349;0,8363;112,5602
-0,0041;-0,0117;1,0627;1,0627;112,6192
0,0410;-0,0017;1,0209;1,0217;112,6794
0,0430;-0,0100;0,9772;0,9782;112,7392
0,1550;-0,0071;0,7456;0,7616;112,8008
0,0996;-0,0769;1,1483;1,1552;112,8601
-0,2907;-0,0391;1,4388;1,4684;112,9192
0,3512;-0,0713;1,1300;1,1855;112,9798
0,1630;-0,1167;1,2923;1,3078;113,0400
-0,5272;0,2404;-0,4881;0,7576;113,0991
0,0083;-0,0286;0,8179;0,8184;113,1603
0,0017;-0,0405;1,0685;1,0693;113,2195
0,0720;-0,0164;0,9785;0,9812;113,2787
0,0217;-0,0286;0,9489;0,9496;113,3394
0,1657;0,0434;0,8059;0,8239;113,3990
0,1521;-0,0898;0,4186;0,4543;113,4605
-0,1682;-0,0195;1,1901;1,2020;113,5225
0,3361;-0,1113;1,3050;1,3522;113,5834
0,0366;0,0364;1,4468;1,4477;113,6391
0,2123;0,0217;0,5277;0,5692;113,6999
-0,0439;0,0190;0,9663;0,9674;113,7585
-0,0127;0,0071;1,0631;1,0632;113,8287
0,0527;0,0256;0,9702;0,9719;113,8793
0,0381;0,0185;0,9152;0,9162;113,9401
0,1120;0,0044;0,5738;0,5846;113,9984
-0,0256;0,0142;0,1457;0,1486;114,0588
0,1347;-0,0608;1,4307;1,4383;114,1227
-0,1896;-0,1345;1,4371;1,4557;114,1785
-0,0903;-0,0134;0,1867;0,2078;114,2400
0,0146;0,0617;0,7683;0,7709;114,3019
-0,0676;0,0085;1,1168;1,1189;114,3627
-0,0098;0,0247;1,0007;1,0010;114,4196
-0,0337;0,0178;0,9804;0,9811;114,4816
0,0054;0,0178;0,9626;0,9628;114,5404
0,3649;0,0427;0,4139;0,5534;114,6014
-0,0417;0,0203;0,0041;0,0466;114,6598
0,2636;-0,0059;1,4756;1,4990;114,7220
0,5882;-0,0981;1,9664;2,0549;114,7815
0,0666;-0,0339;1,6809;1,6825;114,8395
0,0308;-0,0063;0,6829;0,6836;114,8997
-0,0159;-0,0081;1,0029;1,0030;114,9619
0,0161;-0,0107;1,0280;1,0282;115,0198
0,0203;0,0024;0,9682;0,9684;115,0801
0,0744;0,0054;0,9011;0,9042;115,1510
-0,4947;-0,1269;1,0675;1,1834;115,1992
0,3981;0,1787;1,2057;1,2822;115,2664
0,2982;-0,1118;1,4217;1,4569;115,3230
0,2550;0,0239;1,4473;1,4698;115,3810
-0,0486;-0,0469;1,0636;1,0658;115,4397
0,0437;0,0434;0,6970;0,6998;115,5035
-0,0093;0,0168;1,0361;1,0362;115,5590
0,0183;-0,0085;1,0209;1,0211;115,6199
0,0095;0,0054;0,9631;0,9631;115,6794
0,0464;0,0059;0,9414;0,9425;115,7414
-0,0774;-0,0281;0,1708;0,1896;115,7992
0,5779;-0,0473;3,0181;3,0733;115,8597
0,1787;-0,0698;1,0749;1,0918;115,9242
0,0710;0,0085;1,4834;1,4851;115,9794
0,1931;-0,0278;1,3458;1,3598;116,0394
0,0727;0,0261;0,6265;0,6313;116,0994
-0,0281;0,0081;1,0524;1,0528;116,1602
0,0078;0,0105;1,0087;1,0088;116,2184
-0,0063;0,0088;0,9619;0,9619;116,2795
0,1150;0,0122;0,9004;0,9077;116,3394
0,0386;-0,0312;0,4732;0,4758;116,4001
0,1743;-0,0923;2,1451;2,1541;116,4594
0,3126;-0,0608;1,3311;1,3687;116,5193
0,5257;0,0393;1,9498;2,0198;116,5783
-0,1701;-0,0051;0,1877;0,2534;116,6390
0,0454;0,0547;0,8762;0,8791;116,7027
0,0056;0,0144;1,0609;1,0611;116,7596
0,0369;0,0154;1,0021;1,0029;116,8194
0,0569;0,0132;0,9609;0,9627;116,8794
0,3112;0,0532;0,1855;0,3662;116,9387
0,0164;0,0290;0,8000;0,8007;116,9996
0,3041;-0,0410;1,5852;1,6146;117,0633
0,3920;-0,0212;1,5130;1,5631;117,1215
-0,1560;-0,0205;1,0551;1,0668;117,1787
0,2148;0,0869;0,3866;0,4507;117,2413
-0,0227;0,0122;0,9628;0,9632;117,2990
0,0146;-0,0027;1,0156;1,0157;117,3594
0,0388;0,0056;0,9907;0,9914;117,4193
0,0740;0,0032;0,9606;0,9635;117,4799
-0,0535;0,0085;0,4857;0,4887;117,5413
0,1037;-0,1045;0,6094;0,6270;117,6019
0,2529;-0,0561;1,3114;1,3367;117,6593
0,4264;-0,0083;1,2318;1,3035;117,7209
0,0347;-0,0452;1,1481;1,1495;117,7785
0,2492;-0,0527;1,0165;1,0480;117,8395
-0,0315;-0,0051;0,8179;0,8185;117,8998
-0,0542;-0,0349;1,0629;1,0649;117,9595
0,0652;-0,0132;0,9985;1,0007;118,0225
0,0500;-0,0225;0,9638;0,9654;118,0791
-0,2306;-0,0081;0,9338;0,9619;118,1394
0,3065;0,0283;1,7670;1,7936;118,1990
0,3041;-0,0576;1,2852;1,3220;118,2617
0,1848;0,0261;1,1764;1,1911;118,3188
-0,1538;-0,0044;0,7222;0,7384;118,3792
0,0405;-0,0117;0,3517;0,3542;118,4392
-0,0215;-0,0105;0,9404;0,9407;118,4990
0,0115;-0,0132;1,0314;1,0316;118,5609
0,0530;-0,0027;0,9907;0,9921;118,6200
0,0315;-0,0088;0,9550;0,9556;118,6798
-0,0010;-0,0198;0,4942;0,4946;118,7387
-0,1748;-0,0515;1,3136;1,3261;118,7987
0,3065;-0,0066;1,4546;1,4866;118,8630
0,3402;-0,0603;1,3692;1,4121;118,9189
-0,0434;0,0210;0,9201;0,9214;118,9811
0,1535;0,0591;0,5889;0,6115;119,0382
0,0085;-0,0007;0,9997;0,9997;119,0986
0,0593;-0,0078;1,0339;1,0356;119,1658
0,0635;0,0007;0,9882;0,9903;119,2185
0,0866;-0,0041;0,9572;0,9611;119,2790
-0,2082;-0,0383;0,8552;0,8810;119,3398
0,3087;-0,0574;0,1933;0,3687;119,3981
0,3380;-0,0815;1,3843;1,4273;119,4589
0,4149;-0,1372;1,5915;1,6504;119,5212
-0,0200;0,0847;0,8203;0,8249;119,5789
0,0561;0,0298;0,6233;0,6266;119,6408
-0,0376;0,0085;1,0285;1,0292;119,6976
0,0239;0,0059;0,9977;0,9980;119,7584
0,0561;0,0088;0,9831;0,9847;119,8239
0,0984;0,0034;0,9719;0,9768;119,8863
0,0517;0,0322;0,4408;0,4450;119,9385
0,3368;-0,0561;2,0997;2,1273;119,9986
0,4493;-0,0935;1,2206;1,3040;120,0585
-0,6470;0,0862;0,5479;0,8522;120,1206
-0,0220;0,0041;0,3668;0,3675;120,1789
0,0120;0,0373;0,7844;0,7854;120,2391
-0,0295;0,0120;1,0234;1,0239;120,2981
0,0212;0,0256;1,0092;1,0098;120,3601
0,0298;0,0256;0,9736;0,9744;120,4216
0,0132;0,0142;1,4363;1,4365;120,4794
-0,0188;-0,0015;0,4320;0,4324;120,5383
0,1860;-0,1394;2,1963;2,2086;120,5982
0,1301;-0,0810;1,2316;1,2410;120,6585
0,0469;-0,0954;1,5930;1,5966;120,7218
0,0847;-0,0195;0,2385;0,2538;120,7795
0,0103;0,0513;0,9914;0,9928;120,8392
0,0283;0,0300;1,0107;1,0115;120,9022
0,0600;0,0427;0,9858;0,9885;120,9597
0,0559;0,0300;0,9802;0,9822;121,0196
0,2585;0,1118;0,4510;0,5317;121,0806
-0,0188;0,0386;0,5572;0,5588;121,1391
0,2172;-0,0940;1,4781;1,4969;121,1993
0,3656;-0,0430;1,3480;1,3973;121,2630
0,1193;-0,0037;1,2940;1,2995;121,3229
-0,3266;0,0107;0,1225;0,3490;121,3792
0,0705;0,0134;0,7234;0,7270;121,4403
-0,0176;-0,0185;1,0426;1,0430;121,4989
0,0569;0,0012;0,9794;0,9811;121,5613
0,0469;-0,0142;0,9519;0,9531;121,6193
0,1342;-0,0115;0,2553;0,2887;121,6792
0,2614;-0,0076;0,5914;0,6466;121,7388
0,5079;-0,2402;1,3643;1,4755;121,7989
-0,1911;0,1220;0,8108;0,8419;121,8591
0,3429;-0,1052;1,2852;1,3344;121,9198
0,0276;-0,0483;0,7466;0,7487;121,9797
-0,0247;-0,0517;1,0463;1,0479;122,0389
0,0239;-0,0337;0,9985;0,9993;122,0989
0,0398;-0,0215;0,9580;0,9590;122,1692
0,0854;-0,0034;0,9655;0,9693;122,2185
0,1398;-0,0266;0,6321;0,6480;122,2802
0,3041;-0,1118;1,9467;1,9734;122,3388
0,2424;-0,1091;1,2599;1,2876;122,4032
0,4264;0,0066;1,7172;1,7694;122,4586
0,1923;0,0254;0,5523;0,5854;122,5189
-0,0112;0,0268;0,9533;0,9538;122,5784
-0,0037;0,0085;1,0058;1,0058;122,6392
0,0120;0,0110;1,0002;1,0003;122,6986
0,0669;0,0110;0,9140;0,9165;122,7593
-0,2753;-0,0395;0,9741;1,0130;122,8189
0,2233;0,0715;0,6250;0,6676;122,8792
0,2541;-0,0671;1,2909;1,3173;122,9393
0,1115;0,0398;1,4893;1,4940;123,0014
0,1564;-0,0329;0,9645;0,9777;123,0587
-0,0547;0,0200;0,7903;0,7924;123,1194
-0,0342;0,0020;1,0602;1,0608;123,1830
-0,0007;0,0085;0,9919;0,9919;123,2467
-0,0015;0,0039;0,9811;0,9811;123,2988
0,1860;0,0041;0,8703;0,8900;123,3587
-0,2477;-0,0259;0,7581;0,7979;123,4198
-0,0017;-0,0945;2,0824;2,0845;123,4786
0,3417;-0,1032;1,2777;1,3266;123,5393
0,0049;-0,0020;1,4048;1,4048;123,5990
0,0417;0,0229;0,7988;0,8002;123,6585
-0,0364;0,0234;0,8101;0,8112;123,7186
-0,0554;-0,0046;1,0361;1,0375;123,7786
0,0029;0,0061;0,9916;0,9917;123,8434
-0,0510;-0,0098;1,0475;1,0488;123,8991
0,0547;-0,0400;0,6187;0,6224;123,9588
-0,0256;0,0832;0,5884;0,5948;124,0196
0,2133;-0,0993;1,6814;1,6977;124,0788
0,2987;-0,2455;1,8266;1,8671;124,1386
0,0469;0,0637;1,3868;1,3890;124,1984
-0,0886;0,0132;0,7278;0,7333;124,2584
-0,0769;-0,0144;1,1022;1,1050;124,3185
0,0029;0,0015;1,0107;1,0107;124,3782
-0,0376;-0,0100;0,9907;0,9914;124,4398
0,0161;-0,0015;0,9531;0,9532;124,5016
0,0644;0,0085;0,5445;0,5484;124,5583
-0,2475;0,0041;1,4112;1,4327;124,6192
0,1686;-0,1098;1,1610;1,1783;124,6783
0,5650;-0,0417;1,5654;1,6648;124,7392
0,0164;0,0044;0,6597;0,6599;124,7985
-0,0286;-0,0073;0,8154;0,8160;124,8581
-0,0486;-0,0281;1,0087;1,0103;124,9187
0,0032;-0,0205;1,0065;1,0067;124,9784
0,0286;-0,0247;0,9113;0,9121;125,0378
-0,1474;-0,1911;0,5648;0,6142;125,0996
-0,1740;-0,1279;1,5745;1,5892;125,1618
0,3663;-0,0515;1,3092;1,3604;125,2175
-0,0068;-0,0527;1,0485;1,0498;125,2793
-0,2260;0,0161;0,1069;0,2505;125,3386
0,1860;0,0796;0,7329;0,7603;125,3979
0,0088;0,0266;1,0092;1,0096;125,4581
0,0852;-0,0095;1,0651;1,0685;125,5195
0,1198;0,0334;0,9631;0,9711;125,5783
0,0920;0,0124;0,9611;0,9656;125,6446
0,1245;0,0098;0,9992;1,0070;125,6973
0,1301;0,0022;0,9907;0,9992;125,7589
0,1359;-0,0012;1,0048;1,0140;125,8185
0,1403;0,0447;1,0190;1,0296;125,8780
0,1389;0,0564;0,9777;0,9891;125,9403
0,1006;0,0124;0,9860;0,9912;125,9986
0,1294;0,0342;0,9968;1,0057;126,0580
0,1276;0,0100;0,9907;0,9989;126,1180
0,1372;0,0173;0,9919;1,0015;126,1773
0,1345;0,0085;0,9909;1,0000;126,2370
0,1555;0,0188;0,9760;0,9885;126,3029
