0,1242;-0,0068;0,9904;0,9982;0,1108
0,1311;0,0012;0,9938;1,0024;0,3633
0,1233;-0,0081;1,0053;1,0129;0,3651
0,1257;-0,0046;0,9985;1,0064;0,3666
0,1533;0,0017;0,9907;1,0024;0,3684
0,1198;-0,0073;0,9909;0,9981;0,4071
0,1364;-0,0039;0,9907;1,0000;0,4437
0,1381;-0,0056;0,9907;1,0003;0,5030
0,1447;0,0000;0,9907;1,0012;0,5637
0,1474;0,0012;0,9907;1,0016;0,6233
0,1667;-0,0090;0,9804;0,9945;0,6855
0,1616;-0,0247;1,0317;1,0445;0,7452
0,1418;-0,0593;1,0153;1,0269;0,8049
0,1713;-0,0217;1,2716;1,2833;0,8644
0,0610;-0,1071;1,2852;1,2911;0,9241
0,0222;-0,0295;0,8784;0,8792;0,9839
-0,0161;-0,0639;1,0402;1,0423;1,0452
0,0715;-0,0171;0,7359;0,7395;1,1054
0,0937;-0,0268;0,9396;0,9447;1,1659
0,0347;-0,0537;0,9907;0,9927;1,2251
0,1010;-0,0464;0,9755;0,9818;1,2856
0,0776;-0,0215;0,1028;0,1305;1,3488
-0,0029;-0,0005;1,3409;1,3409;1,4058
0,1342;0,0234;1,1962;1,2039;1,4652
-0,0188;0,0508;1,0922;1,0935;1,5258
0,0718;0,0391;0,9570;0,9605;1,5922
0,0810;0,0142;0,9584;0,9620;1,6464
0,1147;0,0085;1,0270;1,0334;1,7050
0,0971;0,0027;1,0400;1,0445;1,7666
0,1359;0,0164;1,2037;1,2115;1,8679
0,0703;0,0232;1,0126;1,0153;1,8855
-0,0171;0,0085;0,7900;0,7903;1,9453
0,0708;0,0039;0,9914;0,9939;2,0044
0,0400;-0,0578;0,9714;0,9739;2,0644
0,0779;-0,0913;1,0090;1,0161;2,1248
0,0884;-0,0918;1,0314;1,0393;2,1857
0,1130;-0,0459;0,9833;0,9909;2,2449
0,1018;-0,0227;0,7085;0,7162;2,3044
-0,0261;0,0378;1,2132;1,2141;2,3648
0,2309;-0,0344;1,0622;1,0875;2,4270
0,0085;-0,0391;1,0949;1,0956;2,4841
0,0930;0,0095;1,0046;1,0089;2,5449
0,0276;-0,0049;0,9941;0,9945;2,6144
0,0732;-0,0215;1,1605;1,1630;2,6641
0,0454;0,0137;1,2411;1,2420;2,7252
0,0115;-0,0037;1,0361;1,0361;2,7847
0,0317;0,0132;1,0597;1,0603;2,8442
-0,0210;0,0085;0,8303;0,8306;2,9048
0,0120;0,0117;0,9655;0,9657;2,9682
-0,0161;-0,0124;0,9897;0,9899;3,0276
-0,0112;-0,0268;1,0112;1,0116;3,0852
0,0120;-0,0303;0,9992;0,9997;3,1454
0,0652;-0,0251;1,0153;1,0177;3,2060
-0,0166;0,0156;0,4972;0,4977;3,2653
-0,0644;0,0347;1,0558;1,0584;3,3258
0,0288;0,0859;1,5071;1,5098;3,3847
0,1042;0,0015;1,0265;1,0318;3,4470
0,0024;-0,0166;1,0026;1,0028;3,5049
0,0251;-0,0017;0,9999;1,0003;3,5654
-0,0115;0,0032;1,1276;1,1276;3,6372
0,0085;0,0456;1,2984;1,2993;3,6849
-0,0430;-0,0015;0,9226;0,9236;3,7441
-0,0483;0,0203;0,7459;0,7477;3,8040
-0,0261;-0,0090;0,9494;0,9498;3,8652
-0,0371;-0,0466;1,0358;1,0375;3,9246
-0,0212;-0,0449;0,9907;0,9919;3,9848
0,0090;-0,0376;0,9938;0,9946;4,0482
0,0207;-0,0405;1,0324;1,0334;4,1063
-0,0637;-0,0234;0,6944;0,6977;4,1647
-0,1496;0,0312;1,4129;1,4211;4,2282
0,1159;0,0283;1,5183;1,5230;4,2846
0,0122;-0,0244;1,0051;1,0054;4,3448
0,0085;-0,0164;1,0077;1,0079;4,4075
0,0098;-0,0142;1,0129;1,0130;4,4648
0,0527;0,0249;1,1954;1,1968;4,5270
-0,0491;0,0085;1,0397;1,0409;4,5843
-0,0596;-0,0002;0,9555;0,9574;4,6450
0,0359;0,0227;0,8752;0,8762;4,7087
0,0027;0,0071;0,8376;0,8377;4,7661
-0,0322;-0,0603;1,0343;1,0366;4,8243
-0,0530;-0,0452;0,9650;0,9675;4,8844
-0,0437;-0,0432;0,9968;0,9987;4,9485
0,0124;-0,0381;0,9750;0,9759;5,0035
0,3424;-0,0127;0,2516;0,4251;5,0643
-0,2292;0,0081;1,5532;1,5701;5,1264
0,3424;0,1611;2,5910;2,6185;5,1841
0,0156;-0,0066;0,9863;0,9864;5,2514
0,0098;0,0085;0,9772;0,9773;5,3049
0,0044;0,0027;1,0107;1,0107;5,3661
-0,0371;-0,0078;1,1349;1,1355;5,4278
-0,0454;0,0552;1,1439;1,1462;5,4840
-0,0752;0,0103;0,9545;0,9575;5,5438
0,1779;0,0183;0,5157;0,5458;5,6071
-0,0744;0,0139;0,9091;0,9123;5,6641
-0,0915;-0,0342;1,1432;1,1474;5,7236
-0,0283;-0,0359;0,9604;0,9615;5,7839
-0,0430;-0,0322;0,9799;0,9814;5,8478
0,0220;-0,0288;0,9470;0,9477;5,9069
-0,2123;0,0527;0,4210;0,4745;5,9647
-0,1589;-0,0203;1,3707;1,3800;6,0240
0,1213;-0,0063;1,2877;1,2934;6,0834
-0,0083;-0,0278;1,0280;1,0284;6,1441
0,0088;-0,0124;1,0077;1,0079;6,2038
-0,0098;-0,0061;1,0434;1,0434;6,2655
0,0161;0,0088;1,1322;1,1324;6,3235
-0,0598;-0,0247;1,0602;1,0622;6,3836
-0,0225;-0,0195;1,0243;1,0248;6,4509
-0,0796;0,0090;0,9323;0,9358;6,5039
-0,0193;-0,0220;0,9609;0,9613;6,5636
-0,0295;-0,0217;1,0007;1,0013;6,6287
-0,0203;-0,0205;0,9933;0,9938;6,6834
0,0041;-0,0203;0,9902;0,9904;6,7443
0,0705;-0,0076;0,9726;0,9752;6,8041
-0,1423;0,0312;0,5819;0,5998;6,8662
-0,1147;0,0010;1,1410;1,1468;6,9249
0,0478;-0,0164;1,1866;1,1877;6,9841
0,0085;-0,0254;1,0519;1,0523;7,0468
0,0056;-0,0139;0,9907;0,9908;7,1059
-0,0337;-0,0203;1,0297;1,0305;7,1637
-0,0098;0,0066;1,0578;1,0578;7,2244
-0,0351;0,0185;1,0568;1,0575;7,2837
-0,0137;0,0288;0,9680;0,9685;7,3437
-0,0129;0,0124;0,9082;0,9083;7,4035
-0,0063;0,0273;0,8818;0,8823;7,4634
-0,0398;0,0022;0,9921;0,9929;7,5237
-0,0483;-0,0071;1,0331;1,0343;7,5828
-0,0403;-0,0044;1,0141;1,0149;7,6434
-0,0256;0,0017;0,9894;0,9898;7,7044
-0,0178;-0,0012;0,9911;0,9913;7,7627
0,0232;-0,0002;0,9907;0,9909;7,8237
0,1252;0,0085;0,7598;0,7701;7,8843
-0,0220;0,0029;0,7930;0,7933;7,9458
-0,0862;-0,0605;1,2086;1,2132;8,0045
0,1003;-0,0354;0,9448;0,9507;8,0639
0,0415;-0,0254;1,0331;1,0343;8,1271
0,0156;-0,0227;0,9907;0,9910;8,1846
0,0088;-0,0159;1,0102;1,0103;8,2444
0,0190;-0,0117;1,1122;1,1124;8,3045
-0,0200;0,0151;1,1120;1,1122;8,3664
-0,0347;0,0100;1,0292;1,0299;8,4240
-0,0051;0,0185;0,9838;0,9840;8,4847
-0,0139;0,0115;0,8655;0,8656;8,5487
0,0103;0,0139;0,9326;0,9327;8,6096
-0,0251;0,0046;1,0080;1,0083;8,6639
-0,0373;-0,0051;1,0148;1,0155;8,7269
-0,0200;-0,0049;0,9907;0,9909;8,7837
-0,0278;-0,0046;0,9919;0,9923;8,8440
-0,0242;-0,0103;0,9970;0,9973;8,9066
-0,0071;-0,0103;1,0034;1,0034;8,9643
0,0220;-0,0076;0,9911;0,9914;9,0243
0,1860;0,0168;0,7825;0,8044;9,0880
-0,0349;-0,0552;0,7229;0,7259;9,1575
-0,0815;-0,0124;1,2596;1,2623;9,2042
0,0491;-0,0227;1,1952;1,1964;9,2644
-0,0073;-0,0359;1,0282;1,0289;9,3245
-0,0327;-0,0329;1,0104;1,0115;9,3841
-0,0461;-0,0332;1,0688;1,0703;9,4444
-0,0425;-0,0332;1,0854;1,0867;9,5066
-0,0164;0,0354;1,0278;1,0285;9,5647
-0,0532;0,0085;1,0710;1,0723;9,6240
-0,0371;0,0085;0,8999;0,9007;9,6861
-0,0351;-0,0120;0,8869;0,8877;9,7442
-0,0639;0,0088;1,0009;1,0030;9,8049
-0,0456;0,0093;0,9929;0,9939;9,8650
-0,0642;0,0022;1,0009;1,0030;9,9243
-0,0576;-0,0041;0,9907;0,9923;9,9868
-0,0500;-0,0081;0,9907;0,9920;10,0438
-0,0198;-0,0022;1,0146;1,0148;10,1043
0,0417;0,0117;0,9855;0,9865;10,1648
0,0569;-0,0185;0,5133;0,5167;10,2236
-0,2392;0,0105;1,1090;1,1346;10,2841
-0,1191;0,0835;1,2359;1,2445;10,3468
-0,0068;-0,0337;1,0475;1,0481;10,4072
-0,0683;-0,0481;1,0195;1,0229;10,4648
-0,0654;-0,0217;1,0475;1,0498;10,5275
-0,0520;-0,0300;1,1156;1,1172;10,5841
-0,0190;0,0046;1,1190;1,1192;10,6437
-0,0556;0,0188;0,8833;0,8852;10,7056
-0,0081;0,0122;0,9431;0,9432;10,7644
-0,0447;0,0032;0,9445;0,9456;10,8235
-0,0422;0,0088;1,0343;1,0352;10,8836
-0,0495;-0,0037;0,9909;0,9921;10,9459
-0,0586;-0,0105;1,0051;1,0068;11,0038
-0,0654;-0,0259;1,0041;1,0065;11,0638
-0,0471;-0,0305;0,9909;0,9925;11,1238
-0,0210;-0,0339;0,9907;0,9915;11,1847
0,0222;-0,0361;0,8923;0,8933;11,2471
-0,3632;-0,0649;0,5867;0,6931;11,3048
-0,2694;-0,1201;1,1976;1,2334;11,3635
0,1796;-0,0644;1,1020;1,1184;11,4238
-0,1006;-0,0561;1,0229;1,0293;11,4834
-0,0444;-0,0273;1,0585;1,0598;11,5433
-0,0761;-0,0498;1,0304;1,0344;11,6048
-0,0373;0,0210;1,0993;1,1001;11,6636
-0,0603;0,0247;0,9516;0,9538;11,7270
-0,0637;0,0325;0,8603;0,8633;11,7832
-0,0293;0,0144;0,9218;0,9224;11,8442
-0,0761;-0,0056;1,0663;1,0690;11,9050
-0,0940;-0,0151;1,1242;1,1282;11,9645
-0,0166;-0,0132;0,9418;0,9421;12,0236
-0,0569;-0,0217;1,0102;1,0120;12,0835
-0,0503;-0,0278;0,9907;0,9923;12,1487
-0,0259;-0,0286;0,9848;0,9856;12,2102
0,0063;-0,0366;0,9282;0,9289;12,2633
-0,1660;0,0447;0,2306;0,2876;12,3234
-0,1306;-0,0539;1,2945;1,3022;12,3855
0,1057;-0,0796;1,1881;1,1954;12,4428
-0,0144;-0,0542;1,0270;1,0286;12,5032
-0,0183;-0,0488;0,9907;0,9920;12,5632
0,0351;-0,0412;1,2342;1,2354;12,6280
0,0022;-0,0295;1,1015;1,1019;12,6834
-0,0478;0,0337;1,0231;1,0248;12,7453
-0,0544;0,0129;0,8520;0,8539;12,8032
0,0146;0,0317;0,8266;0,8274;12,8637
-0,0317;-0,0078;0,9880;0,9885;12,9271
0,0115;-0,0127;0,9724;0,9725;12,9878
-0,0483;-0,0188;0,9977;0,9991;13,0432
-0,0510;-0,0237;0,9980;0,9996;13,1034
-0,0403;-0,0237;0,9941;0,9952;13,1655
-0,0195;-0,0242;0,9914;0,9919;13,2234
0,0913;-0,0027;0,8730;0,8778;13,2831
0,0371;0,0015;0,6307;0,6318;13,3444
-0,0896;-0,0559;0,9694;0,9752;13,4049
0,0583;0,0578;1,2323;1,2350;13,4631
-0,0200;-0,0405;1,0375;1,0385;13,5233
0,0059;-0,0369;1,0153;1,0160;13,5832
-0,0261;-0,0476;1,1954;1,1967;13,6449
-0,0632;-0,0615;1,0400;1,0437;13,7028
-0,0293;-0,0515;0,8301;0,8322;13,7639
-0,0361;-0,0515;0,9716;0,9737;13,8257
-0,0337;-0,0171;1,0490;1,0497;13,8830
0,0329;0,0325;0,9453;0,9464;13,9430
-0,0388;0,0120;1,0082;1,0090;14,0075
-0,0220;0,0085;1,0043;1,0046;14,0632
-0,0325;-0,0122;0,9970;0,9976;14,1232
-0,0029;-0,0185;0,9907;0,9908;14,1851
0,0342;-0,0124;0,9929;0,9935;14,2433
-0,0095;-0,0002;0,8952;0,8953;14,3032
-0,1162;-0,0342;1,3853;1,3906;14,3629
0,1386;0,0417;1,1181;1,1274;14,4252
-0,0432;-0,0552;1,0766;1,0788;14,4881
0,0332;-0,0234;1,1454;1,1461;14,5429
-0,0752;-0,0473;1,1286;1,1320;14,6034
-0,0530;-0,0044;0,9750;0,9765;14,6626
-0,0503;0,0164;0,9572;0,9587;14,7224
-0,0173;0,0146;0,9355;0,9358;14,7827
0,0166;-0,0124;0,8349;0,8352;14,8426
-0,0332;-0,0061;0,9821;0,9827;14,9022
-0,0332;-0,0095;1,0070;1,0076;14,9635
-0,0395;-0,0193;1,0007;1,0016;15,0238
-0,0195;-0,0264;0,9863;0,9868;15,0838
0,0093;-0,0310;1,0060;1,0066;15,1448
0,0874;-0,0112;0,8696;0,8741;15,2035
0,0771;0,1301;0,3707;0,4004;15,2621
-0,0586;-0,1298;1,3499;1,3574;15,3244
0,1496;0,0144;1,2169;1,2262;15,3842
-0,0115;-0,0347;1,0141;1,0147;15,4448
-0,0471;-0,0127;1,0226;1,0238;15,5023
-0,0071;-0,0122;1,2035;1,2036;15,5627
-0,0466;-0,0444;0,9748;0,9769;15,6278
-0,0237;0,0085;0,9582;0,9585;15,6837
-0,0822;-0,0364;0,9909;0,9950;15,7440
-0,0103;0,0090;0,8625;0,8626;15,8093
-0,0735;-0,0212;1,0170;1,0199;15,8671
0,0090;-0,0168;0,8677;0,8679;15,9229
-0,0430;-0,0176;0,9890;0,9900;15,9842
-0,0569;-0,0395;1,0121;1,0145;16,0453
-0,0347;-0,0449;0,9977;0,9993;16,1033
0,0320;-0,0403;0,9892;0,9905;16,1634
0,2111;-0,0491;0,7617;0,7920;16,2256
-0,0954;-0,0610;1,5479;1,5520;16,2838
0,1023;-0,0483;1,1876;1,1930;16,3435
0,0520;0,0088;1,1237;1,1249;16,4052
-0,0063;-0,0268;1,0400;1,0403;16,4636
-0,0015;-0,0266;1,0134;1,0137;16,5233
0,0061;0,0010;1,2152;1,2152;16,5875
-0,0115;-0,0373;1,0702;1,0709;16,6493
-0,0447;-0,0315;0,8454;0,8472;16,7042
-0,0027;-0,0024;0,8484;0,8484;16,7645
-0,0388;-0,0264;1,0024;1,0035;16,8234
-0,0969;-0,0290;1,0641;1,0689;16,8847
0,0520;0,0085;0,8528;0,8544;16,9456
-0,0556;0,0046;0,9907;0,9922;17,0030
-0,0234;-0,0010;0,9846;0,9848;17,0647
0,0198;-0,0015;0,9914;0,9916;17,1228
0,2057;-0,0312;0,2860;0,3537;17,1836
-0,2016;-0,0054;1,0863;1,1049;17,2431
0,1979;0,0029;1,1103;1,1278;17,3028
0,0603;-0,0281;1,1412;1,1432;17,3637
0,0264;0,0005;1,0095;1,0098;17,4235
0,0149;0,0005;1,1100;1,1101;17,4833
-0,0427;-0,0039;1,0412;1,0421;17,5461
-0,0229;-0,0222;0,9816;0,9821;17,6162
-0,0273;0,0193;0,9526;0,9532;17,6632
-0,0059;-0,0178;0,9106;0,9108;17,7245
-0,0491;-0,0412;1,0126;1,0147;17,7833
-0,0154;-0,0693;0,9533;0,9560;17,8448
-0,0124;-0,0434;0,9672;0,9683;17,9050
-0,0032;-0,0444;0,9907;0,9917;17,9636
0,0088;-0,0415;0,9936;0,9945;18,0255
0,0603;-0,0410;0,9877;0,9904;18,0829
0,0581;-0,0366;0,7442;0,7473;18,1437
-0,1225;-0,0583;1,1952;1,2029;18,2030
0,0151;-0,0117;1,1117;1,1119;18,2630
0,0764;-0,0356;1,0541;1,0575;18,3235
0,0034;-0,0266;0,9977;0,9981;18,3828
-0,0242;-0,0254;1,0092;1,0098;18,4430
-0,0415;-0,0247;1,0434;1,0445;18,5071
-0,0322;-0,0354;1,1710;1,1720;18,5628
-0,0317;-0,0159;0,8928;0,8935;18,6234
-0,0168;-0,0583;0,9414;0,9433;18,6837
0,0337;-0,0193;0,8249;0,8259;18,7439
-0,0583;-0,0430;1,0029;1,0055;18,8021
-0,0415;-0,0178;1,0480;1,0490;18,8627
-0,0139;0,0002;0,9848;0,9849;18,9227
-0,0217;-0,0029;0,9907;0,9909;18,9869
-0,0073;-0,0093;1,0016;1,0017;19,0423
0,0305;-0,0073;0,9951;0,9955;19,1030
0,0949;0,0200;0,9375;0,9425;19,1665
-0,0342;-0,0527;0,6163;0,6195;19,2231
0,0278;-0,0395;1,0019;1,0031;19,2847
0,1669;-0,0124;1,2660;1,2770;19,3449
0,0378;-0,0268;1,0317;1,0327;19,4047
-0,0312;-0,0093;1,0407;1,0412;19,4627
-0,0203;-0,0276;1,1405;1,1410;19,5226
-0,0041;0,0339;0,9872;0,9878;19,5854
-0,0098;0,0039;0,8728;0,8728;19,6424
-0,0315;0,0483;0,9931;0,9948;19,7023
-0,0105;-0,0039;0,9296;0,9297;19,7646
-0,0254;-0,0578;1,0358;1,0377;19,8236
-0,0884;-0,0830;1,2254;1,2314;19,8842
0,0051;-0,0493;0,9052;0,9066;19,9443
0,0149;-0,0315;0,9767;0,9774;20,0075
0,0278;-0,0361;0,9982;0,9993;20,0681
0,0862;-0,0288;0,9772;0,9814;20,1239
-0,1118;0,0039;0,6775;0,6867;20,1859
-0,1357;0,0095;1,1178;1,1261;20,2445
0,1665;-0,0022;1,4942;1,5034;20,3046
-0,0010;-0,0268;1,0151;1,0154;20,3644
-0,0017;-0,0110;0,9987;0,9988;20,4244
0,0068;-0,0261;1,1808;1,1811;20,4840
-0,0032;-0,0242;1,0458;1,0461;20,5432
0,0068;0,0349;0,9692;0,9698;20,6036
0,0059;0,0029;0,9499;0,9499;20,6647
0,0188;-0,0022;0,9172;0,9174;20,7230
-0,0081;-0,0364;0,9616;0,9623;20,7839
-0,0273;-0,0513;1,0204;1,0221;20,8511
-0,0276;-0,0456;1,0212;1,0226;20,9029
-0,0129;-0,0232;0,9501;0,9505;20,9645
-0,0093;-0,0173;0,9807;0,9808;21,0267
0,0095;-0,0232;0,9894;0,9898;21,0863
0,1328;-0,0002;0,7625;0,7739;21,1431
-0,1584;-0,0044;0,9619;0,9748;21,2045
0,1904;-0,0078;1,2662;1,2805;21,2643
0,0259;-0,0469;1,2469;1,2481;21,3376
0,0522;-0,0229;1,0165;1,0181;21,3904
0,0063;-0,0051;1,0956;1,0956;21,4445
0,0044;0,0085;1,1530;1,1530;21,5043
0,0283;-0,0305;0,9907;0,9915;21,5644
-0,0144;0,0085;0,8989;0,8990;21,6250
0,0066;-0,0215;0,9628;0,9631;21,6842
-0,0356;-0,0600;1,0646;1,0669;21,7443
-0,0164;-0,0605;0,9609;0,9629;21,8046
-0,0068;-0,0351;0,9750;0,9757;21,8651
-0,0232;-0,0405;0,9924;0,9935;21,9240
0,0215;-0,0378;1,0068;1,0077;21,9843
0,0312;-0,0425;1,0119;1,0133;22,0490
0,0952;-0,0117;0,9724;0,9771;22,1058
0,0996;0,0142;0,5736;0,5823;22,1642
0,0400;0,0527;1,1515;1,1534;22,2241
0,1396;0,0923;1,5305;1,5397;22,2888
0,0222;-0,0210;1,0631;1,0636;22,3446
0,0581;-0,0203;1,0346;1,0364;22,4058
0,0059;-0,0251;1,0998;1,1001;22,4641
-0,0454;-0,0732;1,0004;1,0041;22,5238
-0,0093;-0,0271;0,9228;0,9233;22,5928
-0,0676;-0,0513;1,0780;1,0814;22,6501
0,0361;-0,0159;0,8201;0,8210;22,7040
-0,0132;-0,0034;0,9140;0,9141;22,7639
-0,0466;-0,0010;0,9975;0,9986;22,8239
-0,0395;-0,0083;1,0014;1,0022;22,8835
-0,0134;-0,0051;0,9858;0,9859;22,9438
0,0027;-0,0203;1,0156;1,0158;23,0037
0,0542;-0,0156;1,0170;1,0186;23,0639
-0,0505;0,0022;0,9645;0,9659;23,1246
-0,0727;0,0471;1,1088;1,1122;23,1838
0,1047;-0,0244;1,0292;1,0348;23,2438
0,1040;-0,0173;1,0839;1,0890;23,3041
0,0735;-0,0166;1,0217;1,0244;23,3685
0,0473;-0,0185;1,0807;1,0819;23,4299
0,0361;-0,1069;1,1020;1,1077;23,4834
0,0100;-0,0478;1,0546;1,0557;23,5438
0,0010;-0,0513;0,9597;0,9610;23,6036
-0,0041;-0,0244;1,0458;1,0461;23,6640
0,1384;-0,0117;0,7173;0,7306;23,7235
0,0161;0,0085;0,9819;0,9820;23,7851
0,0017;-0,0281;1,0048;1,0052;23,8470
-0,0046;-0,0366;1,0082;1,0089;23,9036
0,0098;-0,0351;0,9907;0,9913;23,9632
0,0347;-0,0322;0,9951;0,9962;24,0268
0,0803;-0,0386;0,9379;0,9422;24,0868
0,1137;-0,0630;0,7285;0,7400;24,1439
-0,0225;-0,0600;0,8171;0,8196;24,2051
0,0788;-0,1420;1,2796;1,2899;24,2636
0,1560;-0,0747;1,0068;1,0215;24,3230
0,0234;-0,0349;1,0239;1,0247;24,3837
-0,0041;-0,0476;1,0758;1,0769;24,4440
0,0290;-0,0449;1,1046;1,1059;24,5048
0,0290;-0,0181;1,0156;1,0161;24,5635
0,0017;-0,0500;1,0324;1,0336;24,6364
0,0132;-0,0242;0,8664;0,8669;24,6835
-0,0105;-0,0373;0,9933;0,9941;24,7449
-0,0327;-0,0049;1,0519;1,0524;24,8039
0,0034;0,0020;0,9804;0,9804;24,8670
-0,0190;-0,0090;1,0055;1,0058;24,9269
0,0061;-0,0225;0,9946;0,9948;24,9870
0,0256;-0,0344;1,0124;1,0133;25,0437
0,0393;-0,0388;1,0029;1,0044;25,1048
0,3771;-0,0351;0,5582;0,6745;25,1663
-0,1076;-0,0276;1,0712;1,0769;25,2242
0,0927;-0,0559;1,4600;1,4640;25,2842
0,0722;-0,0386;1,1068;1,1099;25,3477
0,0173;-0,0261;0,9999;1,0004;25,4054
-0,0037;-0,0439;1,1002;1,1011;25,4668
-0,0151;-0,0620;1,0915;1,0933;25,5235
-0,0212;-0,0303;1,0341;1,0348;25,5845
-0,0037;-0,0498;1,0065;1,0078;25,6479
0,0642;-0,0371;0,8845;0,8876;25,7090
-0,0127;-0,0344;0,9941;0,9948;25,7685
0,0044;-0,0171;0,9885;0,9886;25,8238
-0,0103;-0,0188;1,0021;1,0024;25,8842
-0,0063;-0,0239;0,9929;0,9932;25,9437
0,0085;-0,0254;1,0029;1,0032;26,0041
0,0244;-0,0339;0,9909;0,9918;26,0676
0,0815;-0,0500;0,9748;0,9795;26,1246
0,2035;-0,0510;0,8340;0,8600;26,1839
-0,1030;-0,0088;1,1720;1,1765;26,2440
0,1052;-0,0124;1,2003;1,2050;26,3040
0,0371;-0,0415;1,0961;1,0975;26,3649
-0,0142;-0,0254;1,0131;1,0135;26,4251
-0,0149;-0,0127;1,0036;1,0038;26,4860
-0,0337;-0,0232;1,0124;1,0132;26,5439
-0,0222;-0,0281;1,1488;1,1494;26,6075
-0,1006;-0,0486;0,9828;0,9892;26,6650
-0,1125;-0,0044;0,5430;0,5546;26,7239
-0,0059;-0,0090;0,9907;0,9907;26,7840
-0,0090;-0,0268;1,0334;1,0338;26,8442
-0,0063;-0,0256;1,0038;1,0042;26,9039
-0,0037;-0,0266;0,9907;0,9910;26,9640
0,0112;-0,0225;0,9990;0,9993;27,0257
0,0412;-0,0251;0,9877;0,9889;27,0835
0,1203;0,0046;0,9614;0,9689;27,1442
0,0351;0,0286;0,7078;0,7092;27,2100
-0,0776;-0,0862;1,0553;1,0617;27,2637
0,0884;0,0349;1,4419;1,4451;27,3246
0,1135;-0,0647;1,0653;1,0733;27,3867
0,0142;-0,0259;1,0107;1,0111;27,4445
-0,0207;-0,0247;1,0063;1,0068;27,5042
-0,0129;-0,0315;1,1598;1,1603;27,5641
-0,0256;-0,0637;1,0793;1,0814;27,6277
0,0154;-0,0383;0,8928;0,8937;27,6831
-0,0012;-0,0178;0,8154;0,8156;27,7436
-0,0171;-0,0203;1,0385;1,0388;27,8046
-0,0007;-0,0112;0,9907;0,9907;27,8647
-0,0044;-0,0127;1,0053;1,0054;27,9283
0,0078;-0,0156;0,9902;0,9903;27,9844
0,0085;-0,0212;0,9907;0,9909;28,0456
0,0264;-0,0276;1,0041;1,0048;28,1044
0,0608;-0,0249;0,9914;0,9936;28,1649
0,1093;-0,0308;0,7371;0,7458;28,2254
-0,1838;-0,0178;0,9130;0,9315;28,2852
0,1938;-0,1113;1,4156;1,4331;28,3469
0,1425;-0,0122;1,1818;1,1904;28,4041
-0,0071;-0,0195;0,9863;0,9865;28,4652
-0,0237;-0,0244;1,0297;1,0303;28,5245
0,0088;-0,0173;1,1456;1,1458;28,5841
0,0207;-0,0251;1,2152;1,2156;28,6445
-0,0471;-0,0359;0,9909;0,9927;28,7040
-0,0383;0,0088;0,8259;0,8269;28,7647
0,0032;0,0088;0,9213;0,9214;28,8253
-0,0161;-0,0176;1,0265;1,0268;28,8848
-0,0022;-0,0217;1,0021;1,0024;28,9473
0,0100;-0,0107;0,9670;0,9671;29,0081
0,0071;-0,0249;1,0112;1,0115;29,0741
0,0117;-0,0303;1,0038;1,0044;29,1242
0,0415;-0,0312;0,9899;0,9913;29,1839
0,1010;-0,0283;0,9328;0,9387;29,2443
-0,0696;0,0037;0,8140;0,8169;29,3041
-0,0576;-0,1357;1,1676;1,1769;29,3641
0,2709;-0,0564;1,4046;1,4316;29,4256
0,1001;-0,0161;1,0680;1,0728;29,4878
0,0359;-0,0181;1,0034;1,0042;29,5449
0,0444;-0,0344;1,0815;1,0829;29,6047
0,0657;-0,0535;1,2484;1,2513;29,6666
0,0012;-0,0637;0,9091;0,9114;29,7254
0,1189;-0,0205;0,8247;0,8335;29,7846
-0,0022;-0,0381;1,0080;1,0087;29,8453
0,0542;-0,0225;0,9838;0,9856;29,9055
0,0168;-0,0295;1,0063;1,0069;29,9637
0,0120;-0,0293;1,0026;1,0031;30,0248
0,0256;-0,0300;1,0036;1,0044;30,0870
0,0378;-0,0295;0,9938;0,9950;30,1442
0,0698;-0,0283;0,9865;0,9894;30,2039
0,1486;-0,0561;0,7222;0,7395;30,2642
-0,0666;-0,0637;0,8413;0,8463;30,3266
-0,0207;-0,0498;1,2506;1,2518;30,3840
0,1350;-0,0369;0,9904;1,0002;30,4451
0,0286;-0,0300;1,0134;1,0142;30,5039
0,0117;-0,0181;1,0646;1,0648;30,5638
-0,0237;-0,0056;1,1261;1,1264;30,6286
0,0378;-0,0232;1,0954;1,0963;30,6838
0,0290;0,0610;1,0363;1,0385;30,7436
0,2341;0,0725;0,6822;0,7248;30,8065
-0,0205;-0,0200;0,9262;0,9267;30,8651
0,0168;-0,0600;1,0658;1,0677;30,9239
0,0351;-0,0581;1,0453;1,0475;30,9840
0,0710;-0,0410;0,9853;0,9887;31,0463
0,0493;-0,0290;0,9382;0,9399;31,1035
0,0932;-0,0229;0,9897;0,9943;31,1637
0,1391;-0,0098;0,9023;0,9130;31,2252
0,0940;0,0222;0,6204;0,6279;31,2841
-0,0425;-0,0225;1,0112;1,0123;31,3436
0,3493;-0,0620;1,2147;1,2654;31,4065
0,2448;-0,0259;1,1261;1,1527;31,4685
0,0644;0,0059;1,0827;1,0846;31,5241
0,0727;-0,0122;1,0612;1,0638;31,5858
0,0930;0,0229;1,0800;1,0842;31,6484
0,0771;0,0676;1,0400;1,0450;31,7224
0,1628;-0,0476;0,4244;0,4571;31,7641
0,1957;0,0442;0,9245;0,9460;31,8258
0,1169;-0,0571;1,0295;1,0377;31,8836
0,1145;-0,0783;1,0202;1,0296;31,9439
0,1147;-0,0598;1,0092;1,0175;32,0059
0,1193;-0,0469;1,0068;1,0149;32,0636
0,1181;-0,0452;0,7446;0,7553;32,1236
0,1233;-0,0481;0,9902;0,9990;32,1855
0,1533;-0,0366;0,9594;0,9723;32,2445
-0,0688;0,0247;0,8169;0,8201;32,3037
0,0664;-0,0649;0,8820;0,8869;32,3636
0,0144;-0,0173;1,1469;1,1471;32,4240
0,2106;-0,0442;1,1149;1,1355;32,4842
0,1359;-0,0351;1,0239;1,0334;32,5446
0,1059;-0,0337;1,0273;1,0333;32,6035
0,1281;-0,0176;1,1334;1,1408;32,6635
0,0827;0,0149;1,0846;1,0879;32,7261
0,0051;0,0190;0,9519;0,9521;32,7873
0,2472;-0,0254;0,7171;0,7589;32,8445
0,0884;0,0161;0,9907;0,9947;32,9048
0,0852;-0,0417;1,0356;1,0399;32,9640
0,0478;-0,0556;0,9572;0,9600;33,0234
0,1101;-0,0364;0,9780;0,9848;33,0868
0,1001;-0,0383;0,9968;1,0025;33,1432
0,1062;-0,0398;0,9902;0,9966;33,2046
0,1242;-0,0376;0,9958;1,0042;33,2643
0,1601;-0,0439;0,7207;0,7396;33,3241
0,0432;-0,0259;0,8196;0,8211;33,3831
0,0120;-0,0259;1,2081;1,2085;33,4430
0,1091;-0,0225;0,9714;0,9777;33,5072
0,2172;-0,0696;1,0939;1,1174;33,5637
0,1172;-0,0359;1,0221;1,0295;33,6270
0,0639;-0,0351;1,1066;1,1090;33,6835
0,1242;0,0027;1,1112;1,1182;33,7434
0,0432;-0,0185;1,0082;1,0093;33,8040
0,0532;0,0249;0,8327;0,8348;33,8662
0,0884;0,0085;0,9516;0,9557;33,9229
0,0945;-0,0093;0,9497;0,9544;33,9834
0,0949;-0,0185;0,9948;0,9995;34,0460
0,0830;-0,0308;1,0314;1,0352;34,1033
0,0903;-0,0276;1,0268;1,0311;34,1644
0,0937;-0,0234;0,9704;0,9752;34,2252
0,1206;-0,0181;0,9716;0,9792;34,2831
0,1301;-0,0300;0,9741;0,9832;34,3436
0,1613;-0,0007;0,7207;0,7386;34,4035
0,0207;-0,0740;1,0795;1,0822;34,4632
0,1916;-0,0578;1,4290;1,4429;34,5232
0,1948;-0,0364;1,0907;1,1086;34,5829
0,0613;-0,0547;1,0234;1,0267;34,6443
0,1191;-0,0320;1,0729;1,0800;34,7035
0,1145;-0,0242;1,1188;1,1249;34,7668
0,0288;-0,0093;0,9050;0,9055;34,8231
0,0124;0,0229;0,8564;0,8568;34,8830
0,0825;0,0134;0,8533;0,8573;34,9431
0,1169;0,0100;0,9738;0,9809;35,0033
0,1145;0,0039;0,9748;0,9815;35,0645
0,0947;-0,0117;0,9926;0,9972;35,1228
0,1025;-0,0256;0,9990;1,0045;35,1832
0,1269;-0,0212;0,9787;0,9871;35,2428
0,1406;-0,0239;0,9943;1,0045;35,3029
0,0578;0,0085;0,9218;0,9237;35,3636
0,0791;-0,0027;0,9787;0,9819;35,4229
0,2143;0,0095;1,3616;1,3784;35,4833
0,1542;-0,0556;1,0905;1,1027;35,5478
0,1564;-0,0249;1,0012;1,0136;35,6046
0,0986;-0,0354;1,0265;1,0319;35,6633
0,1015;-0,0293;1,0739;1,0791;35,7224
0,0915;-0,0020;0,9799;0,9842;35,7848
0,0761;0,0107;0,9650;0,9681;35,8441
0,1003;-0,0149;0,9921;0,9973;35,9040
0,0844;0,0081;1,0014;1,0050;35,9625
0,1028;-0,0046;0,9562;0,9618;36,0229
0,1079;-0,0124;0,9990;1,0048;36,0825
0,1172;-0,0051;0,9846;0,9915;36,1425
0,1252;-0,0090;0,9621;0,9703;36,2031
0,1835;0,0266;0,7869;0,8084;36,2629
0,0027;-0,0422;1,0746;1,0754;36,3221
0,3114;-0,0574;1,1071;1,1515;36,3825
0,2057;0,0010;1,1513;1,1695;36,4428
0,1748;-0,0234;0,9897;1,0053;36,5064
0,1096;-0,0415;1,0270;1,0337;36,5654
0,1335;0,0012;1,1056;1,1136;36,6232
0,0840;-0,0271;1,0034;1,0072;36,6839
0,0854;-0,0488;0,9858;0,9907;36,7473
0,0971;-0,0620;0,8967;0,9041;36,8037
0,1164;-0,0544;0,9907;0,9990;36,8635
0,1233;-0,0676;0,8823;0,8934;36,9234
0,1206;-0,0635;1,0270;1,0360;36,9876
0,1767;-0,0373;0,9575;0,9744;37,0448
0,1740;-0,0212;0,9335;0,9499;37,1031
0,2099;-0,0473;0,6150;0,6516;37,1632
0,0556;0,0088;0,9213;0,9231;37,2268
0,1523;-0,0022;1,1715;1,1814;37,2839
0,1306;-0,0593;1,1954;1,2040;37,3444
0,1767;-0,0378;1,0114;1,0274;37,4032
0,1125;-0,0473;1,0080;1,0154;37,4631
0,1743;-0,0339;1,0780;1,0926;37,5238
0,0813;-0,0293;1,0600;1,0635;37,5834
0,1142;0,0076;0,9108;0,9180;37,6516
0,1071;-0,0039;0,9780;0,9838;37,7033
0,1284;-0,0142;1,0195;1,0276;37,7636
0,1555;-0,0156;0,9467;0,9595;37,8234
0,1159;-0,0242;0,9907;0,9977;37,8837
0,1735;-0,0222;0,9775;0,9930;37,9433
0,1579;-0,0376;1,0080;1,0210;38,0035
0,1760;-0,0325;0,9789;0,9952;38,0632
0,2009;-0,0029;0,7041;0,7322;38,1258
0,2424;-0,0779;0,6866;0,7322;38,1833
0,1032;-0,0146;1,3126;1,3167;38,2453
0,2809;-0,0205;1,5191;1,5450;38,3032
0,2216;-0,0430;1,0585;1,0823;38,3632
0,1774;-0,0337;0,9875;1,0039;38,4274
0,1579;-0,0317;1,0268;1,0393;38,4849
0,1350;-0,0325;1,0175;1,0269;38,5432
0,1645;-0,0200;1,0658;1,0786;38,6032
0,1809;-0,0327;1,1066;1,1217;38,6644
0,1123;-0,0381;0,8598;0,8680;38,7234
0,1118;-0,0508;0,9182;0,9263;38,7826
0,1145;-0,0678;0,9604;0,9696;38,8436
0,1233;-0,0547;1,0268;1,0356;38,9030
0,0120;-0,0491;0,9443;0,9456;38,9627
0,0769;-0,0439;1,0485;1,0522;39,0230
0,2106;-0,0469;0,9675;0,9912;39,0864
0,1469;-0,0107;0,8479;0,8606;39,1435
0,1367;-0,0168;0,6822;0,6959;39,2076
-0,0303;-0,0027;1,1300;1,1304;39,2630
0,1547;-0,0596;1,0956;1,1081;39,3233
0,1774;-0,0068;0,9904;1,0062;39,3828
0,0964;-0,0373;1,0019;1,0072;39,4427
0,1203;-0,0164;1,0566;1,0635;39,5027
0,0898;-0,0166;1,0297;1,0338;39,5628
0,1489;-0,0212;1,0729;1,0834;39,6232
0,0171;0,0002;1,0131;1,0133;39,6825
0,0527;-0,0066;0,9914;0,9928;39,7456
0,1333;-0,0015;0,9084;0,9181;39,8026
0,1001;-0,0344;0,9694;0,9752;39,8633
0,1157;-0,0461;0,9926;1,0004;39,9259
0,1394;-0,0469;0,9972;1,0080;39,9845
0,1420;-0,0437;1,0195;1,0302;40,0426
0,1833;-0,0264;0,6419;0,6681;40,1025
0,2111;0,0098;0,7146;0,7452;40,1626
0,0661;0,0310;1,1981;1,2003;40,2222
0,1718;0,0032;1,0170;1,0314;40,2822
0,1477;-0,0278;1,1005;1,1107;40,3437
0,1550;-0,0154;1,0129;1,0248;40,4025
0,0986;-0,0154;1,0514;1,0562;40,4627
0,1042;-0,0220;1,0900;1,0952;40,5259
0,0466;0,0225;0,9894;0,9908;40,5842
0,0705;-0,0305;1,0751;1,0778;40,6466
0,0351;-0,0910;0,9850;0,9899;40,7033
0,1176;-0,0503;0,8125;0,8225;40,7626
0,0461;-0,0625;0,9907;0,9937;40,8260
0,0657;-0,0527;0,9958;0,9993;40,8820
0,0896;-0,0405;0,9907;0,9955;40,9428
0,1006;-0,0288;0,9836;0,9891;41,0067
0,1318;-0,0034;0,9875;0,9962;41,0623
0,1115;0,0256;0,7522;0,7609;41,1236
0,0244;0,0329;0,9458;0,9466;41,1867
0,2902;-0,0188;0,9123;0,9575;41,2425
0,0923;-0,0107;1,1200;1,1239;41,3032
0,1220;-0,0185;1,0263;1,0337;41,3650
0,0268;-0,0293;1,0026;1,0034;41,4225
0,0483;-0,0320;1,0810;1,0825;41,4826
0,0495;-0,0376;1,1295;1,1312;41,5476
0,0085;-0,0344;0,9504;0,9510;41,6033
0,0376;-0,0247;1,0024;1,0034;41,6623
0,0271;-0,0264;0,9331;0,9338;41,7228
0,0029;-0,0308;1,0182;1,0187;41,7835
-0,0127;-0,0271;0,8864;0,8869;41,8444
0,0217;0,0083;0,9301;0,9304;41,9023
0,0361;-0,0032;0,9982;0,9989;41,9625
0,0549;-0,0132;1,0126;1,0142;42,0258
0,0696;-0,0217;0,9479;0,9507;42,0815
0,0278;-0,0337;0,8125;0,8137;42,1426
0,0054;-0,0327;0,9909;0,9915;42,2025
-0,0325;-0,0081;1,0209;1,0215;42,2630
0,0608;-0,0632;0,9750;0,9790;42,3232
0,1281;-0,0403;1,0922;1,1004;42,3822
0,0225;-0,0498;1,0439;1,0453;42,4420
0,0271;-0,0329;1,0683;1,0691;42,5056
0,0056;-0,0332;1,0258;1,0264;42,5628
0,0054;-0,0088;1,0556;1,0556;42,6228
0,0041;0,0083;0,8615;0,8616;42,6829
-0,0015;-0,0215;1,0453;1,0456;42,7433
0,0095;-0,0161;1,0009;1,0011;42,8030
0,0405;-0,0461;0,9094;0,9115;42,8614
0,0051;-0,0732;0,9968;0,9995;42,9250
0,0412;-0,0754;1,0173;1,0209;42,9821
0,0571;-0,0686;0,9926;0,9966;43,0418
0,0805;-0,0447;0,9728;0,9772;43,1024
0,0727;-0,0139;0,7395;0,7432;43,1651
-0,0405;-0,0139;0,8806;0,8816;43,2222
0,0764;-0,0513;1,2577;1,2610;43,2821
0,1945;-0,0286;1,0609;1,0790;43,3423
0,0347;-0,0329;1,0182;1,0194;43,4054
0,0344;-0,0181;1,0177;1,0185;43,4647
0,0022;-0,0190;1,0385;1,0387;43,5215
-0,0002;-0,0005;0,9968;0,9968;43,5813
0,0090;0,0095;1,0109;1,0110;43,6450
0,0239;-0,0046;1,0583;1,0585;43,7026
0,0076;-0,0239;0,9872;0,9876;43,7644
0,0000;-0,0473;1,1198;1,1208;43,8226
0,0073;-0,0308;0,8657;0,8663;43,8814
0,0212;-0,0427;0,9177;0,9189;43,9411
0,0234;-0,0329;1,0087;1,0095;44,0013
0,0588;-0,0242;1,0131;1,0151;44,0665
0,0798;-0,0071;1,0065;1,0097;44,1220
0,2021;0,0835;0,7239;0,7562;44,1841
-0,0334;0,0185;1,0851;1,0858;44,2417
0,0801;-0,0320;0,9143;0,9183;44,3010
0,0478;-0,0256;1,2172;1,2184;44,3650
0,0844;-0,0044;0,9911;0,9947;44,4214
0,0098;-0,0378;1,0451;1,0458;44,4811
0,0273;-0,0288;1,1120;1,1127;44,5472
0,0295;-0,0361;1,1185;1,1195;44,6009
-0,0137;-0,0605;0,9907;0,9926;44,6619
0,0430;-0,0173;1,0153;1,0164;44,7236
0,0283;-0,0173;0,9484;0,9490;44,7811
0,0071;-0,0034;1,0409;1,0410;44,8416
-0,0181;-0,0078;1,0012;1,0013;44,9017
0,0049;-0,0027;0,9902;0,9902;44,9611
0,0310;-0,0044;0,9911;0,9916;45,0255
0,0420;-0,0061;1,0075;1,0084;45,0811
0,0608;-0,0164;0,9445;0,9466;45,1413
0,0696;-0,0349;0,7110;0,7152;45,2013
-0,0805;-0,0434;1,2206;1,2240;45,2608
0,1135;-0,0596;1,1635;1,1705;45,3227
0,0798;-0,0264;1,0326;1,0361;45,3808
-0,0088;-0,0371;0,9975;0,9982;45,4415
0,0041;-0,0273;1,0251;1,0254;45,5055
0,0156;-0,0002;1,1830;1,1831;45,5616
-0,0198;-0,0137;0,9870;0,9873;45,6212
-0,0056;-0,0144;0,9494;0,9495;45,6808
0,0000;-0,0510;0,9787;0,9800;45,7419
-0,0039;-0,0481;0,9035;0,9048;45,8028
-0,0273;-0,0469;1,0063;1,0077;45,8616
-0,0032;-0,0373;1,0014;1,0021;45,9209
0,0320;-0,0242;0,9921;0,9929;45,9835
0,0198;-0,0329;1,0048;1,0055;46,0410
0,1877;0,0149;0,8691;0,8893;46,1003
0,0317;0,0171;0,7361;0,7370;46,1597
-0,0525;0,0222;1,0285;1,0301;46,2202
0,1259;0,0422;1,5532;1,5589;46,2815
0,0827;-0,0427;1,0273;1,0315;46,3411
0,0207;-0,0212;1,0241;1,0245;46,4008
0,0156;-0,0227;1,0702;1,0706;46,4612
0,0266;-0,0105;1,0829;1,0833;46,5213
-0,0054;0,0146;1,0429;1,0430;46,5806
-0,0024;0,0093;0,9287;0,9287;46,6463
0,0078;0,0059;0,8930;0,8931;46,7004
0,0142;0,0161;0,8574;0,8577;46,7628
-0,0312;-0,0088;0,9904;0,9909;46,8204
-0,0312;-0,0366;1,0241;1,0252;46,8807
0,0012;-0,0459;1,0031;1,0042;46,9457
0,0232;-0,0561;0,9807;0,9825;47,0006
0,1067;-0,0598;0,9050;0,9132;47,0619
0,0515;-0,0879;0,8557;0,8617;47,1214
0,0029;-0,0647;1,0990;1,1009;47,1802
0,0403;-0,0796;1,1871;1,1905;47,2410
0,1408;-0,0613;1,0556;1,0667;47,3045
0,0308;-0,0517;1,0121;1,0139;47,3683
0,0283;-0,0347;1,0087;1,0097;47,4208
0,0120;-0,0427;1,1107;1,1116;47,4834
-0,0181;-0,0212;1,0785;1,0789;47,5407
-0,0290;0,0176;1,0212;1,0217;47,6006
-0,0400;0,0339;0,9021;0,9036;47,6629
-0,3480;0,0264;-0,1337;0,3738;47,7209
-0,0708;-0,0066;0,9724;0,9749;47,7807
-0,0432;-0,0159;1,0334;1,0344;47,8404
-0,0452;-0,0203;0,9938;0,9951;47,9007
-0,0115;-0,0181;0,9960;0,9963;47,9616
0,0088;-0,0234;1,0187;1,0190;48,0205
0,0786;-0,0073;0,8459;0,8496;48,0805
-0,0142;0,0085;0,7671;0,7673;48,1406
-0,1120;-0,0649;1,2286;1,2354;48,2013
0,0615;-0,0339;1,1176;1,1198;48,2613
0,0698;-0,0564;1,0622;1,0660;48,3204
0,0029;-0,0381;1,0053;1,0060;48,3803
-0,0173;-0,0347;1,0824;1,0831;48,4406
-0,0264;-0,0276;1,0805;1,0811;48,5009
-0,0398;0,0251;1,0678;1,0688;48,5619
-0,0935;0,0327;0,9672;0,9723;48,6206
-0,0227;0,0691;0,9353;0,9381;48,6846
-0,0542;0,0464;0,9907;0,9932;48,7408
-0,0149;0,0173;0,9663;0,9665;48,8002
-0,0066;-0,0222;1,0151;1,0153;48,8612
0,0156;-0,0320;1,0441;1,0447;48,9221
0,0083;-0,0513;0,9907;0,9920;48,9811
0,0688;-0,0410;0,9528;0,9562;49,0436
0,0840;-0,0718;0,6687;0,6778;49,1007
-0,0276;-0,0461;1,0563;1,0577;49,1620
-0,0522;-0,1257;1,6672;1,6728;49,2258
0,1867;-0,1115;0,9836;1,0073;49,2808
0,0088;-0,0598;1,0490;1,0507;49,3420
0,0181;-0,0405;1,0812;1,0821;49,4009
-0,0217;-0,0061;0,9450;0,9453;49,4610
-0,0273;0,0088;1,0573;1,0577;49,5248
-0,0329;0,0473;0,9892;0,9909;49,5811
-0,0334;0,0459;0,9565;0,9582;49,6447
0,0129;0,0486;0,9394;0,9407;49,7019
0,0244;0,0278;0,9672;0,9679;49,7606
-0,0205;0,0115;0,9933;0,9936;49,8220
-0,0071;-0,0120;0,9909;0,9910;49,8827
-0,0088;-0,0090;0,9907;0,9907;49,9409
0,0007;-0,0076;1,0004;1,0005;50,0029
0,0278;-0,0071;1,0060;1,0064;50,0608
0,1281;-0,0161;0,5643;0,5789;50,1222
-0,0266;-0,0688;0,7598;0,7633;50,1871
-0,0949;-0,0139;1,1913;1,1951;50,2417
0,0740;-0,0085;1,2318;1,2340;50,3017
-0,0063;-0,0283;1,0129;1,0133;50,3609
-0,0544;-0,0298;1,0029;1,0048;50,4222
-0,0207;-0,0178;1,0851;1,0855;50,4813
-0,0613;-0,0322;1,0397;1,0420;50,5468
-0,0393;-0,0395;0,9428;0,9445;50,6017
-0,0207;-0,0578;1,0383;1,0401;50,6704
0,0268;-0,0639;0,8445;0,8473;50,7205
-0,0491;-0,0713;1,0051;1,0088;50,7817
-0,0842;-0,0522;1,0651;1,0697;50,8465
-0,0156;-0,0332;0,7683;0,7692;50,9006
-0,0222;0,0007;0,9997;0,9999;50,9636
-0,0503;-0,0110;1,0085;1,0098;51,0205
-0,0015;-0,0083;0,9890;0,9890;51,0813
0,0454;-0,0078;0,8525;0,8538;51,1468
-0,2453;-0,0473;0,9711;1,0027;51,2009
-0,0966;-0,0981;1,1400;1,1483;51,2611
0,0483;-0,0190;1,0746;1,0759;51,3206
-0,0708;-0,0356;1,0124;1,0155;51,3805
-0,0827;-0,0259;1,0129;1,0166;51,4402
-0,0678;-0,0117;1,1227;1,1248;51,5095
-0,0754;-0,0373;1,0556;1,0589;51,5609
-0,0661;-0,0342;0,9567;0,9596;51,6231
-0,0681;-0,0349;0,9670;0,9700;51,6836
-0,0644;-0,0403;0,9687;0,9717;51,7413
-0,0268;-0,0229;0,9167;0,9174;51,8006
-0,0544;0,0085;0,9558;0,9573;51,8600
-0,0669;0,0012;0,9907;0,9929;51,9207
-0,0527;-0,0093;1,0082;1,0097;51,9809
-0,0454;-0,0173;0,9911;0,9923;52,0446
0,0017;-0,0129;0,9743;0,9744;52,1008
-0,0098;0,0110;0,7864;0,7865;52,1635
-0,1098;-0,0473;1,0700;1,0766;52,2207
-0,0520;-0,0554;1,0815;1,0841;52,2812
0,1335;-0,0322;1,0824;1,0911;52,3447
0,0259;-0,0469;1,0539;1,0552;52,4005
0,0344;-0,0312;1,0082;1,0093;52,4600
0,0327;-0,0478;1,0673;1,0689;52,5205
-0,0344;-0,0483;1,0375;1,0392;52,5798
0,0103;-0,0627;0,9160;0,9182;52,6400
0,0085;-0,0737;1,0297;1,0324;52,7006
0,0627;-0,0571;0,9770;0,9807;52,7597
0,0059;-0,1137;0,9799;0,9865;52,8203
-0,0217;-0,0759;0,9531;0,9563;52,8799
0,0124;-0,0434;0,9677;0,9688;52,9401
0,0132;-0,0459;1,0165;1,0176;53,0001
-0,0139;-0,0532;1,0070;1,0085;53,0638
-0,0117;-0,0515;0,9924;0,9938;53,1237
0,1067;-0,0217;0,9401;0,9464;53,1808
0,1743;-0,0461;0,5753;0,6028;53,2410
-0,1252;-0,1120;1,0336;1,0472;53,3000
0,0110;-0,0207;1,0614;1,0617;53,3623
0,0874;-0,0381;0,9943;0,9989;53,4226
0,0632;-0,0259;1,0046;1,0069;53,4798
0,0188;-0,0220;1,0458;1,0462;53,5407
-0,0293;-0,0337;1,0839;1,0848;53,6029
-0,0171;0,0225;1,1061;1,1065;53,6622
-0,0315;0,0051;0,9743;0,9748;53,7201
-0,0530;0,0286;0,9814;0,9832;53,7797
-0,0522;0,0290;0,9975;0,9993;53,8410
0,0185;0,0212;0,9638;0,9642;53,8995
-0,0054;-0,0105;0,9506;0,9507;53,9603
-0,0405;-0,0459;1,0256;1,0274;54,0268
-0,0293;-0,0456;0,9982;0,9997;54,0797
0,0066;-0,0308;0,9772;0,9777;54,1405
0,1013;-0,0708;0,7381;0,7483;54,1998
0,0120;-0,0381;0,8691;0,8700;54,2598
-0,0713;-0,1054;1,1225;1,1296;54,3201
0,1045;-0,0530;1,2125;1,2182;54,3805
0,1316;-0,0334;1,0444;1,0531;54,4398
0,0154;-0,0452;0,9977;0,9989;54,5044
0,0471;-0,0266;1,0783;1,0796;54,5608
0,0210;-0,0120;1,1329;1,1332;54,6227
-0,0024;0,0249;1,0339;1,0342;54,6808
0,0164;0,0317;0,9802;0,9808;54,7397
-0,0205;0,0405;0,9028;0,9039;54,8020
0,0146;0,0176;0,9404;0,9407;54,8599
0,0085;-0,0078;0,9902;0,9902;54,9198
0,0044;-0,0249;0,9909;0,9912;54,9858
0,0247;-0,0256;0,9921;0,9928;55,0404
0,0432;-0,0249;1,0107;1,0119;55,1003
0,0710;-0,0247;0,9992;1,0020;55,1611
0,1181;-0,0329;0,8227;0,8318;55,2194
-0,0225;-0,0078;0,9018;0,9021;55,2813
-0,0903;-0,0354;1,1452;1,1493;55,3454
0,0283;-0,0417;1,1534;1,1546;55,4004
0,0696;-0,0508;1,0461;1,0496;55,4614
0,0359;-0,0361;1,0312;1,0324;55,5204
0,0329;-0,0337;1,1798;1,1807;55,5811
0,0083;0,0303;1,0998;1,1002;55,6407
0,0234;0,0164;0,9296;0,9301;55,7002
0,0188;0,0154;0,8530;0,8534;55,7626
-0,0005;0,0576;0,9958;0,9974;55,8205
-0,0054;0,0500;0,9692;0,9705;55,8805
0,0381;0,0386;0,9575;0,9590;55,9408
0,0122;0,0181;0,9826;0,9828;56,0062
0,0266;0,0081;1,0226;1,0230;56,0606
0,0373;0,0081;0,9926;0,9933;56,1207
0,0644;0,0054;0,9758;0,9779;56,1802
0,1364;0,0049;0,8601;0,8709;56,2406
0,0032;-0,0415;0,9284;0,9294;56,3003
0,0095;-0,0359;1,1190;1,1197;56,3609
0,1259;-0,0566;1,2259;1,2337;56,4205
0,0896;-0,0532;1,0400;1,0452;56,4804
0,0532;-0,0483;1,0395;1,0420;56,5404
0,0805;-0,0576;1,1725;1,1767;56,6021
0,0547;-0,0049;1,1400;1,1413;56,6658
0,0447;-0,0237;0,9160;0,9174;56,7206
0,0503;0,0088;0,9550;0,9564;56,7811
0,0483;0,0059;0,9238;0,9251;56,8403
0,0588;0,0122;0,9667;0,9686;56,9000
0,0503;0,0085;0,9882;0,9895;56,9655
0,0625;0,0085;0,9926;0,9946;57,0207
0,0744;0,0051;0,9577;0,9606;57,0801
0,2040;-0,0547;0,7690;0,7975;57,1403
0,0517;-0,0591;0,7407;0,7449;57,2057
-0,0647;-0,0351;1,2379;1,2401;57,2597
0,1662;-0,0469;1,0282;1,0426;57,3204
0,0317;-0,0600;1,0583;1,0604;57,3854
0,0620;-0,0366;0,9958;0,9984;57,4415
0,0452;-0,0337;1,0517;1,0532;57,5006
0,0957;-0,0124;1,0575;1,0619;57,5602
0,0669;0,0388;1,0907;1,0935;57,6205
0,0437;0,0300;0,8545;0,8561;57,6820
0,0103;0,0532;0,9223;0,9239;57,7403
0,0093;0,0325;0,9606;0,9612;57,8005
0,0044;0,0203;0,9907;0,9909;57,8641
0,0129;0,0051;0,9992;0,9993;57,9207
-0,0083;-0,0083;1,0138;1,0139;57,9807
0,0298;-0,0022;0,9909;0,9914;58,0405
0,0154;-0,0085;0,9841;0,9842;58,1007
0,0881;0,0017;0,8142;0,8190;58,1614
0,0203;-0,0193;0,6656;0,6662;58,2228
-0,1257;-0,0393;1,2203;1,2274;58,2826
0,1696;-0,0081;0,9904;1,0049;58,3402
0,0205;-0,0554;1,0807;1,0823;58,4006
0,0498;-0,0295;1,0082;1,0099;58,4600
-0,0276;-0,0439;1,0348;1,0361;58,5210
0,0210;0,0012;1,0917;1,0919;58,5803
-0,0103;-0,0229;1,0590;1,0593;58,6401
-0,0254;-0,0015;0,9792;0,9795;58,7006
-0,0032;0,0347;0,6377;0,6387;58,7606
0,0212;-0,0220;0,8747;0,8753;58,8207
0,0205;-0,0461;1,0282;1,0295;58,8803
0,0303;-0,0561;1,0292;1,0312;58,9402
0,0696;-0,0444;1,0021;1,0055;58,9997
0,0759;-0,0405;1,0195;1,0231;59,0594
0,1091;0,0071;0,7651;0,7729;59,1222
0,0195;-0,0207;0,8332;0,8337;59,1802
0,0124;-0,0124;1,1427;1,1428;59,2401
0,0608;-0,0735;1,2511;1,2547;59,3037
0,1757;-0,0549;0,9946;1,0115;59,3594
0,0879;-0,0574;0,9972;1,0028;59,4201
0,0730;-0,0598;1,0461;1,0503;59,4801
0,1413;-0,0549;1,0876;1,0981;59,5470
0,0473;-0,0388;1,1508;1,1524;59,6033
0,0596;-0,0354;1,0439;1,0462;59,6609
0,0081;-0,0239;0,8518;0,8522;59,7195
0,0759;-0,0425;0,8662;0,8705;59,7817
0,0444;-0,0862;0,9904;0,9951;59,8398
0,1023;-0,0898;1,0314;1,0404;59,9002
0,1340;-0,0759;0,9716;0,9837;59,9633
0,1416;-0,0505;1,0448;1,0556;60,0225
0,1508;-0,0239;0,9445;0,9568;60,0862
0,1945;0,0007;0,6975;0,7242;60,1469
0,0884;-0,1018;1,0810;1,0893;60,2001
0,1821;-0,0124;1,3414;1,3537;60,2592
0,2228;-0,0796;1,1664;1,1901;60,3208
0,1855;-0,0366;1,0353;1,0524;60,3804
0,1867;-0,0617;0,9863;1,0057;60,4425
0,1801;-0,0452;1,0468;1,0631;60,4992
0,1982;-0,0315;1,0426;1,0618;60,5606
0,1469;-0,0561;1,1146;1,1257;60,6195
0,1586;-0,0124;0,9504;0,9636;60,6791
0,0569;-0,0242;1,1476;1,1493;60,7395
0,1818;-0,0432;1,3241;1,3372;60,7992
0,3219;-0,0103;0,7278;0,7959;60,8594
0,1406;-0,0139;0,9907;1,0007;60,9192
0,1513;-0,0203;0,9848;0,9966;60,9860
0,1582;-0,0303;0,9582;0,9716;61,0412
0,1967;-0,0456;0,9577;0,9788;61,0994
0,3729;-0,0600;0,8198;0,9026;61,1598
0,0439;-0,0608;1,0073;1,0100;61,2230
0,0740;-0,0425;1,0207;1,0242;61,2789
0,2404;-0,0483;1,2494;1,2732;61,3395
0,1508;-0,0586;1,0324;1,0450;61,4034
0,1623;-0,0461;0,9914;1,0056;61,4609
0,1242;-0,0476;1,0392;1,0477;61,5194
0,1330;-0,0425;1,0880;1,0970;61,5795
0,0830;-0,0168;1,1217;1,1249;61,6389
0,1347;-0,0254;1,0688;1,0775;61,7012
0,0317;-0,0505;0,8276;0,8298;61,7648
0,1179;-0,0420;0,9633;0,9714;61,8191
0,1689;-0,0081;0,9653;0,9800;61,8797
0,1281;-0,0066;0,9775;0,9859;61,9389
0,1154;-0,0139;0,9848;0,9916;61,9988
0,1801;-0,0027;0,9855;1,0019;62,0591
0,2136;-0,0281;0,7817;0,8109;62,1195
0,1247;-0,0220;0,4862;0,5024;62,1807
0,1499;-0,1157;1,3763;1,3892;62,2407
0,2350;-0,0788;1,0207;1,0504;62,2987
0,2714;-0,0405;0,9904;1,0277;62,3598
0,1618;-0,0520;1,0497;1,0634;62,4200
0,1396;-0,0425;0,9782;0,9890;62,4812
0,1686;-0,0308;1,1022;1,1154;62,5391
0,1347;-0,0207;1,1410;1,1491;62,5993
0,1301;0,0278;0,9616;0,9708;62,6695
0,0964;0,0303;0,9904;0,9956;62,7183
0,0910;-0,0041;0,9008;0,9054;62,7800
0,1684;-0,0151;0,8679;0,8842;62,8392
0,1662;-0,0356;0,9831;0,9977;62,9023
0,1477;-0,0500;1,0099;1,0219;62,9597
0,1582;-0,0461;0,9897;1,0033;63,0193
0,1672;-0,0478;0,9907;1,0058;63,0785
0,2114;-0,0415;0,9540;0,9781;63,1392
0,0142;0,0425;0,9719;0,9729;63,1993
0,1123;0,0210;0,8459;0,8536;63,2586
0,1030;0,0007;0,7944;0,8011;63,3191
0,2436;-0,0713;1,1041;1,1329;63,3790
0,2179;-0,0364;0,9929;1,0171;63,4404
0,1162;-0,0432;0,9921;0,9998;63,4992
0,1750;-0,0478;1,0966;1,1115;63,5582
0,1572;-0,0198;1,1164;1,1275;63,6195
0,0793;0,0044;0,9846;0,9878;63,6795
0,0988;-0,0039;1,0260;1,0308;63,7394
0,1101;-0,0034;0,8384;0,8456;63,7989
0,0881;-0,0190;0,9597;0,9639;63,8588
0,0949;-0,0266;1,0077;1,0126;63,9193
0,0979;-0,0293;0,9963;1,0015;63,9789
0,1179;-0,0254;0,9924;0,9997;64,0388
0,1206;-0,0305;0,9951;1,0028;64,0992
0,1616;-0,0244;0,9699;0,9836;64,1600
0,1755;0,0088;0,8586;0,8764;64,2186
0,0073;-0,0452;1,0563;1,0573;64,2788
0,2948;-0,0142;1,1720;1,2086;64,3390
0,1901;-0,0334;1,0824;1,0995;64,3988
0,2060;-0,0227;1,0068;1,0279;64,4616
0,1123;-0,0310;0,9992;1,0060;64,5197
0,1179;-0,0178;1,0636;1,0703;64,5812
0,0857;0,0000;1,1901;1,1931;64,6383
0,0683;0,0156;0,9084;0,9111;64,6988
0,0720;0,0085;0,7124;0,7161;64,7613
0,0244;0,0164;0,9960;0,9965;64,8186
0,0774;0,0076;1,0409;1,0438;64,8787
0,1677;0,0081;0,9872;1,0014;64,9388
0,0283;-0,0205;0,9907;0,9913;64,9994
-0,0805;-0,0361;1,0976;1,1011;65,0619
0,1752;0,0041;0,9655;0,9813;65,1185
0,1079;-0,0212;0,8152;0,8226;65,1787
0,1469;-0,0139;1,0351;1,0455;65,2385
0,0422;-0,0615;1,0685;1,0711;65,2994
0,2609;-0,0654;1,0517;1,0855;65,3590
0,1906;-0,0559;0,9885;1,0082;65,4191
0,2131;-0,0315;0,9958;1,0188;65,4832
0,2314;-0,0425;1,1256;1,1499;65,5389
0,1977;-0,0212;1,0902;1,1082;65,6013
0,1813;-0,0752;0,9760;0,9956;65,6579
0,1694;-0,0766;1,0278;1,0444;65,7187
0,1372;-0,0388;0,7942;0,8069;65,7820
0,1359;-0,0305;0,8811;0,8920;65,8383
0,1931;-0,0093;0,9550;0,9744;65,8992
0,1801;-0,0408;0,9987;1,0156;65,9644
0,1960;-0,0561;0,9919;1,0126;66,0185
0,2038;-0,0632;0,9694;0,9926;66,0811
0,2409;-0,0696;0,8074;0,8454;66,1389
0,1372;-0,0366;0,8918;0,9030;66,1987
0,1625;0,0315;1,0151;1,0285;66,2582
0,3053;-0,0203;1,1613;1,2009;66,3187
0,2699;-0,0300;0,9870;1,0237;66,3778
0,2004;-0,0251;0,9924;1,0127;66,4388
0,1416;-0,0351;1,0453;1,0555;66,5030
0,1640;-0,0242;1,0888;1,1013;66,5581
0,1269;-0,0164;1,0422;1,0500;66,6185
0,0891;-0,0010;0,9658;0,9699;66,6788
0,1357;0,0085;0,9584;0,9680;66,7378
0,1384;0,0083;0,8554;0,8666;66,7988
0,1098;-0,0234;0,9819;0,9883;66,8584
0,1357;-0,0530;1,0309;1,0412;66,9181
0,1398;-0,0608;1,0097;1,0211;66,9784
0,1499;-0,0605;0,9865;0,9997;67,0405
0,1857;-0,0552;0,9907;1,0094;67,0984
0,2453;-0,0708;0,8735;0,9100;67,1580
0,1086;0,0085;0,8118;0,8190;67,2175
0,0508;-0,0100;0,9868;0,9881;67,2783
0,3273;0,0344;1,4541;1,4909;67,3386
0,2870;-0,0915;0,9919;1,0366;67,3990
0,1960;-0,0334;0,9882;1,0080;67,4580
0,1765;-0,0356;1,1596;1,1734;67,5181
0,1450;0,0159;0,9199;0,9314;67,5776
0,1125;-0,0100;0,9252;0,9321;67,6412
0,1809;0,0085;0,9755;0,9922;67,6986
0,2206;-0,0071;1,0753;1,0978;67,7592
0,1760;-0,0329;0,9511;0,9678;67,8175
0,1962;-0,0425;0,9997;1,0197;67,8776
0,1999;-0,0513;0,9933;1,0146;67,9383
0,1974;-0,0532;0,9814;1,0025;67,9983
0,2009;-0,0508;0,9858;1,0073;68,0576
0,2533;-0,0456;0,9684;1,0021;68,1186
0,2721;-0,0342;0,8454;0,8888;68,1792
0,2424;-0,0822;0,9414;0,9755;68,2383
0,1596;-0,0888;0,9907;1,0074;68,2981
0,2587;-0,0344;1,0839;1,1149;68,3589
0,3080;-0,0312;1,0944;1,1373;68,4186
0,1528;-0,0430;1,0217;1,0339;68,4779
0,2179;-0,0173;0,9955;1,0193;68,5384
0,1862;-0,0085;1,0578;1,0741;68,5984
0,1533;-0,0027;1,0275;1,0389;68,6579
0,1259;-0,0366;0,9858;0,9945;68,7182
0,1911;-0,0017;0,6568;0,6840;68,7790
0,1943;0,0005;0,9387;0,9586;68,8375
0,1916;-0,0063;0,9904;1,0088;68,8982
0,1945;-0,0046;0,9811;1,0002;68,9680
0,1974;-0,0081;0,9755;0,9953;69,0178
0,2189;-0,0078;0,9682;0,9927;69,0778
0,2812;-0,0032;0,9404;0,9815;69,1379
0,2433;0,0210;0,8891;0,9221;69,1973
0,1115;-0,0657;1,1478;1,1551;69,2577
0,2980;-0,0017;1,2970;1,3308;69,3186
0,2187;-0,0303;1,1134;1,1351;69,3777
0,2021;-0,0449;1,0280;1,0486;69,4380
0,1794;-0,0347;1,0043;1,0208;69,4975
0,1665;-0,0452;1,1422;1,1552;69,5588
0,1489;-0,0288;1,0353;1,0464;69,6178
0,2150;-0,0054;1,0500;1,0718;69,6823
0,1381;0,0425;0,9985;1,0089;69,7390
0,1652;0,0249;1,0143;1,0280;69,7974
0,1623;0,0337;0,9148;0,9297;69,8581
0,1711;0,0193;1,0004;1,0151;69,9211
0,1796;0,0085;0,9907;1,0068;69,9780
0,1745;0,0049;0,9858;1,0011;70,0380
0,2023;-0,0010;0,9711;0,9920;70,0977
0,2550;-0,0022;0,9133;0,9482;70,1575
0,2277;0,0090;0,9270;0,9546;70,2237
0,0085;-0,0059;1,0082;1,0083;70,2800
0,3429;-0,0329;1,3743;1,4168;70,3377
0,3939;-0,0505;0,9650;1,0436;70,3972
0,1838;-0,0290;0,9907;1,0080;70,4573
0,1738;-0,0400;1,1615;1,1751;70,5214
0,1696;-0,0361;1,0600;1,0741;70,5776
0,2282;-0,0002;1,1281;1,1509;70,6369
0,0969;0,0242;0,8767;0,8823;70,7209
0,1272;0,0469;1,0053;1,0144;70,7574
0,1840;0,0356;0,8816;0,9013;70,8176
0,1347;0,0022;0,9738;0,9831;70,8772
0,1489;0,0002;0,9833;0,9945;70,9371
0,1613;-0,0122;0,9746;0,9879;70,9975
0,1804;-0,0273;0,9746;0,9915;71,0587
0,1799;-0,0530;0,9887;1,0063;71,1170
0,2292;-0,0188;0,8384;0,8693;71,1799
0,1586;-0,0700;0,9106;0,9270;71,2373
0,0891;-0,1093;0,8122;0,8244;71,2987
0,4444;-0,0398;1,1720;1,2541;71,3583
0,3002;-0,0400;1,0590;1,1015;71,4169
0,1916;-0,0322;0,9894;1,0083;71,4806
0,1791;-0,0298;0,9921;1,0086;71,5372
0,1682;-0,0332;1,0512;1,0651;71,5969
0,2284;-0,0134;1,0761;1,1001;71,6575
0,1564;-0,0261;1,0036;1,0161;71,7173
0,1696;-0,0178;1,0221;1,0363;71,7768
0,1616;-0,0002;0,8037;0,8198;71,8371
0,1460;-0,0447;0,9831;0,9949;71,8974
0,1777;-0,0481;1,0160;1,0326;71,9629
0,1884;-0,0481;0,9909;1,0098;72,0169
0,2175;-0,0393;1,0007;1,0248;72,0768
0,2050;-0,0303;0,9907;1,0121;72,1418
0,1933;0,0056;0,5894;0,6203;72,1971
0,1340;0,0456;0,9516;0,9621;72,2575
0,3922;0,0007;1,1259;1,1922;72,3170
0,2382;-0,0422;1,1249;1,1506;72,3779
0,2338;-0,0085;0,9843;1,0117;72,4377
0,1787;-0,0251;1,0087;1,0247;72,4972
0,2255;-0,0127;1,1481;1,1701;72,5572
0,1477;0,0085;1,0156;1,0263;72,6182
0,1540;0,0095;1,0688;1,0798;72,6808
0,1269;-0,0046;1,0124;1,0203;72,7376
0,0842;-0,0039;1,0007;1,0042;72,7992
0,1184;-0,0034;0,9909;0,9980;72,8565
0,1054;-0,0200;0,9648;0,9707;72,9165
0,1120;-0,0364;1,0146;1,0214;72,9773
0,1323;-0,0349;0,9994;1,0088;73,0388
0,1394;-0,0327;0,9907;1,0009;73,1017
0,2006;-0,0205;0,8279;0,8521;73,1578
0,1337;-0,0786;0,9262;0,9391;73,2174
0,0278;0,0090;1,0961;1,0965;73,2776
0,1523;-0,0046;1,0095;1,0209;73,3379
0,1303;-0,0364;1,1063;1,1146;73,3972
0,0691;-0,0286;1,0060;1,0088;73,4602
0,0583;-0,0181;1,0180;1,0198;73,5161
0,0505;-0,0098;1,1686;1,1697;73,5766
-0,0012;-0,0029;0,9355;0,9355;73,6419
0,0818;-0,0154;0,9909;0,9944;73,7006
0,0085;-0,0239;1,0363;1,0366;73,7572
0,0615;0,0085;0,9843;0,9863;73,8165
0,0727;-0,0107;0,9750;0,9778;73,8765
0,0732;-0,0344;1,0019;1,0051;73,9367
0,0962;-0,0391;1,0090;1,0143;73,9969
0,0998;-0,0422;0,9907;0,9966;74,0576
0,1223;-0,0364;0,9865;0,9947;74,1167
0,0139;0,0007;0,8005;0,8007;74,1771
-0,0308;-0,0098;0,9189;0,9195;74,2368
0,2516;-0,0046;1,1320;1,1596;74,3004
0,1267;-0,0408;1,0832;1,0913;74,3571
0,0505;-0,0185;1,0021;1,0036;74,4193
0,0351;-0,0217;1,0134;1,0142;74,4763
0,0290;-0,0166;1,1022;1,1027;74,5361
0,0408;-0,0120;1,1068;1,1076;74,5974
0,0286;-0,0708;0,9836;0,9865;74,6568
0,0205;-0,0203;0,9570;0,9574;74,7172
0,0088;-0,0718;0,8957;0,8986;74,7765
0,0200;-0,0825;0,9060;0,9099;74,8380
0,0132;-0,0808;0,9907;0,9940;74,8961
0,0259;-0,0735;0,9899;0,9930;74,9565
0,0317;-0,0737;1,0012;1,0044;75,0171
0,0586;-0,0718;0,9909;0,9952;75,0764
0,0849;-0,0622;1,0165;1,0220;75,1367
0,1152;0,0093;0,6985;0,7080;75,2017
0,0593;0,0666;1,6003;1,6028;75,2560
0,1120;0,0747;0,8183;0,8294;75,3170
-0,0129;-0,0332;1,0851;1,0857;75,3764
0,0603;-0,0032;1,0004;1,0022;75,4357
-0,0134;-0,0254;1,0400;1,0404;75,4976
0,0085;-0,0459;1,1115;1,1125;75,5566
-0,0176;-0,0229;1,0905;1,0909;75,6163
0,0039;-0,0168;1,1127;1,1128;75,6807
0,0059;0,0112;1,0556;1,0557;75,7361
0,1125;0,0061;0,7049;0,7138;75,7970
0,0002;0,0090;0,9819;0,9819;75,8569
0,0215;-0,0193;1,0126;1,0130;75,9154
0,0239;-0,0412;1,0334;1,0345;75,9760
0,0491;-0,0410;0,9914;0,9935;76,0361
0,0713;-0,0483;0,9733;0,9771;76,0964
0,0774;-0,0476;0,7864;0,7916;76,1587
-0,1325;-0,0073;0,9689;0,9780;76,2195
-0,0041;-0,0068;1,3592;1,3592;76,2770
0,0659;-0,0713;1,2035;1,2074;76,3361
-0,0266;-0,0249;1,0019;1,0025;76,3960
-0,0425;-0,0185;0,9941;0,9952;76,4613
-0,0527;-0,0039;0,9792;0,9806;76,5161
-0,0059;-0,0039;1,1393;1,1393;76,5763
0,0237;-0,0195;1,0473;1,0477;76,6410
0,0461;0,0105;0,9062;0,9074;76,7000
0,0085;-0,0505;0,9828;0,9842;76,7573
0,0088;-0,0100;0,9572;0,9573;76,8161
0,0054;-0,0188;0,9985;0,9987;76,8758
0,0364;0,0105;0,9911;0,9919;76,9362
0,0295;0,0085;0,9907;0,9911;76,9961
0,0539;0,0107;0,9885;0,9900;77,0564
0,0576;-0,0081;0,9575;0,9592;77,1154
0,0932;-0,0046;0,6724;0,6788;77,1756
-0,1567;-0,0681;0,9101;0,9260;77,2356
0,1452;-0,0466;1,3480;1,3566;77,2957
0,0735;-0,0466;1,0492;1,0528;77,3556
0,0918;-0,0369;1,0487;1,0534;77,4157
0,0410;-0,0464;1,0304;1,0323;77,4759
0,0398;-0,0146;1,0312;1,0320;77,5357
0,0100;-0,0317;1,1476;1,1481;77,5960
0,0083;-0,0225;1,0390;1,0393;77,6562
0,0432;0,0088;0,9428;0,9439;77,7171
0,0598;0,0232;1,0685;1,0704;77,7782
0,1586;0,0185;0,7156;0,7332;77,8354
0,0495;-0,0488;1,0734;1,0756;77,8960
0,0403;-0,0596;1,0060;1,0086;77,9560
0,0488;-0,0552;0,9899;0,9927;78,0159
0,0564;-0,0508;0,9907;0,9936;78,0754
0,0979;-0,0427;0,9365;0,9425;78,1364
0,1235;0,0583;0,6988;0,7120;78,1964
-0,0034;-0,1081;1,0990;1,1043;78,2598
0,0822;-0,0349;1,0976;1,1012;78,3173
0,1367;-0,0317;1,0922;1,1012;78,3758
0,0832;-0,0334;1,0156;1,0195;78,4356
0,0183;-0,0354;1,0231;1,0239;78,4957
0,0332;-0,0146;1,0424;1,0430;78,5556
-0,0093;-0,0212;1,0666;1,0668;78,6163
-0,0056;-0,0442;0,9958;0,9968;78,6770
-0,0288;-0,0351;1,0475;1,0485;78,7362
0,0251;-0,0137;0,8049;0,8054;78,7955
0,0508;0,0085;0,9072;0,9086;78,8556
0,0242;0,0183;0,9872;0,9877;78,9153
0,0391;0,0085;1,0063;1,0071;78,9765
0,0735;-0,0032;0,9890;0,9917;79,0370
0,1723;-0,0532;0,6607;0,6849;79,0957
0,0268;-0,0268;0,9008;0,9016;79,1592
-0,0403;-0,0700;1,1605;1,1633;79,2154
0,2380;-0,0862;1,3404;1,3641;79,2751
0,1835;-0,0356;1,0248;1,0417;79,3388
0,0547;-0,0539;0,9938;0,9968;79,3954
0,1206;-0,0317;0,9929;1,0007;79,4545
0,0669;-0,0671;1,0797;1,0839;79,5155
0,0564;0,0000;1,1283;1,1297;79,5768
0,0351;-0,0256;0,9553;0,9563;79,6355
0,0171;-0,0151;0,9348;0,9350;79,6970
0,0085;0,0176;1,0583;1,0584;79,7583
0,0535;-0,0107;0,8467;0,8484;79,8154
0,0639;0,0137;0,9702;0,9724;79,8749
0,0483;0,0027;0,9907;0,9918;79,9350
0,0771;0,0054;0,9914;0,9944;79,9951
0,1257;-0,0107;0,8725;0,8816;80,0589
0,1272;0,0122;0,6226;0,6356;80,1151
0,0635;-0,1335;1,0668;1,0770;80,1776
0,2602;-0,2026;1,8612;1,8902;80,2352
0,2189;-0,0732;1,0392;1,0646;80,2950
0,0757;-0,0720;1,0336;1,0389;80,3590
0,0830;-0,0598;1,0153;1,0204;80,4168
0,1145;-0,0449;0,9990;1,0065;80,4752
0,0798;-0,0737;1,1520;1,1571;80,5366
0,0478;-0,0644;1,0470;1,0501;80,5959
0,0244;-0,0193;0,7773;0,7780;80,6555
0,0718;-0,0608;0,9067;0,9116;80,7174
0,0459;-0,0556;0,9924;0,9950;80,7775
0,0142;-0,0444;0,9828;0,9840;80,8352
0,0249;-0,0227;1,0002;1,0007;80,8947
0,0661;-0,0029;0,9846;0,9868;80,9552
0,1035;0,0017;0,9335;0,9393;81,0154
0,1040;-0,0251;0,7905;0,7977;81,0766
-0,0303;0,0132;1,0993;1,0998;81,1345
0,2314;-0,0447;1,0902;1,1154;81,1951
0,0857;-0,0261;1,1473;1,1508;81,2590
0,1679;-0,0808;1,0021;1,0193;81,3149
0,1201;-0,0478;1,0263;1,0344;81,3758
0,1084;-0,0696;1,1193;1,1267;81,4347
0,0847;-0,0495;1,0932;1,0976;81,4947
0,0239;-0,0159;0,9484;0,9489;81,5573
0,0549;-0,0571;1,0624;1,0654;81,6175
0,0793;-0,0369;0,8596;0,8640;81,6752
0,0268;-0,0327;0,9433;0,9443;81,7345
0,0364;-0,0081;0,9921;0,9928;81,7948
0,0508;0,0085;0,9921;0,9935;81,8542
0,0510;0,0085;0,9750;0,9764;81,9149
0,0705;-0,0017;0,9589;0,9615;81,9743
0,1237;-0,0249;0,9118;0,9205;82,0346
0,0930;-0,0225;0,7747;0,7805;82,0952
-0,0164;-0,0954;1,1869;1,1908;82,1617
0,1379;-0,0793;1,1813;1,1919;82,2170
0,1115;-0,0671;1,1683;1,1756;82,2743
0,1059;-0,0608;1,0190;1,0263;82,3356
0,0388;-0,0615;1,0109;1,0135;82,3967
0,0647;-0,0454;1,1024;1,1053;82,4548
0,0903;-0,0652;1,0817;1,0874;82,5151
0,0322;-0,0688;1,0490;1,0517;82,5747
0,0749;-0,1064;1,1383;1,1457;82,6348
0,0669;-0,0066;0,7737;0,7766;82,6996
0,0127;-0,0576;0,9936;0,9953;82,7543
0,0412;-0,0510;1,0636;1,0657;82,8149
0,0837;-0,0173;0,9994;1,0031;82,8768
0,1276;0,0266;0,9296;0,9387;82,9338
0,1179;0,0383;0,9907;0,9984;82,9945
0,1191;0,0864;0,7385;0,7531;83,0560
0,0034;-0,0364;0,9255;0,9262;83,1143
0,2067;0,0085;1,0548;1,0749;83,1762
0,1484;0,0044;1,2791;1,2877;83,2382
0,1713;-0,0776;1,0026;1,0201;83,2953
0,0879;-0,0610;1,0029;1,0086;83,3545
0,0783;-0,0637;1,0417;1,0466;83,4143
0,1233;-0,0732;1,0417;1,0515;83,4760
0,0847;-0,0461;1,0373;1,0417;83,5405
0,0495;-0,0854;0,9011;0,9065;83,5946
0,1047;-0,0671;0,7317;0,7422;83,6554
0,1101;-0,0615;0,8650;0,8741;83,7178
0,0984;-0,0117;0,9580;0,9631;83,7746
0,0688;-0,0210;1,0119;1,0144;83,8353
0,0945;-0,0151;0,9843;0,9890;83,8963
0,1257;-0,0110;0,9692;0,9774;83,9546
0,1650;-0,0356;0,9802;0,9946;84,0146
0,1059;0,0249;1,0829;1,0884;84,0744
0,0576;-0,0022;0,9152;0,9171;84,1366
0,0769;0,0041;0,9785;0,9815;84,1978
0,2245;0,0593;1,0558;1,0811;84,2565
0,1901;-0,0664;1,1718;1,1889;84,3142
0,1225;-0,0449;1,0927;1,1004;84,3766
0,0947;-0,0381;1,0922;1,0969;84,4345
0,0549;-0,0273;1,1422;1,1439;84,4938
0,0222;-0,0271;1,1193;1,1198;84,5546
-0,0056;0,0146;0,8540;0,8541;84,6174
0,0964;0,0369;0,6495;0,6576;84,6740
0,0159;-0,0178;1,0095;1,0097;84,7346
0,0154;-0,0305;1,0473;1,0478;84,7969
0,0293;-0,0249;0,9868;0,9875;84,8546
0,0083;-0,0342;0,9953;0,9959;84,9139
0,0364;-0,0415;1,0236;1,0251;84,9736
0,0854;-0,0188;0,9375;0,9415;85,0364
0,4420;-0,0088;0,2128;0,4906;85,0962
-0,0478;-0,0271;1,0905;1,0919;85,1544
0,0822;-0,0254;1,2943;1,2971;85,2141
-0,0234;-0,0425;1,0392;1,0404;85,2766
0,1325;-0,0947;1,0026;1,0158;85,3335
0,0661;-0,0564;1,1059;1,1093;85,3936
-0,0110;-0,0630;1,0753;1,0772;85,4546
0,0090;-0,0027;1,1361;1,1362;85,5144
-0,0447;0,0068;1,0468;1,0478;85,5745
-0,0281;-0,0239;0,7815;0,7824;85,6373
-0,0627;-0,0151;0,9562;0,9584;85,7005
-0,0188;0,0012;1,0490;1,0492;85,7541
-0,0373;-0,0112;0,9367;0,9375;85,8148
-0,0249;-0,0254;0,9807;0,9813;85,8771
-0,0039;-0,0410;0,9592;0,9601;85,9339
0,0041;-0,0598;1,0192;1,0210;85,9947
0,0339;-0,0705;0,9540;0,9573;86,0553
0,1137;0,0259;0,5714;0,5831;86,1149
-0,0678;-0,0391;1,0239;1,0268;86,1752
-0,0508;-0,0303;1,0727;1,0743;86,2375
0,0979;-0,0327;1,0558;1,0609;86,2947
0,0266;-0,0466;1,0273;1,0287;86,3551
0,0083;-0,0432;1,0173;1,0182;86,4150
-0,0068;-0,0388;1,0326;1,0334;86,4759
-0,0083;-0,0781;1,0683;1,0712;86,5354
-0,0391;0,0498;1,0700;1,0718;86,5949
-0,0630;-0,0793;0,8345;0,8406;86,6559
0,0622;-0,0076;0,6343;0,6374;86,7167
-0,0510;-0,0173;1,0143;1,0158;86,7758
-0,0061;-0,0005;0,9550;0,9550;86,8346
-0,0249;-0,0056;1,0053;1,0056;86,8950
-0,0015;-0,0103;0,9665;0,9666;86,9544
0,0085;-0,0283;1,0209;1,0214;87,0150
0,0344;-0,0432;0,9894;0,9910;87,0777
0,0027;-0,0171;0,9511;0,9513;87,1350
0,0710;-0,0327;0,7027;0,7070;87,1944
-0,0986;-0,1169;1,2872;1,2963;87,2582
0,2255;-0,1220;1,1735;1,2012;87,3153
0,1413;-0,0173;0,9907;1,0008;87,3748
0,0510;-0,0605;1,0195;1,0225;87,4346
0,0539;-0,0290;1,0160;1,0179;87,4948
0,0293;-0,0342;1,1561;1,1570;87,5545
-0,0083;-0,1235;1,0631;1,0703;87,6146
-0,0315;-0,0705;0,8450;0,8485;87,6777
-0,0212;-0,0637;0,9274;0,9299;87,7348
-0,0159;-0,0735;0,9228;0,9259;87,7949
0,0137;-0,0268;0,9926;0,9931;87,8547
0,0288;0,0078;0,8511;0,8516;87,9161
0,0093;0,0032;1,0060;1,0061;87,9747
0,0095;0,0078;1,0331;1,0332;88,0347
-0,0107;-0,0142;0,9894;0,9896;88,0949
0,0198;0,0059;0,9709;0,9711;88,1556
0,0222;-0,0273;0,9548;0,9554;88,2145
0,0613;-0,0061;1,0202;1,0220;88,2747
0,0332;0,0666;1,1290;1,1315;88,3344
-0,0437;-0,0666;0,9148;0,9182;88,3945
0,0788;-0,0652;1,0854;1,0902;88,4577
0,0576;-0,0012;1,0932;1,0947;88,5173
-0,0049;-0,1093;0,7461;0,7541;88,5750
0,1203;-0,0195;1,0878;1,0946;88,6358
-0,1579;-0,1328;0,7534;0,7812;88,6962
-0,0364;0,0412;0,9868;0,9883;88,7582
-0,0761;-0,0971;0,9951;1,0027;88,8152
0,0500;-0,0537;0,9909;0,9936;88,8753
-0,0447;-0,0849;0,9921;0,9968;88,9366
0,1098;-0,0815;1,2716;1,2789;88,9955
-0,0156;-0,0862;1,0300;1,0337;89,0555
0,0491;-0,1025;1,0214;1,0277;89,1151
0,1594;-0,0132;0,9274;0,9411;89,1763
0,1291;-0,0757;1,0446;1,0553;89,2351
0,0354;-0,0195;0,5950;0,5964;89,2954
0,1010;-0,0879;0,8501;0,8606;89,3641
0,0727;-0,0891;1,0439;1,0502;89,4148
0,0539;-0,0896;1,0151;1,0204;89,4777
0,0791;-0,0822;0,9831;0,9897;89,5353
0,0151;-0,0825;1,0229;1,0263;89,5951
0,0500;-0,0923;0,9204;0,9263;89,6565
0,0154;-0,0578;0,8708;0,8729;89,7232
-0,0127;-0,1091;1,0173;1,0232;89,7759
0,0281;-0,0993;1,0531;1,0582;89,8352
0,1286;-0,0293;0,9265;0,9358;89,8963
0,0471;-0,0591;1,0785;1,0812;89,9563
0,1089;-0,0334;1,0312;1,0374;90,0154
0,0593;-0,0244;1,0129;1,0149;90,0755
0,0488;-0,0444;1,0771;1,0791;90,1389
-0,0937;0,0171;0,9909;0,9955;90,1947
0,0615;-0,0532;0,8596;0,8634;90,2550
0,0647;-0,1538;1,8073;1,8150;90,3149
0,0820;-0,0561;0,9855;0,9905;90,3744
0,0761;-0,0310;0,9680;0,9714;90,4349
0,0115;-0,0432;1,0090;1,0100;90,4960
0,0434;-0,0383;0,9894;0,9911;90,5555
0,0578;-0,0635;0,9304;0,9343;90,6157
-0,0532;-0,0749;0,6748;0,6811;90,6813
-0,2140;-0,1730;1,5591;1,5832;90,7347
-0,1337;0,0149;1,0368;1,0455;90,7975
0,1604;0,0171;0,8132;0,8291;90,8547
0,0149;-0,0574;1,1234;1,1250;90,9148
0,0144;-0,0305;0,9985;0,9990;90,9791
-0,0122;-0,0359;1,0143;1,0150;91,0348
0,0083;-0,0156;1,0710;1,0711;91,0961
0,0095;-0,0215;1,1059;1,1061;91,1551
-0,0351;-0,0315;1,1510;1,1520;91,2205
-0,0066;0,0386;1,0671;1,0678;91,2745
0,1582;-0,0564;0,8918;0,9075;91,3349
0,0273;-0,0686;0,9987;1,0014;91,3973
0,0559;-0,0371;0,8957;0,8982;91,4546
0,0215;-0,0442;0,9277;0,9290;91,5148
-0,0049;-0,0652;1,0173;1,0194;91,5748
0,0315;-0,0588;1,0258;1,0280;91,6393
0,0200;-0,0627;0,9980;1,0002;91,7013
0,0317;-0,0625;0,9907;0,9931;91,7545
0,0481;-0,0752;0,9663;0,9704;91,8152
0,0120;-0,0718;1,0060;1,0087;91,8743
0,0078;-0,0686;1,0051;1,0074;91,9348
0,0271;-0,0732;0,9777;0,9808;91,9954
0,0220;-0,0561;0,9863;0,9881;92,0542
0,0117;-0,0657;0,9843;0,9866;92,1153
0,0466;-0,0288;0,9045;0,9062;92,1748
0,0215;0,0996;0,8625;0,8685;92,2352
0,0085;-0,0481;1,0134;1,0145;92,2945
0,1059;0,0288;1,0922;1,0977;92,3543
0,0400;0,0029;1,0490;1,0498;92,4150
0,0222;-0,0044;1,0165;1,0168;92,4745
0,0137;-0,0063;1,0048;1,0049;92,5407
0,0391;-0,0027;1,0104;1,0112;92,5945
0,0122;0,0066;1,0810;1,0811;92,6540
0,0149;0,0300;0,9733;0,9739;92,7142
0,0264;-0,0788;0,7825;0,7869;92,7742
-0,0059;-0,1460;0,9602;0,9712;92,8371
0,1013;-0,1023;0,8979;0,9094;92,8943
0,0320;-0,0713;0,9184;0,9217;92,9544
0,0076;-0,0639;0,9672;0,9694;93,0194
0,0647;-0,0661;0,9904;0,9947;93,0793
0,0447;-0,0974;0,9384;0,9445;93,1342
-0,0054;-0,1028;1,0317;1,0368;93,1981
-0,3122;-0,1372;1,1923;1,2401;93,2567
-0,2062;-0,1006;1,2506;1,2715;93,3134
0,0581;-0,0986;1,1493;1,1550;93,3743
-0,1386;-0,0803;0,9882;1,0011;93,4336
0,0264;-0,0144;0,9938;0,9943;93,5013
-0,0691;-0,0332;0,9924;0,9953;93,5537
-0,0354;-0,0156;1,0807;1,0814;93,6139
-0,0688;-0,0254;1,0766;1,0791;93,6779
-0,0884;-0,0317;0,9743;0,9788;93,7347
-0,0251;-0,0830;0,9594;0,9633;93,7939
-0,0256;-0,0683;1,0451;1,0476;93,8541
-0,0037;-0,0361;0,9396;0,9404;93,9151
0,0244;-0,0571;0,9423;0,9444;93,9754
-0,0203;-0,0581;0,9460;0,9480;94,0341
-0,0510;-0,0713;1,0158;1,0196;94,0945
-0,0730;-0,0825;1,0129;1,0188;94,1575
-0,0454;-0,0796;0,9907;0,9949;94,2138
0,1325;-0,0761;0,6663;0,6836;94,2745
-0,0610;-0,1089;0,5350;0,5494;94,3342
-0,2045;-0,0176;1,0212;1,0416;94,3939
-0,0083;0,0085;1,2538;1,2538;94,4581
-0,1572;-0,0605;1,0871;1,1000;94,5154
-0,0547;-0,0076;0,9999;1,0015;94,5737
-0,1069;-0,0205;1,0419;1,0476;94,6364
-0,0949;-0,0256;1,0473;1,0519;94,6937
-0,1335;-0,0366;1,0243;1,0337;94,7536
-0,0998;-0,0434;1,0495;1,0551;94,8171
-0,0986;-0,0439;0,9475;0,9536;94,8758
-0,0625;-0,0351;0,9936;0,9962;94,9338
-0,0556;-0,0649;0,9250;0,9289;94,9934
-0,0425;-0,0893;0,9362;0,9414;95,0538
-0,0857;-0,0886;0,9907;0,9983;95,1151
-0,0910;-0,0871;0,9802;0,9882;95,1738
-0,0625;-0,0769;1,0104;1,0153;95,2343
-0,0288;-0,0774;0,9733;0,9768;95,2951
-0,2529;-0,0190;0,9719;1,0044;95,3537
-0,1252;0,0085;0,8759;0,8849;95,4139
-0,1291;-0,0049;1,0990;1,1066;95,4733
0,0093;-0,0117;1,0556;1,0557;95,5351
-0,0198;-0,0083;0,9694;0,9697;95,5975
-0,0420;-0,0239;0,9907;0,9918;95,6555
-0,1196;-0,0183;0,9907;0,9980;95,7142
-0,0564;-0,0979;1,0548;1,0609;95,7772
-0,1093;-0,0564;0,9931;1,0007;95,8351
-0,0681;-0,1176;0,9743;0,9837;95,8950
-0,0605;-0,0866;1,0256;1,0310;95,9547
-0,0300;-0,0569;0,6836;0,6866;96,0154
-0,0818;-0,0869;1,0422;1,0490;96,0743
-0,0166;-0,0698;0,9680;0,9706;96,1359
-0,0532;-0,0698;0,9614;0,9654;96,1957
-0,0708;-0,0674;0,8545;0,8600;96,2547
-0,2148;0,0207;0,6624;0,6967;96,3145
-0,1933;-0,0493;1,0073;1,0268;96,3761
0,0271;0,0188;0,9367;0,9373;96,4425
-0,0737;-0,0127;1,0138;1,0166;96,4947
-0,0808;-0,0107;1,0151;1,0183;96,5546
-0,1037;-0,0117;0,9907;0,9961;96,6188
-0,0949;-0,0268;1,0424;1,0471;96,6762
-0,1291;-0,0190;0,8857;0,8953;96,7350
-0,1172;0,0032;0,9763;0,9833;96,7950
-0,0923;-0,1071;0,9843;0,9944;96,8565
-0,0857;-0,0615;0,9990;1,0045;96,9144
-0,0678;-0,0576;0,9458;0,9499;96,9748
-0,1113;-0,0866;1,0895;1,0986;97,0394
-0,0886;-0,0830;0,9782;0,9857;97,0944
-0,1076;-0,0849;0,9994;1,0088;97,1548
-0,0857;-0,0779;0,9472;0,9543;97,2153
0,0090;-0,0195;0,5120;0,5125;97,2739
-0,3017;-0,2057;1,2196;1,2731;97,3385
-0,0657;-0,0073;1,1837;1,1856;97,3972
-0,0708;-0,0210;1,0214;1,0241;97,4544
-0,0803;-0,0154;1,0295;1,0327;97,5144
-0,0678;-0,0022;0,9970;0,9993;97,5743
-0,0154;-0,0539;1,2384;1,2397;97,6338
-0,0583;0,0098;0,9665;0,9683;97,6937
-0,0774;-0,0088;0,9689;0,9721;97,7547
-0,0652;-0,0491;1,0134;1,0166;97,8153
-0,0505;-0,0649;0,9907;0,9941;97,8748
-0,0561;-0,0764;0,9304;0,9352;97,9346
0,0078;-0,0700;0,9514;0,9540;97,9971
-0,0725;-0,0681;1,0492;1,0539;98,0538
0,0173;-0,0412;0,9611;0,9622;98,1145
-0,0159;-0,0432;0,9697;0,9708;98,1778
0,0117;-0,0522;0,9462;0,9478;98,2385
-0,4940;-0,1071;1,3755;1,4655;98,2940
-0,2502;-0,0132;1,4500;1,4715;98,3554
0,1769;-0,0637;1,2420;1,2562;98,4139
-0,0556;-0,0461;1,0922;1,0946;98,4746
-0,0081;-0,0247;0,9770;0,9773;98,5339
-0,0034;-0,0222;0,9994;0,9997;98,5951
-0,0185;-0,0227;1,0136;1,0140;98,6542
0,0527;-0,0417;1,1085;1,1106;98,7149
-0,0437;-0,0412;1,1178;1,1194;98,7742
-0,0020;-0,0532;0,9399;0,9414;98,8361
-0,0261;-0,0400;1,0197;1,0208;98,8943
-0,0002;-0,0671;0,8623;0,8649;98,9564
-0,0566;-0,0893;0,8047;0,8116;99,0135
0,0268;-0,0591;0,9655;0,9677;99,0739
-0,0015;-0,0596;0,9907;0,9924;99,1378
0,0617;-0,0444;0,8943;0,8975;99,1959
0,0649;-0,0471;0,4310;0,4384;99,2554
-0,1628;-0,1677;1,3714;1,3912;99,3163
-0,1755;-0,0857;1,1034;1,1206;99,3748
0,1225;0,0054;1,1029;1,1097;99,4345
-0,0261;-0,0046;0,9933;0,9937;99,4950
-0,0229;0,0051;0,9987;0,9990;99,5539
-0,1010;-0,0171;1,0688;1,0737;99,6138
-0,0718;-0,0405;1,0934;1,0965;99,6736
-0,0151;-0,0500;0,9892;0,9906;99,7372
-0,0752;0,0098;1,0258;1,0286;99,7946
-0,0576;-0,0444;1,0278;1,0303;99,8534
-0,0642;-0,0805;0,9819;0,9873;99,9138
-0,0076;-0,0517;0,9577;0,9591;99,9776
-0,1225;-0,0720;1,2120;1,2203;100,0338
-0,0410;-0,0627;0,9597;0,9626;100,0948
-0,0271;-0,0334;0,9433;0,9443;100,1538
0,0034;-0,0442;0,8838;0,8849;100,2143
0,0088;-0,1181;0,6377;0,6486;100,2731
-0,1250;-0,1298;0,7964;0,8165;100,3337
-0,3183;-0,1472;1,1188;1,1725;100,3934
0,1411;-0,0386;0,9872;0,9980;100,4549
-0,0715;-0,0283;0,9965;0,9995;100,5138
-0,0664;-0,0129;1,0016;1,0039;100,5742
-0,0635;-0,0276;1,1349;1,1370;100,6413
-0,0979;-0,0105;0,9235;0,9288;100,6941
-0,0830;-0,0369;1,0534;1,0573;100,7536
-0,1184;-0,1059;1,0980;1,1095;100,8156
-0,0110;-0,0644;0,9304;0,9327;100,8740
-0,1145;-0,0725;1,0251;1,0340;100,9348
0,0159;-0,0896;0,9340;0,9385;100,9940
-0,0083;-0,0876;0,9082;0,9124;101,0532
-0,0408;-0,0627;0,9599;0,9628;101,1132
-0,0305;-0,0605;0,9741;0,9764;101,1734
0,0268;-0,0747;0,8567;0,8603;101,2338
-0,5064;-0,1464;1,3936;1,4900;101,2934
-0,1323;-0,0730;1,1559;1,1657;101,3531
-0,0815;-0,1150;1,4690;1,4758;101,4136
-0,0969;-0,0242;1,0353;1,0401;101,4732
-0,0927;-0,0142;0,9894;0,9939;101,5345
-0,1079;-0,0122;0,9987;1,0046;101,5930
-0,1186;-0,0056;1,0551;1,0618;101,6537
-0,1098;0,0085;1,0692;1,0749;101,7283
-0,0051;-0,0530;0,9252;0,9268;101,7738
-0,0422;0,0337;1,0285;1,0299;101,8353
-0,0444;0,0037;0,9792;0,9802;101,8964
-0,0764;-0,0154;0,8742;0,8777;101,9539
0,0012;-0,0517;0,9494;0,9508;102,0134
-0,0510;-0,0598;0,9728;0,9760;102,0733
-0,0525;-0,0591;1,0085;1,0116;102,1327
-0,0232;-0,0635;0,9626;0,9650;102,1942
-0,0715;-0,0905;1,0058;1,0124;102,2542
-0,2404;-0,1745;1,2220;1,2576;102,3131
-0,4181;-0,1562;1,4022;1,4715;102,3740
0,0632;-0,1108;1,1986;1,2054;102,4328
-0,0713;-0,0334;1,0614;1,0644;102,4933
-0,0896;-0,0278;1,0053;1,0097;102,5532
-0,1015;-0,0181;1,0019;1,0072;102,6171
-0,1228;-0,0347;1,1212;1,1285;102,6734
-0,1906;0,0351;1,0836;1,1008;102,7332
-0,0449;-0,0661;1,0282;1,0313;102,7930
-0,0142;0,0305;0,9301;0,9307;102,8533
-0,0288;-0,0020;0,9929;0,9933;102,9128
0,0649;-0,0239;1,0788;1,0810;102,9731
-0,1120;-0,0771;1,0041;1,0133;103,0358
0,0400;-0,0376;0,9990;1,0005;103,0934
0,0730;-0,1079;0,8572;0,8670;103,1529
-0,3024;-0,1220;1,0131;1,0643;103,2130
-0,3656;-0,1176;1,1864;1,2470;103,2732
-0,1686;-0,0732;1,0436;1,0597;103,3335
-0,0085;-0,1279;1,2904;1,2967;103,3940
-0,0678;-0,0395;1,0019;1,0050;103,4522
-0,0447;-0,0412;1,0177;1,0196;103,5132
-0,0544;-0,0286;1,0365;1,0384;103,5737
-0,0647;-0,0300;1,0697;1,0721;103,6330
-0,1469;-0,0198;1,1190;1,1288;103,6926
-0,1206;0,0105;0,7898;0,7990;103,7530
-0,0893;0,0354;0,9665;0,9713;103,8126
-0,0976;0,0349;0,9907;0,9961;103,8728
-0,0691;-0,0447;0,9797;0,9831;103,9320
-0,0759;-0,0149;1,0082;1,0112;103,9926
-0,1103;-0,0564;0,9911;0,9989;104,0538
-0,1042;-0,0625;1,0016;1,0090;104,1134
-0,0964;-0,0639;0,9911;0,9979;104,1726
0,5108;-0,0966;0,4564;0,6918;104,2330
-0,4098;0,0344;1,3228;1,3853;104,2930
-0,1159;-0,0432;1,1456;1,1523;104,3527
-0,1413;-0,0176;0,9948;1,0049;104,4136
-0,1157;-0,0115;1,0297;1,0363;104,4727
-0,1425;-0,0105;0,9999;1,0101;104,5338
-0,1789;-0,0178;0,9960;1,0121;104,5925
-0,1599;-0,0115;1,0539;1,0660;104,6525
-0,1767;-0,0154;1,0324;1,0475;104,7170
-0,1523;-0,0164;1,0197;1,0311;104,7723
-0,1552;-0,0403;0,9604;0,9737;104,8325
-0,1384;-0,0613;0,9494;0,9614;104,8969
-0,1208;-0,0520;1,1024;1,1103;104,9524
0,0046;-0,0393;0,8359;0,8369;105,0123
-0,1398;-0,0508;0,9270;0,9388;105,0727
-0,0981;-0,0500;0,9914;0,9975;105,1328
-0,0666;-0,0412;0,9228;0,9261;105,1962
-0,1294;-0,0871;1,0634;1,0748;105,2523
-0,3766;-0,0735;1,2572;1,3144;105,3121
0,4027;-0,0120;0,9540;1,0356;105,3726
-0,1147;-0,0334;1,0697;1,0764;105,4323
-0,0937;-0,0168;1,0097;1,0142;105,4923
-0,1159;-0,0146;0,9955;1,0024;105,5523
-0,1301;-0,0095;1,0136;1,0220;105,6121
-0,1625;-0,0061;1,0548;1,0673;105,6728
-0,1704;-0,0066;1,0158;1,0300;105,7329
-0,1684;0,0085;1,0214;1,0352;105,7935
-0,1433;-0,0225;1,0229;1,0331;105,8565
-0,1306;-0,0303;1,0114;1,0202;105,9125
-0,1403;-0,0117;0,9438;0,9542;105,9734
-0,1618;-0,0249;0,9623;0,9762;106,0323
-0,1506;-0,0312;0,9907;1,0025;106,0928
-0,1189;-0,0410;0,9272;0,9357;106,1546
-0,0281;-0,0615;0,7029;0,7062;106,2233
-0,5299;0,0098;1,4285;1,5236;106,2747
-0,0110;-0,0752;1,1857;1,1881;106,3346
-0,1023;-0,0456;1,0673;1,0732;106,3937
-0,1330;-0,0378;0,9992;1,0087;106,4538
-0,1684;-0,0478;0,9909;1,0062;106,5141
-0,1252;-0,0281;1,0151;1,0231;106,5740
-0,1530;-0,0229;1,0175;1,0292;106,6347
-0,1669;-0,0129;1,0458;1,0591;106,6971
-0,1972;-0,0020;0,9765;0,9962;106,7557
-0,1628;0,0010;0,9824;0,9958;106,8140
-0,1728;-0,0105;0,9760;0,9912;106,8781
-0,1625;-0,0107;1,0690;1,0813;106,9363
-0,0796;-0,0020;0,8147;0,8186;106,9940
-0,1594;-0,0566;0,9626;0,9773;107,0550
-0,1342;-0,0503;0,9951;1,0053;107,1154
-0,1435;-0,0469;0,9882;0,9997;107,1745
-0,1150;0,0088;0,7071;0,7164;107,2339
-0,3412;0,0281;0,8777;0,9421;107,2955
0,0059;-0,0613;1,5171;1,5184;107,3538
-0,1284;-0,0259;1,1139;1,1216;107,4139
-0,1416;-0,0061;0,9929;1,0029;107,4738
-0,1782;-0,0051;0,9911;1,0070;107,5349
-0,2333;-0,0083;1,0314;1,0575;107,5942
-0,2023;-0,0078;0,9980;1,0183;107,6584
-0,2348;0,0532;1,0556;1,0827;107,7211
-0,2004;0,0078;0,9865;1,0067;107,7740
-0,1926;0,0134;1,0397;1,0575;107,8347
-0,1484;-0,0256;0,9899;1,0013;107,8952
-0,2155;-0,0447;0,9907;1,0148;107,9537
-0,2038;-0,0410;0,9831;1,0048;108,0154
-0,1789;-0,0322;0,9848;1,0014;108,0749
-0,1745;-0,0144;0,9860;1,0014;108,1351
0,0300;0,0583;0,6834;0,6865;108,1962
-0,5347;0,0164;1,0395;1,1691;108,2559
-0,0207;0,0085;1,0204;1,0207;108,3137
-0,1135;-0,0149;1,1251;1,1309;108,3765
-0,1706;-0,0195;1,0036;1,0182;108,4340
-0,1726;-0,0083;0,9760;0,9912;108,4935
-0,1757;-0,0063;1,0285;1,0434;108,5557
-0,2377;0,0007;1,0583;1,0846;108,6139
-0,1723;0,0325;1,0436;1,0582;108,6777
-0,1757;0,0410;0,9108;0,9286;108,7354
-0,1943;0,0085;0,9853;1,0043;108,7936
0,0984;0,0361;0,5172;0,5277;108,8555
-0,1738;0,0173;0,9843;0,9997;108,9152
-0,1479;-0,0222;0,9902;1,0014;108,9735
-0,1667;-0,0305;0,9887;1,0031;109,0351
-0,1655;-0,0268;0,9902;1,0043;109,0935
-0,1691;-0,0122;0,9907;1,0051;109,1538
0,0459;0,0322;0,6067;0,6093;109,2167
-0,4623;-0,1796;1,1766;1,2769;109,2731
0,1006;0,0251;1,1757;1,1802;109,3337
-0,1818;-0,0412;1,0902;1,1061;109,3927
-0,1516;-0,0290;1,0185;1,0301;109,4544
-0,2001;-0,0327;0,9770;0,9978;109,5128
-0,1608;-0,0242;1,0131;1,0261;109,5732
-0,1806;-0,0254;1,0739;1,0893;109,6332
-0,2040;0,0002;1,1137;1,1322;109,7013
-0,1877;0,0120;0,9897;1,0074;109,7537
-0,1974;-0,0005;0,9887;1,0082;109,8162
-0,1594;0,0483;0,9560;0,9704;109,8731
-0,1398;0,0103;0,9748;0,9848;109,9334
-0,1411;-0,0144;0,9692;0,9795;109,9955
-0,1613;-0,0276;0,9985;1,0118;110,0542
-0,1713;-0,0276;0,9787;0,9940;110,1183
-0,1486;-0,0273;0,9216;0,9339;110,1737
-0,0544;-0,0095;0,6238;0,6263;110,2332
-0,5389;-0,0369;1,4824;1,5778;110,2933
-0,0310;-0,0127;1,1049;1,1054;110,3574
-0,1457;-0,0329;1,0553;1,0659;110,4139
-0,1713;-0,0085;0,9792;0,9941;110,4739
-0,2421;-0,0198;1,0119;1,0406;110,5339
-0,2265;-0,0283;1,0712;1,0952;110,5931
-0,1933;0,0085;1,0527;1,0703;110,6537
-0,2170;-0,0007;1,0541;1,0762;110,7131
-0,1911;0,0000;0,9445;0,9637;110,7761
-0,1416;-0,0059;0,9684;0,9788;110,8339
-0,1025;-0,0020;0,9299;0,9355;110,8934
-0,0962;-0,0115;1,0060;1,0107;110,9561
-0,1513;-0,0488;0,9597;0,9727;111,0132
-0,1167;-0,0398;0,9946;1,0022;111,0758
-0,0708;0,0054;0,7866;0,7898;111,1340
-0,0632;-0,0347;0,7637;0,7671;111,1963
-0,2878;-0,0093;1,1925;1,2268;111,2571
0,1245;-0,1242;1,3582;1,3696;111,3133
-0,1147;-0,0183;1,0924;1,0986;111,3734
-0,0517;-0,0073;1,0114;1,0128;111,4327
-0,1025;-0,0146;1,0070;1,0123;111,4924
-0,1091;-0,0110;1,0487;1,0545;111,5537
-0,0879;0,0081;1,0636;1,0673;111,6139
-0,0288;0,0386;1,0046;1,0057;111,6730
-0,1450;-0,0056;1,1039;1,1134;111,7333
-0,0488;-0,0554;1,1044;1,1069;111,7951
0,0442;-0,0974;0,7783;0,7856;111,8543
-0,1306;-0,0586;1,0702;1,0797;111,9129
-0,0688;-0,0437;0,9846;0,9879;111,9728
-0,0471;-0,0342;0,9660;0,9678;112,0339
-0,0168;-0,0278;0,9670;0,9675;112,0936
0,0730;-0,0703;0,7407;0,7476;112,1527
-0,0849;-0,0456;0,9167;0,9218;112,2149
-0,2826;-0,0276;1,2120;1,2448;112,2792
0,1909;-0,1115;1,2225;1,2423;112,3355
-0,0444;-0,0403;1,0326;1,0344;112,3928
-0,0188;-0,0022;0,9858;0,9860;112,4528
-0,0578;-0,0095;1,0104;1,0121;112,5126
-0,0735;-0,0139;1,0258;1,0285;112,5727
-0,0566;-0,0464;1,0609;1,0635;112,6328
-0,0744;-0,0154;0,9907;0,9936;112,6928
-0,0998;-0,0388;1,0400;1,0455;112,7570
-0,1013;-0,0268;1,0034;1,0088;112,8128
0,0369;-0,0134;1,0485;1,0492;112,8728
-0,0696;-0,0032;0,9868;0,9892;112,9325
-0,0661;-0,0256;0,9631;0,9657;112,9990
-0,0430;-0,0351;1,0051;1,0066;113,0527
-0,0124;-0,0476;0,9614;0,9626;113,1146
0,2529;-0,1276;0,5164;0,5890;113,1719
-0,2961;-0,0439;1,1984;1,2352;113,2327
0,0369;-0,0649;1,1134;1,1159;113,2937
-0,0215;-0,0083;1,0390;1,0392;113,3527
-0,0617;-0,0295;1,0046;1,0069;113,4130
-0,0757;-0,0283;1,0053;1,0085;113,4726
-0,1110;-0,0617;1,0695;1,0770;113,5327
-0,1076;-0,0303;1,0348;1,0409;113,5924
-0,0735;-0,0779;1,0758;1,0811;113,6532
-0,1625;-0,0820;0,8689;0,8877;113,7129
-0,1428;-0,0896;0,9348;0,9498;113,7722
-0,0483;-0,0920;0,8752;0,8814;113,8319
-0,1420;-0,0669;1,1115;1,1225;113,8924
-0,0925;-0,0264;0,9904;0,9951;113,9568
-0,1123;-0,0337;0,9558;0,9629;114,0126
-0,0954;-0,0437;0,9907;0,9962;114,0751
-0,0466;-0,0544;0,9228;0,9256;114,1326
-0,2289;-0,0527;1,1615;1,1850;114,1938
-0,5089;-0,0071;1,2323;1,3332;114,2602
0,1167;0,0085;1,0949;1,1011;114,3129
-0,0583;-0,0632;1,0910;1,0944;114,3738
-0,0769;-0,0359;0,9907;0,9943;114,4322
-0,1230;-0,0356;0,9921;1,0004;114,4926
-0,1137;-0,0486;1,0502;1,0575;114,5548
-0,1040;-0,0581;1,0534;1,0601;114,6158
-0,1115;-0,0349;0,9519;0,9590;114,6729
-0,1696;-0,0552;0,9838;0,9999;114,7331
-0,1179;-0,0535;0,9643;0,9729;114,7958
-0,0974;-0,0593;0,9279;0,9349;114,8529
-0,0696;-0,0774;0,8889;0,8950;114,9122
-0,1335;-0,0649;0,9914;1,0024;114,9725
-0,0971;-0,0686;0,9531;0,9605;115,0371
-0,1211;-0,0635;0,9850;0,9945;115,0918
-0,0359;-0,0556;0,9455;0,9478;115,1519
0,7068;-0,0039;0,0022;0,7068;115,2147
-0,3163;-0,0391;1,3365;1,3740;115,2724
-0,1862;-0,0322;1,3402;1,3534;115,3320
-0,1484;-0,0185;1,0329;1,0437;115,3922
-0,1440;-0,0132;1,0038;1,0142;115,4518
-0,1596;-0,0056;0,9660;0,9791;115,5128
-0,1765;-0,0286;1,0202;1,0357;115,5712
-0,1794;-0,0124;1,0390;1,0544;115,6333
-0,1835;-0,0312;1,1410;1,1561;115,6952
-0,1489;-0,0547;0,9958;1,0083;115,7578
-0,1604;-0,0986;0,9638;0,9820;115,8121
-0,1796;-0,0779;0,9736;0,9931;115,8747
-0,1320;-0,0691;0,9914;1,0025;115,9312
-0,1306;-0,0688;0,9421;0,9536;115,9911
-0,1496;-0,0483;0,9492;0,9621;116,0519
-0,1728;-0,0495;0,9794;0,9958;116,1120
-0,1457;-0,0466;0,9807;0,9925;116,1749
-0,0347;-0,0596;0,8101;0,8130;116,2352
-0,1699;-0,0176;0,5963;0,6202;116,2921
-0,4039;-0,0822;1,1081;1,1822;116,3521
0,2109;-0,0039;0,7927;0,8203;116,4111
-0,1579;-0,0334;1,0099;1,0228;116,4729
-0,1045;-0,0256;1,0131;1,0188;116,5324
-0,1084;-0,0195;0,9975;1,0036;116,5922
-0,1381;-0,0305;1,0673;1,0766;116,6511
-0,1081;-0,0022;0,9907;0,9965;116,7113
-0,1379;-0,0259;1,0556;1,0649;116,7729
-0,1547;-0,0337;0,9575;0,9705;116,8317
-0,1242;-0,0554;0,8955;0,9057;116,8916
-0,1218;-0,0578;0,9082;0,9181;116,9564
-0,1235;-0,0698;0,9519;0,9624;117,0109
-0,1355;-0,0625;0,9665;0,9779;117,0726
-0,0737;-0,0544;0,9621;0,9665;117,1311
-0,0798;-0,0369;0,9108;0,9151;117,1913
-0,1672;-0,1028;0,8943;0,9155;117,2510
-0,3285;-0,0256;1,2054;1,2497;117,3106
0,1435;-0,0381;0,8906;0,9029;117,3704
-0,0715;-0,0449;1,0329;1,0363;117,4320
-0,0539;-0,0166;1,0163;1,0179;117,4923
-0,1167;-0,0290;0,9907;0,9979;117,5514
-0,1228;0,0085;1,0697;1,0768;117,6147
-0,1076;-0,0312;0,9936;0,9999;117,6727
-0,0947;-0,0142;1,0041;1,0086;117,7339
-0,0925;-0,0207;0,9465;0,9512;117,7911
-0,1203;-0,0256;0,9719;0,9796;117,8512
-0,0544;-0,0361;0,9611;0,9633;117,9107
-0,0293;-0,0222;0,8903;0,8911;117,9706
-0,1208;-0,0403;0,9904;0,9986;118,0333
-0,0984;-0,0366;0,9872;0,9928;118,0910
-0,0271;-0,0613;0,8825;0,8851;118,1507
-0,4237;-0,0327;0,7273;0,8424;118,2112
-0,4911;-0,0700;1,4053;1,4903;118,2705
-0,1999;-0,0635;1,1942;1,2125;118,3314
-0,1379;-0,0225;1,0929;1,1018;118,3919
-0,1362;-0,0278;0,9980;1,0076;118,4509
-0,1169;-0,0239;0,9904;0,9976;118,5120
-0,1028;-0,0205;1,0536;1,0588;118,5719
-0,1128;-0,0039;1,0980;1,1038;118,6307
-0,1028;0,0032;1,0400;1,0450;118,6919
-0,1052;-0,0015;1,0068;1,0122;118,7507
-0,0918;-0,0066;0,9904;0,9947;118,8108
-0,0749;-0,0478;0,8242;0,8290;118,8702
-0,0893;-0,0290;1,0051;1,0094;118,9309
-0,1335;-0,0461;0,9628;0,9731;118,9918
-0,1015;-0,0427;0,9955;1,0016;119,0585
-0,0940;-0,0454;0,9877;0,9932;119,1108
0,0129;-0,0725;0,8689;0,8720;119,1710
-0,5433;-0,0151;0,8747;1,0298;119,2319
-0,2773;-0,0295;1,3814;1,4093;119,2905
0,0073;-0,0783;1,2289;1,2314;119,3508
-0,1106;-0,0325;1,0546;1,0609;119,4114
-0,0971;-0,0227;1,0068;1,0117;119,4713
-0,1101;-0,0159;0,9909;0,9971;119,5308
-0,1650;-0,0212;1,0800;1,0927;119,5907
-0,1596;-0,0251;0,9907;1,0038;119,6514
-0,1242;0,0090;0,9370;0,9452;119,7104
-0,1464;-0,0381;0,9333;0,9455;119,7707
-0,1630;-0,0239;1,0016;1,0151;119,8310
-0,1242;-0,0469;0,9672;0,9763;119,8905
-0,1396;-0,0364;0,9687;0,9794;119,9513
-0,1450;-0,0310;0,9445;0,9561;120,0108
-0,1389;-0,0315;0,9792;0,9895;120,0703
-0,0129;-0,0239;0,9062;0,9066;120,1306
-0,0930;-0,0239;0,9726;0,9773;120,1912
-0,3446;-0,0422;1,1361;1,1880;120,2500
-0,0947;0,0027;1,0387;1,0431;120,3106
-0,1830;-0,0178;1,0697;1,0854;120,3702
-0,1547;-0,0327;1,0143;1,0266;120,4306
-0,1650;-0,0322;0,9924;1,0065;120,4909
-0,1987;-0,0327;0,9968;1,0169;120,5500
-0,2250;-0,0334;0,9907;1,0164;120,6105
-0,1953;-0,0146;1,0756;1,0933;120,6701
-0,1909;-0,0417;1,0029;1,0217;120,7337
-0,1857;-0,0556;0,9570;0,9764;120,7899
-0,2348;-0,0359;0,9655;0,9943;120,8501
-0,1425;-0,0012;0,8418;0,8538;120,9108
-0,1735;-0,0339;0,9958;1,0114;120,9706
-0,2136;-0,0510;0,9824;1,0066;121,0305
-0,2004;-0,0508;0,9846;1,0060;121,0903
-0,2160;-0,0495;0,9619;0,9871;121,1495
-0,0093;-0,0732;0,6719;0,6760;121,2100
-0,2014;-0,0556;0,7503;0,7788;121,2701
-0,2795;-0,0566;0,9026;0,9465;121,3316
-0,0947;-0,0215;1,1090;1,1133;121,3906
-0,1484;-0,0207;1,0239;1,0348;121,4508
-0,1635;-0,0188;0,9843;0,9980;121,5101
-0,1896;-0,0185;0,9907;1,0088;121,5740
-0,1689;-0,0115;0,9907;1,0050;121,6303
-0,2162;-0,0303;1,0331;1,0559;121,6902
-0,2275;0,0085;1,0802;1,1040;121,7495
-0,2289;-0,0381;1,0392;1,0648;121,8111
-0,1977;-0,0810;0,9296;0,9539;121,8703
-0,2455;-0,0339;0,9011;0,9346;121,9306
-0,1174;-0,0173;0,9509;0,9583;121,9903
-0,2575;-0,0617;0,9909;1,0257;122,0507
-0,2297;-0,0608;0,9699;0,9986;122,1116
-0,1984;-0,0593;0,9763;0,9980;122,1693
-0,0598;-0,0586;0,7402;0,7450;122,2304
-0,4745;-0,1582;1,0002;1,1182;122,2951
-0,2873;-0,0676;1,1427;1,1802;122,3513
-0,1579;-0,0315;1,0483;1,0606;122,4112
-0,1784;-0,0271;0,9975;1,0137;122,4693
-0,1955;-0,0212;0,9868;1,0062;122,5308
-0,2245;-0,0203;0,9709;0,9967;122,5914
-0,2365;-0,0242;1,0231;1,0504;122,6495
-0,2411;-0,0154;1,0351;1,0629;122,7104
-0,2265;-0,0337;0,9902;1,0163;122,7762
-0,2248;-0,0849;0,9392;0,9694;122,8300
-0,2070;-0,0437;1,0180;1,0397;122,8919
-0,1972;-0,0544;0,8820;0,9055;122,9518
-0,2118;-0,0581;0,9731;0,9976;123,0100
-0,2455;-0,0647;0,9782;1,0106;123,0691
-0,2184;-0,0578;0,9780;1,0037;123,1305
-0,1157;-0,0571;0,8908;0,9001;123,1898
0,0705;-0,1203;0,4901;0,5095;123,2512
-0,6922;-0,0295;1,4183;1,5784;123,3105
-0,1294;-0,0398;1,0029;1,0120;123,3713
-0,1455;-0,0537;1,0614;1,0727;123,4290
-0,2099;-0,0530;0,9731;0,9969;123,4905
-0,2424;-0,0537;0,9770;1,0080;123,5511
-0,2697;-0,0515;1,0060;1,0428;123,6093
-0,2394;-0,0420;1,0002;1,0293;123,6703
-0,2138;-0,0134;0,9799;1,0031;123,7331
-0,2106;-0,0766;0,9399;0,9662;123,7901
-0,2426;-0,0417;0,9736;1,0042;123,8520
-0,1323;-0,0376;0,8210;0,8325;123,9099
-0,1716;-0,0408;0,9162;0,9330;123,9710
-0,2182;-0,0520;0,9819;1,0072;124,0332
-0,1987;-0,0447;0,9902;1,0109;124,0906
-0,1845;-0,0432;0,9763;0,9945;124,1505
-0,1242;-0,0337;0,8996;0,9088;124,2098
-0,0300;-0,0908;0,2592;0,2763;124,2694
-0,3205;-0,0298;1,2948;1,3342;124,3300
-0,1674;-0,0366;1,0751;1,0887;124,3904
-0,1481;-0,0386;1,0197;1,0311;124,4505
-0,1938;-0,0329;0,9543;0,9743;124,5108
-0,2155;-0,0351;1,0021;1,0256;124,5693
-0,2211;-0,0354;1,0563;1,0798;124,6317
-0,1916;-0,0247;1,0021;1,0206;124,6909
-0,2306;-0,0239;1,0326;1,0584;124,7503
-0,1913;-0,0408;0,9462;0,9663;124,8098
-0,2282;-0,0459;0,8899;0,9198;124,8693
-0,1186;-0,0300;0,9431;0,9510;124,9313
-0,2050;-0,0185;0,9387;0,9610;124,9897
-0,2021;-0,0752;0,9899;1,0131;125,0488
-0,1799;-0,0688;0,9887;1,0073;125,1098
-0,1711;-0,0637;0,9523;0,9697;125,1709
0,7986;0,0090;0,1032;0,8053;125,2293
-0,6739;0,0088;1,6301;1,7639;125,2891
0,0415;-0,0835;1,1930;1,1966;125,3501
-0,0920;-0,0678;1,0575;1,0637;125,4116
-0,1582;-0,0535;0,9894;1,0034;125,4691
-0,1672;-0,0434;0,9907;1,0056;125,5291
-0,1906;-0,0329;1,0634;1,0808;125,5894
-0,2175;0,0005;1,0646;1,0866;125,6503
-0,2197;-0,0034;0,9911;1,0152;125,7093
-0,2133;-0,0410;0,9587;0,9830;125,7693
-0,2399;-0,0361;0,9233;0,9546;125,8302
-0,2863;-0,0644;1,0260;1,0672;125,8920
0,0376;0,0149;1,0380;1,0388;125,9502
-0,2299;-0,0532;0,9836;1,0115;126,0094
-0,1748;-0,0403;0,9899;1,0060;126,0737
-0,1943;-0,0410;0,9789;0,9989;126,1291
-0,0842;-0,0342;0,9370;0,9414;126,1895
0,0286;0,0034;0,3295;0,3307;126,2489
-0,2777;-0,0225;1,3438;1,3724;126,3114
-0,0959;-0,0332;1,1820;1,1864;126,3697
-0,0957;-0,0237;1,0160;1,0208;126,4295
-0,1667;-0,0256;0,9775;0,9919;126,4895
-0,1906;-0,0215;1,0038;1,0220;126,5515
-0,2233;-0,0261;1,0785;1,1017;126,6096
-0,1857;-0,0110;1,1469;1,1619;126,6699
-0,1784;-0,0039;1,0048;1,0205;126,7302
-0,1489;-0,0779;0,9787;0,9930;126,7907
-0,1274;-0,0793;0,8618;0,8748;126,8498
-0,2348;-0,0649;1,0016;1,0308;126,9156
-0,1442;-0,0398;0,9675;0,9790;126,9691
-0,2033;-0,0539;0,9799;1,0022;127,0310
-0,1691;-0,0508;0,9501;0,9664;127,0915
0,2011;-0,0283;0,8076;0,8328;127,1499
0,0273;-0,0930;0,2150;0,2359;127,2099
-0,7034;-0,0959;2,2766;2,3848;127,2712
-0,0098;-0,0188;1,0470;1,0473;127,3303
-0,1118;-0,0408;0,9924;0,9995;127,3902
-0,1618;-0,0347;0,9697;0,9837;127,4509
-0,1830;-0,0303;0,9914;1,0086;127,5113
-0,1913;-0,0134;1,0309;1,0486;127,5712
-0,1384;0,0032;1,0082;1,0177;127,6303
-0,2158;0,0220;1,0758;1,0975;127,6910
-0,1186;-0,0552;1,0217;1,0300;127,7509
-0,2814;-0,0273;0,6487;0,7077;127,8105
-0,2006;-0,0718;0,9931;1,0157;127,8707
-0,2272;-0,0952;0,9907;1,0208;127,9302
-0,1325;-0,0700;0,9890;1,0002;127,9913
-0,1076;-0,0530;0,9365;0,9441;128,0507
-0,0539;-0,0369;0,8711;0,8735;128,1102
0,1313;0,0098;0,6168;0,6306;128,1712
-0,3258;-0,0325;1,3211;1,3611;128,2336
0,1069;-0,0183;1,0658;1,0713;128,2908
-0,1259;-0,0251;1,0158;1,0239;128,3509
-0,1164;0,0351;0,9904;0,9979;128,4105
-0,3102;0,0122;0,7554;0,8167;128,4704
-0,2045;0,1948;0,7534;0,8046;128,5307
-0,3954;0,1989;1,8786;1,9300;128,5915
-0,1377;-0,0913;0,8315;0,8478;128,6509
0,1796;0,0949;0,8022;0,8276;128,7104
-0,0427;1,3565;1,2008;1,8121;128,7706
0,1235;0,3561;1,0797;1,1436;128,8324
0,0940;0,3105;1,0444;1,0936;128,8904
0,0918;0,2372;1,0158;1,0472;128,9509
0,1220;0,1928;1,0419;1,0666;129,0102
-0,0098;0,1889;1,0983;1,1145;129,0696
0,0366;0,1184;1,0712;1,0783;129,1316
0,0617;0,1457;1,0138;1,0261;129,1903
0,0190;0,1125;1,0888;1,0947;129,2495
0,0398;0,1193;1,0070;1,0148;129,3104
0,0171;0,0966;1,0009;1,0057;129,3710
0,0491;0,1189;1,0126;1,0208;129,4304
0,0127;0,1132;0,9907;0,9972;129,4903
0,0703;0,1023;0,9875;0,9953;129,5503
0,0083;0,1079;1,0163;1,0220;129,6149
0,0229;0,1335;0,9938;1,0030;129,6708
0,0120;0,1398;0,9931;1,0030;129,7303
