0,1604;-0,0188;0,9911;1,0042;0,1079
0,1660;-0,0161;0,9931;1,0070;0,1322
0,1699;-0,0129;0,9907;1,0052;0,3807
0,1882;-0,0110;0,9826;1,0005;0,3827
0,1789;-0,0129;0,9899;1,0060;0,3844
0,1713;-0,0124;0,9907;1,0054;0,3863
0,1647;-0,0134;0,9914;1,0051;0,4247
0,1745;-0,0120;0,9885;1,0038;0,4824
0,1826;-0,0142;0,9907;1,0074;0,5423
0,1791;-0,0134;0,9836;0,9999;0,6022
0,1706;-0,0195;0,9933;1,0081;0,6620
0,1674;-0,0266;0,9985;1,0128;0,7233
0,2009;-0,0356;1,4434;1,4577;0,7834
0,8698;0,3134;3,3566;3,4816;0,8426
0,3776;0,1201;0,1750;0,4331;0,9038
-0,1706;0,1652;0,2394;0,3372;0,9648
0,6263;-1,0900;3,1094;3,3539;1,0236
0,3227;-0,0766;1,0824;1,1321;1,0845
0,2016;-0,0627;1,2955;1,3126;1,1455
-0,0271;-0,0085;1,6199;1,6201;1,2130
0,2097;0,0305;0,2097;0,2981;1,2755
0,2504;0,0185;0,4049;0,4764;1,3300
-1,0263;-0,1096;-0,7385;1,2691;1,3851
0,2204;-0,0054;1,7309;1,7449;1,4466
0,3702;-0,1079;1,0934;1,1594;1,5100
-0,1982;-0,0610;1,3550;1,3708;1,5640
-0,4427;0,1181;-1,6311;1,6942;1,6245
0,1125;0,0085;0,4117;0,4269;1,6866
-1,0522;0,0991;-0,7456;1,2934;1,7435
-0,0637;-0,0134;2,2105;2,2115;1,8037
0,3920;-0,0466;1,0075;1,0821;1,8648
-2,5678;0,0705;0,1848;2,5754;1,9236
-0,1547;0,0566;1,3563;1,3662;1,9839
0,2980;0,0603;0,7222;0,7836;2,0441
0,2248;0,0183;0,4091;0,4671;2,1032
0,1440;-0,1933;-3,4220;3,4305;2,1696
0,4342;0,0000;1,3082;1,3784;2,2232
0,2590;-0,0303;1,0959;1,1264;2,2847
0,2399;-0,0801;1,5803;1,6004;2,3477
-0,3114;0,1889;1,5657;1,6075;2,4060
0,0852;0,0295;0,4998;0,5079;2,4636
0,4010;0,0754;-0,1176;0,4246;2,5270
-0,3375;-0,0120;2,8941;2,9138;2,5850
0,4435;-0,0583;1,0866;1,1750;2,6432
-0,5079;-0,0071;0,9292;1,0589;2,7035
-0,8030;-0,2248;-2,6620;2,7896;2,7668
-0,0337;-0,0273;0,2831;0,2864;2,8264
0,0859;0,0212;0,7444;0,7496;2,8844
0,3934;-0,1957;-0,9367;1,0347;2,9446
0,4662;-0,0168;1,1578;1,2483;3,0036
0,4127;-0,0425;1,2852;1,3506;3,0637
0,5660;-0,0286;2,1998;2,2716;3,1235
-0,7837;0,1730;1,1703;1,4190;3,1839
-0,0232;-0,0100;0,5855;0,5861;3,2448
0,2873;-0,0112;0,2272;0,3664;3,3032
-7,9890;0,4710;0,8149;8,0442;3,3634
0,7202;0,0444;1,5789;1,7359;3,4292
0,4764;-0,0740;1,7514;1,8166;3,4831
-0,9907;-0,1233;-4,2982;4,4126;3,5468
0,0754;-0,0901;-0,4935;0,5073;3,6024
0,0115;-0,0010;0,7976;0,7977;3,6650
0,0005;-0,0637;0,3002;0,3069;3,7275
-0,4347;-0,1362;1,2630;1,3427;3,7831
0,2560;-0,0159;1,1151;1,1443;3,8434
0,2050;-0,0034;2,3677;2,3765;3,9057
1,3179;0,0925;4,9430;5,1166;3,9651
0,0112;0,0024;0,5238;0,5239;4,0231
0,1955;0,0359;0,7359;0,7622;4,0835
-1,0524;0,2314;-1,5654;1,9004;4,1454
0,6041;0,0146;1,0143;1,1807;4,2057
-1,6594;0,2016;1,1422;2,0246;4,2643
1,2291;0,1848;4,7932;4,9517;4,3241
0,0337;-0,0051;0,5133;0,5144;4,3843
0,0603;-0,0063;0,8401;0,8423;4,4437
-0,1379;0,0181;0,7764;0,7887;4,5044
0,0535;0,0571;1,4136;1,4158;4,5681
0,1525;-0,0315;1,0646;1,0759;4,6302
0,8079;-0,2421;2,4184;2,5613;4,6851
0,0930;-0,2692;-1,1478;1,1826;4,7466
0,0581;-0,0205;0,6892;0,6920;4,8041
0,2419;0,0671;0,2065;0,3250;4,8644
0,5797;-0,1096;1,2408;1,3739;4,9266
0,6033;0,0586;1,2176;1,3602;4,9842
-0,5572;0,0303;1,0651;1,2024;5,0441
1,1359;-0,1406;1,4849;1,8748;5,1066
0,0627;0,0488;0,4886;0,4950;5,1646
-0,0112;-0,0247;0,9931;0,9935;5,2245
-0,1174;-0,1577;0,0232;0,1979;5,2840
-0,1894;-0,0383;1,6489;1,6602;5,3487
0,2289;-0,0207;1,0880;1,1121;5,4041
0,2931;-0,1957;2,0130;2,0437;5,4640
0,0757;0,0076;0,6165;0,6212;5,5246
0,0530;-0,0093;0,7429;0,7449;5,5835
-0,6631;-0,1225;0,1501;0,6909;5,6446
0,9814;0,3219;3,1301;3,2961;5,7036
0,5230;-0,1635;1,1918;1,3117;5,7641
-0,2350;-0,1567;1,3536;1,3827;5,8239
0,1413;-0,1311;0,5865;0,6173;5,8836
0,0625;0,0286;0,5814;0,5854;5,9438
0,4061;0,1789;-0,4562;0,6364;6,0034
0,9384;-0,1015;0,5428;1,0888;6,0644
0,4789;0,0085;1,2972;1,3828;6,1248
-2,5012;0,2592;0,3410;2,5376;6,1984
-1,2481;0,1606;-4,3029;4,4831;6,2440
0,0447;0,0105;0,6861;0,6876;6,3044
-0,6282;-0,0664;0,9880;1,1727;6,3650
-0,6824;0,0884;2,3740;2,4717;6,4277
0,5687;0,0454;1,0517;1,1964;6,4837
-0,4095;0,0271;0,9155;1,0033;6,5434
-0,1101;-0,0649;3,6344;3,6366;6,6075
0,0505;-0,0364;0,6058;0,6090;6,6672
0,0803;-0,0347;1,0797;1,0833;6,7236
0,1306;-0,1909;1,1862;1,2085;6,7841
0,1074;-0,0822;1,5354;1,5414;6,8484
1,5981;-0,0940;2,2449;2,7573;6,9054
0,0930;0,1611;1,8542;1,8635;6,9635
0,1403;-0,1040;0,2175;0,2789;7,0280
0,1203;0,0476;0,8093;0,8196;7,0907
0,3549;-0,5123;5,2728;5,3095;7,1434
-0,1433;-0,0325;1,5264;1,5334;7,2026
1,0055;-0,0478;1,6897;1,9668;7,2637
-0,4796;0,1193;1,5815;1,6570;7,3240
0,3219;0,0085;1,0905;1,1370;7,3835
0,0661;0,0290;0,6507;0,6547;7,4441
0,1042;0,0081;0,9511;0,9568;7,5048
-0,0635;0,2402;7,1240;7,1283;7,5628
-0,1721;-0,0227;1,6167;1,6260;7,6234
0,9135;-0,0305;2,0589;2,2527;7,6843
-1,4517;0,2084;-2,2666;2,6997;7,7435
0,2123;0,0154;0,6409;0,6753;7,8080
0,0871;-0,0657;0,9094;0,9159;7,8676
-0,3783;-0,1374;0,1108;0,4175;7,9245
-0,0437;-0,0059;1,6377;1,6383;7,9847
0,5604;0,0203;1,1259;1,2578;8,0447
0,5382;-0,0239;2,7574;2,8096;8,1033
-0,2111;-0,0847;-2,3804;2,3912;8,1632
0,0412;0,0039;0,7893;0,7904;8,2271
0,2043;0,0005;0,5482;0,5850;8,2827
0,0283;0,1301;-2,8714;2,8745;8,3432
0,6121;-0,0273;1,2743;1,4139;8,4056
0,4413;-0,0852;1,7302;1,7876;8,4630
-1,8800;-0,1015;-4,0942;4,5063;8,5239
0,1791;0,0249;0,3710;0,4127;8,5895
0,0805;-0,0339;1,0961;1,0996;8,6491
0,6719;-0,0720;-0,0710;0,6795;8,7032
0,1721;0,0642;1,4922;1,5035;8,7642
0,2921;-0,0149;1,0400;1,0803;8,8230
0,4584;-0,0420;2,4787;2,5211;8,8849
-0,2365;-0,0049;-2,8309;2,8408;8,9431
0,0268;0,0061;0,8369;0,8374;9,0035
0,1196;-0,0630;0,3571;0,3818;9,0634
0,3646;-0,1211;-1,6343;1,6788;9,1270
0,0278;0,0556;0,8481;0,8504;9,1845
0,4527;0,0249;1,4166;1,4874;9,2431
0,3595;0,1069;1,9930;2,0280;9,3034
0,3812;-0,1496;-0,1267;0,4287;9,3672
0,0896;-0,0835;0,8332;0,8422;9,4244
0,7461;-0,4969;5,0463;5,1253;9,4871
-0,0464;0,0034;1,3219;1,3227;9,5433
1,3963;-0,3685;2,7633;3,1179;9,6030
2,1031;0,4398;6,0086;6,3812;9,6641
0,1640;0,0869;0,7136;0,7374;9,7231
-0,0076;-0,0552;1,1173;1,1187;9,7821
-0,2489;-0,1367;0,5323;0,6033;9,8439
0,5318;0,1967;2,4980;2,5616;9,9098
0,5101;0,0129;1,2718;1,3704;9,9625
-1,5091;-0,2382;0,8376;1,7423;10,0228
0,2673;0,2904;0,6597;0,7688;10,0899
-0,0278;0,0085;0,6826;0,6833;10,1424
0,1406;0,0127;0,5689;0,5862;10,2037
0,8547;0,2267;-3,1716;3,2926;10,2665
0,4825;-0,0908;1,1952;1,2921;10,3235
0,3812;0,0549;1,6206;1,6657;10,3836
-1,5872;0,0391;-2,0160;2,5661;10,4432
0,1848;0,0452;0,6394;0,6671;10,5024
0,0122;-0,0200;1,0234;1,0236;10,5621
-0,0088;-0,1045;-0,0242;0,1076;10,6247
0,7749;-0,0203;2,8670;2,9700;10,6824
0,3654;-0,0576;1,1613;1,2187;10,7431
0,2309;0,0234;1,8722;1,8865;10,8067
-0,9065;0,0410;-2,7199;2,8672;10,8628
0,0664;0,0171;0,8049;0,8078;10,9226
-0,0266;0,0815;-0,4940;0,5014;10,9828
0,3295;-0,2206;2,0658;2,1035;11,0439
0,5550;0,0200;1,3467;1,4568;11,1026
0,2201;0,1001;1,1239;1,1496;11,1625
0,2187;-0,4247;4,7261;4,7501;11,2220
0,0696;0,0256;0,6338;0,6382;11,2851
0,0759;0,0442;1,0095;1,0133;11,3415
0,1279;-0,0364;4,1298;4,1320;11,4024
-0,2956;-0,0066;1,5198;1,5483;11,4687
0,7695;-0,1445;1,3187;1,5336;11,5225
0,2167;0,0510;1,9218;1,9346;11,5829
0,0115;-0,0578;-0,0852;0,1036;11,6447
-0,0105;-0,0195;0,6980;0,6984;11,7126
0,3824;0,0012;-0,6038;0,7147;11,7634
0,5345;-0,0327;0,6682;0,8563;11,8228
0,5675;-0,0100;1,4468;1,5541;11,8838
0,1093;-0,0508;1,6616;1,6660;11,9422
-1,8263;0,2497;1,3978;2,3133;12,0024
0,0505;-0,0095;0,6848;0,6868;12,0635
0,1159;0,0054;0,9538;0,9608;12,1235
0,2187;-0,0971;0,4625;0,5207;12,1888
0,4396;-0,0422;3,4084;3,4369;12,2428
0,3822;-0,0530;1,2342;1,2931;12,3025
0,2602;0,1433;1,9742;1,9965;12,3639
0,2531;-0,0122;0,3141;0,4036;12,4221
0,0923;-0,0183;0,9855;0,9900;12,4961
0,1323;-0,1125;-0,3793;0,4171;12,5424
0,4398;-0,0437;2,9551;2,9880;12,6042
0,4227;-0,0232;1,0790;1,1591;12,6632
-0,0127;-0,0276;1,1024;1,1029;12,7227
0,1120;-0,0927;0,7939;0,8072;12,7827
0,1052;-0,1979;1,0043;1,0290;12,8425
0,1098;-0,1525;0,9907;1,0083;12,9039
0,1713;-0,0993;0,9909;1,0105;12,9632
0,1118;-0,1298;0,9345;0,9501;13,0233
0,1460;-0,2072;0,7102;0,7541;13,0821
0,1787;-0,0830;1,1225;1,1396;13,1423
0,2331;-0,0049;1,0651;1,0903;13,2081
0,1608;-0,0093;0,9621;0,9755;13,2624
0,1823;-0,0371;1,0165;1,0334;13,3222
0,3129;0,0081;0,8579;0,9132;13,3822
0,1887;-0,0405;0,8940;0,9146;13,4511
0,2751;-0,0022;0,9750;1,0131;13,5020
0,1462;-0,0325;1,0402;1,0509;13,5644
0,0788;-0,0395;1,1293;1,1327;13,6221
0,1494;0,1337;2,0126;2,0225;13,6816
0,2792;0,0422;-0,4725;0,5505;13,7418
0,0657;0,0317;0,5023;0,5076;13,8016
-0,1252;-0,0803;7,7122;7,7136;13,8622
-0,1086;-0,0964;1,4029;1,4104;13,9221
0,1623;-0,0383;1,1400;1,1522;13,9826
-0,5865;-0,0725;-2,5517;2,6192;14,0420
0,3463;0,0854;-0,1040;0,3716;14,1023
0,1164;0,0356;0,7029;0,7134;14,1672
0,3244;-0,1538;2,3716;2,3986;14,2221
0,0988;-0,0771;1,6206;1,6254;14,2821
0,1198;-0,0342;1,1454;1,1522;14,3427
0,0386;0,0632;2,0968;2,0981;14,4016
0,2089;0,0442;-0,3124;0,3784;14,4633
0,0195;0,0081;0,8201;0,8203;14,5265
-0,0766;-0,2987;0,5443;0,6256;14,5832
-0,2602;-0,0427;1,2894;1,3161;14,6434
0,2177;-0,0481;1,2704;1,2898;14,7035
0,2673;0,0764;2,2888;2,3057;14,7619
0,2497;0,1023;-0,1438;0,3057;14,8226
0,0115;0,0295;0,8332;0,8338;14,8813
0,1899;-0,3105;0,2018;0,4161;14,9420
0,3239;0,2231;2,3494;2,3821;15,0013
0,4525;-0,0303;1,1437;1,2303;15,0628
-0,5811;-0,0591;1,1971;1,3320;15,1225
-0,9428;0,1150;-0,9616;1,3516;15,1838
0,0278;0,0259;0,5762;0,5775;15,2418
-0,1794;-0,0683;0,6192;0,6483;15,3041
0,0461;-0,2819;0,6104;0,6739;15,3609
0,5133;-0,0535;1,4344;1,5244;15,4235
-0,3610;0,1992;1,5288;1,5834;15,4863
0,0681;-0,1237;-0,6063;0,6225;15,5457
-0,0793;0,0120;0,6931;0,6978;15,6084
-0,0642;-0,0576;0,1528;0,1754;15,6616
0,7107;-0,2128;0,8520;1,1298;15,7224
0,4552;-0,0408;1,2379;1,3196;15,7810
-0,2489;0,1189;0,7439;0,7934;15,8414
0,4947;0,1128;1,1781;1,2827;15,9021
0,0217;0,0085;0,4481;0,4487;15,9615
0,2167;0,1113;0,5509;0,6023;16,0211
1,4876;0,5135;-6,3828;6,5739;16,0821
0,5909;-0,0295;1,3626;1,4855;16,1415
0,5013;-0,0251;1,5859;1,6635;16,2011
-0,3207;0,0356;-0,9252;0,9799;16,2612
0,1108;-0,0017;0,4442;0,4578;16,3244
0,0556;0,0007;0,8232;0,8251;16,3820
-0,5770;0,0342;1,2813;1,4057;16,4476
-0,1862;-0,0454;1,6962;1,7070;16,5006
0,1982;-0,0354;0,9616;0,9825;16,5609
-0,0210;0,0400;1,6696;1,6703;16,6213
0,3331;-0,0176;0,8630;0,9253;16,6812
0,0764;0,0364;0,6812;0,6864;16,7413
-0,7756;-0,1150;-1,1332;1,3780;16,8049
-0,0178;0,0464;1,7492;1,7499;16,8621
0,5499;-0,0793;1,2276;1,3475;16,9235
0,1228;-0,0693;1,7690;1,7746;16,9870
0,2475;0,0783;0,2863;0,3865;17,0408
0,0085;-0,0010;0,8759;0,8760;17,1015
-0,1047;-0,0783;-0,3656;0,3883;17,1621
0,0110;-0,0825;2,2491;2,2506;17,2210
0,3756;-0,0022;1,0470;1,1124;17,2813
-0,8044;0,1279;1,8788;2,0478;17,3425
0,1433;-0,0705;0,2792;0,3216;17,4010
0,0605;0,0054;0,7058;0,7084;17,4614
0,3866;-0,0730;-0,1159;0,4102;17,5237
-0,1887;-0,0774;2,1151;2,1249;17,5866
0,4979;-0,0696;1,1871;1,2892;17,6437
0,4462;-0,1423;2,7179;2,7580;17,7031
0,6048;0,0591;-0,2106;0,6431;17,7638
-0,0134;0,0229;0,7969;0,7973;17,8212
0,1284;-0,0925;-0,1748;0,2357;17,8808
0,6805;-0,2487;4,8935;4,9468;17,9413
0,5079;-0,1337;1,1024;1,2212;18,0037
-0,1452;-0,0903;1,6189;1,6279;18,0606
-0,2790;-0,1794;1,6894;1,7217;18,1218
0,0554;0,0286;0,5072;0,5110;18,1950
-0,4942;0,0473;0,0935;0,5052;18,2417
0,0410;-0,2882;7,9885;7,9938;18,3025
0,5360;-0,0898;1,2096;1,3261;18,3657
0,0945;-0,1518;1,1561;1,1699;18,4254
-0,6346;0,0737;-2,7448;2,8181;18,4811
-0,0373;-0,0190;0,6663;0,6676;18,5407
0,1574;0,0293;-0,3619;0,3958;18,6030
0,9423;-0,1686;0,8657;1,2907;18,6604
0,3837;-0,0659;1,4803;1,5306;18,7208
-0,4147;0,0146;0,9267;1,0154;18,7869
-1,1749;0,2599;0,3217;1,2456;18,8400
0,2489;0,0339;0,2712;0,3697;18,9004
-0,3212;-0,0569;0,6497;0,7270;18,9615
1,0329;-0,2817;1,2396;1,6379;19,0211
0,4159;-0,0317;1,1503;1,2236;19,0837
-0,8135;0,1767;1,2533;1,5045;19,1401
-0,3800;0,2143;0,7202;0,8421;19,2068
0,0962;0,0356;0,6966;0,7041;19,2611
0,0247;-0,0281;0,3454;0,3474;19,3266
-2,3140;0,0513;-0,2136;2,3244;19,3803
0,5352;-0,0161;1,1288;1,2494;19,4403
0,6914;0,0571;1,9784;2,0965;19,5005
-1,4444;0,1411;-2,1309;2,5782;19,5602
0,1516;0,0588;0,4342;0,4636;19,6201
0,0491;0,0569;0,8762;0,8794;19,6801
0,1830;-0,0615;-0,2987;0,3557;19,7421
-0,4991;-0,0591;1,6801;1,7537;19,8006
0,5008;-0,0439;1,0907;1,2010;19,8617
0,0918;-0,0176;2,3298;2,3317;19,9213
0,3417;0,0569;-0,1750;0,3881;19,9839
0,0078;-0,0056;0,8176;0,8177;20,0431
-0,0818;-0,0508;-0,8767;0,8819;20,1013
-0,4183;-0,2563;2,8470;2,8890;20,1629
0,4737;0,0212;1,1637;1,2566;20,2231
-0,0027;-0,0554;1,9340;1,9348;20,2803
-0,3846;-0,0835;-0,0661;0,3991;20,3398
-0,0068;0,0112;0,7739;0,7740;20,4022
0,1501;-0,0122;-0,9296;0,9418;20,4606
0,1674;-0,0852;1,3050;1,3185;20,5205
0,4498;-0,0349;1,1779;1,2613;20,5811
-0,2602;-0,0432;1,3057;1,3321;20,6402
-0,6914;0,3207;-0,6587;1,0074;20,7018
0,0278;0,0002;0,6275;0,6281;20,7637
0,0168;-0,0566;-0,2897;0,2957;20,8196
0,9772;-0,1242;0,7627;1,2458;20,8807
0,6282;-0,0056;1,2872;1,4323;20,9436
-0,3637;0,0234;1,2264;1,2794;21,0088
0,5589;-0,8188;5,2469;5,3397;21,0626
0,0164;-0,0207;0,6429;0,6434;21,1207
0,1372;-0,0046;0,7661;0,7783;21,1832
-0,5147;0,0037;0,3693;0,6335;21,2403
-0,1796;-0,0361;1,0700;1,0856;21,2999
0,5433;-0,0349;1,5942;1,6846;21,3606
0,4547;-0,0871;1,7421;1,8026;21,4227
-0,0356;-0,0537;0,5299;0,5338;21,4849
0,1303;0,0239;0,6353;0,6490;21,5402
0,1337;-0,1777;7,2792;7,2826;21,6003
-0,1496;-0,0154;1,3663;1,3745;21,6617
0,6219;0,0356;1,5430;1,6640;21,7197
0,0705;-0,0166;1,3009;1,3029;21,7801
-0,2197;-0,1028;-1,3216;1,3437;21,8445
0,0317;0,0139;0,7093;0,7101;21,9000
-0,1545;-0,0671;-0,3436;0,3827;21,9637
1,2743;-0,8906;7,3073;7,4708;22,0204
0,6265;-0,0671;1,1103;1,2766;22,0811
0,2558;-0,2482;2,0338;2,0648;22,1434
-0,8886;0,4203;-0,6846;1,1979;22,2021
0,0998;0,0085;0,5975;0,6058;22,2599
-0,3275;-0,0783;-0,2192;0,4018;22,3237
0,7644;-0,0769;4,5694;4,6335;22,3835
0,4591;-0,0249;1,1464;1,2351;22,4402
0,1447;-0,1521;1,3177;1,3343;22,5005
-0,1721;0,3073;-0,2160;0,4131;22,5599
0,0564;0,0156;0,6905;0,6929;22,6194
-0,0449;-0,0713;-0,0566;0,1015;22,6802
0,0452;-0,2026;1,1713;1,1895;22,7411
0,5570;-0,0444;1,2999;1,4149;22,8020
-0,0417;-0,1110;0,8554;0,8636;22,8609
-1,0458;0,1679;-2,7408;2,9384;22,9204
0,1030;0,0078;0,6919;0,6996;22,9836
0,2467;-0,1457;-0,5687;0,6368;23,0459
-0,0085;0,0493;2,1319;2,1325;23,1011
0,5211;0,0090;1,1727;1,2833;23,1611
0,1203;-0,1892;1,5893;1,6051;23,2208
0,0722;0,0290;0,0181;0,0799;23,2804
0,0288;-0,0334;0,8659;0,8671;23,3410
-0,0620;-0,0564;-0,3947;0,4035;23,4006
0,9902;-0,1926;3,8633;3,9928;23,4615
0,4720;-0,0029;1,1754;1,2667;23,5246
-0,1508;-0,1396;1,9218;1,9327;23,5815
-0,1621;-0,1381;0,1608;0,2669;23,6409
0,0452;0,0193;0,7359;0,7375;23,7010
0,3400;-0,2053;-0,8252;0,9158;23,7609
-0,1555;-0,0688;2,1239;2,1306;23,8213
0,7468;-0,0810;1,5674;1,7381;23,8805
0,2848;0,0129;2,0684;2,0880;23,9418
0,0469;0,0144;0,2426;0,2475;24,0011
0,0400;-0,0273;0,8969;0,8982;24,0609
0,2565;-0,1176;-0,2321;0,3654;24,1231
-0,1516;-0,1972;2,4426;2,4552;24,1801
0,1894;-0,0105;0,9899;1,0079;24,2412
0,0168;-0,0073;1,6396;1,6397;24,3022
-0,1982;-0,1564;-0,1418;0,2896;24,3623
0,0576;0,0002;0,6787;0,6812;24,4206
-0,2882;-0,2582;3,1865;3,2099;24,4825
-0,5955;-0,0139;0,9189;1,0951;24,5409
0,4676;0,0849;1,2442;1,3319;24,6031
0,2228;-0,1916;2,0697;2,0904;24,6602
0,4759;0,1147;-0,0383;0,4911;24,7211
0,0095;0,0046;0,8349;0,8350;24,7863
0,0674;-0,1809;0,1179;0,2261;24,8411
0,0347;-0,0151;2,1485;2,1488;24,9009
0,2416;-0,0044;1,0897;1,1162;24,9617
0,3768;-0,1337;2,1412;2,1782;25,0202
-0,1542;0,0657;-0,3927;0,4270;25,0799
0,0915;-0,0015;0,7068;0,7127;25,1421
0,1259;-0,1372;0,4381;0,4760;25,2020
0,1694;-0,1879;3,4067;3,4160;25,2605
0,2658;-0,1330;1,1178;1,1567;25,3198
0,2097;-0,0886;2,6191;2,6289;25,3800
0,0388;-0,0913;0,3622;0,3755;25,4434
0,0242;0,0093;0,8511;0,8514;25,5081
-0,2109;-0,0864;-0,3392;0,4087;25,5619
1,0051;-0,1928;3,8550;3,9885;25,6207
0,4998;-0,0361;1,4024;1,4892;25,6801
0,1996;-0,0371;2,0179;2,0281;25,7400
-0,3392;-0,2377;-0,8962;0,9873;25,8003
0,0749;0,0195;0,7976;0,8014;25,8601
0,0351;-0,1613;-0,0820;0,1844;25,9205
0,4030;-0,1638;3,1926;3,2221;25,9824
0,3126;-0,0188;1,2677;1,3058;26,0419
0,0888;0,0537;1,5469;1,5504;26,0995
0,1237;-0,0444;0,3785;0,4007;26,1614
0,0564;0,0639;0,8208;0,8252;26,2263
0,0286;-0,0818;-0,3195;0,3310;26,2799
0,7520;0,0010;3,1916;3,2790;26,3419
0,4054;0,0234;1,2899;1,3523;26,3999
0,1506;-0,0642;1,9469;1,9538;26,4596
0,1406;0,1240;0,6629;0,6889;26,5250
0,0915;0,0117;0,6929;0,6990;26,5804
0,2611;-0,1101;-0,2865;0,4030;26,6401
0,5484;-0,2538;5,5412;5,5741;26,7001
0,5448;0,0156;1,2674;1,3796;26,7601
0,0398;-0,0945;1,7551;1,7581;26,8200
0,1313;0,0564;0,0015;0,1429;26,8823
0,0700;0,0090;0,6414;0,6453;26,9443
0,1303;-0,0295;0,0542;0,1442;27,0019
1,5991;0,0366;-0,8088;1,7924;27,0621
0,5255;-0,0100;1,2706;1,3750;27,1216
0,6121;0,0935;1,5215;1,6427;27,1796
-3,5690;0,4425;-0,8840;3,7033;27,2399
0,0535;-0,0046;0,6836;0,6857;27,3029
-1,0463;-0,1418;1,3365;1,7033;27,3623
0,1345;-0,3541;3,6959;3,7152;27,4194
0,4911;-0,0232;1,1600;1,2599;27,4802
-4,1384;0,1491;-0,5631;4,1792;27,5396
2,2024;-0,2863;5,4614;5,8958;27,6001
0,0576;0,0156;0,4376;0,4417;27,6597
0,2197;0,1845;0,3466;0,4499;27,7206
-0,7044;0,2946;-1,1466;1,3776;27,7800
0,2385;-0,0881;1,1986;1,2253;27,8408
0,9233;-0,2712;2,1995;2,4008;27,9032
-1,5051;0,3124;-3,9165;4,2074;27,9604
0,2787;0,1284;0,1760;0,3537;28,0200
0,1921;0,1506;0,2682;0,3627;28,0807
-1,7355;0,0949;0,5091;1,8112;28,1403
0,3063;-0,0852;1,1776;1,2198;28,2038
-0,2633;0,1464;1,4422;1,4733;28,2600
-0,1042;0,3932;1,1630;1,2321;28,3216
0,0598;0,0574;0,6646;0,6697;28,3797
-0,6390;-0,1572;1,6430;1,7699;28,4400
1,5335;-0,1357;-0,1657;1,5483;28,4992
0,5223;-0,0945;1,4346;1,5297;28,5593
-1,2567;0,1865;0,7320;1,4662;28,6195
-1,1971;0,2016;0,3861;1,2739;28,6810
0,0364;0,0207;0,6690;0,6703;28,7393
-0,0962;-0,0032;0,6643;0,6713;28,7994
0,7925;-0,2397;0,8838;1,2110;28,8594
0,4967;-0,0898;1,1698;1,2740;28,9222
-0,3515;0,1362;1,2530;1,3085;28,9794
-1,4637;0,3051;-1,8571;2,3841;29,0402
0,0185;-0,0193;0,7676;0,7680;29,0995
0,1948;0,0571;0,4249;0,4709;29,1590
0,4300;0,0478;-0,3720;0,5706;29,2197
0,4400;-0,0954;1,3980;1,4687;29,2788
0,3456;0,2004;1,4590;1,5127;29,3396
-0,4483;0,4796;3,1326;3,2006;29,4006
0,0620;-0,0032;0,5779;0,5813;29,4603
-0,0832;0,0085;-0,0671;0,1073;29,5192
0,1152;-0,1167;4,0712;4,0745;29,5806
0,8108;-0,0849;1,0656;1,3417;29,6436
-1,3624;-0,0603;0,4735;1,4436;29,7070
2,6994;-0,7254;6,4921;7,0683;29,7607
0,1191;-0,0286;0,6431;0,6547;29,8221
0,0012;-0,0610;0,4784;0,4822;29,8876
0,9765;-0,1931;-0,2289;1,0214;29,9398
0,7661;-0,0556;1,5837;1,7602;30,0003
-1,5310;0,1447;-0,2790;1,5629;30,0663
-0,6778;-0,0737;-2,1297;2,2362;30,1197
0,0893;0,0229;0,6909;0,6971;30,1823
-0,5172;-0,0398;0,2641;0,5821;30,2412
1,3858;-0,8613;7,8184;7,9868;30,3010
0,6133;-0,0142;1,1417;1,2961;30,3608
-0,7566;0,0720;1,1229;1,3560;30,4212
-1,0275;0,1691;-0,3512;1,0990;30,4831
0,0637;0,0154;0,6575;0,6608;30,5412
0,1811;0,1028;-0,0076;0,2084;30,6000
0,8637;-0,1362;0,6199;1,0719;30,6604
0,6119;-0,0659;1,3419;1,4763;30,7200
-0,8813;0,2577;0,3131;0,9702;30,7800
-0,0478;-0,1023;-0,1955;0,2258;30,8401
0,1037;0,0007;0,8398;0,8462;30,9003
-0,7205;-0,0205;0,8108;1,0848;30,9621
-0,0722;-0,0896;2,0499;2,0531;31,0203
0,4056;-0,0007;1,1278;1,1986;31,0793
0,2404;-0,1484;1,8925;1,9134;31,1410
-0,4330;-0,0720;0,0549;0,4423;31,2039
0,0920;0,0085;0,6304;0,6372;31,2600
0,4300;-0,0905;-0,1015;0,4510;31,3283
-0,0542;0,0207;1,5952;1,5963;31,3823
0,3031;-0,0032;1,1820;1,2203;31,4404
0,0566;-0,0852;1,3577;1,3616;31,5008
0,4989;0,0561;-0,3173;0,5939;31,5598
0,1147;0,0493;0,7969;0,8066;31,6221
0,7224;-0,6011;6,3615;6,4306;31,6797
-0,0913;0,0051;1,3502;1,3533;31,7397
0,8345;-0,4142;1,9254;2,1390;31,8003
-0,7976;0,0059;0,2760;0,8440;31,8643
0,2062;0,0827;0,3095;0,3810;31,9260
0,2550;0,0857;0,5457;0,6084;31,9794
1,3482;0,0901;-4,3966;4,5995;32,0403
0,1777;-0,1852;1,2106;1,2375;32,1030
0,9321;-0,0822;2,2766;2,4614;32,1609
1,8251;-0,0308;5,5832;5,8740;32,2281
0,1691;0,0371;0,5509;0,5774;32,2815
0,1430;0,0493;0,1269;0,1975;32,3398
-0,2692;-0,2092;1,8998;1,9301;32,3998
0,4667;-0,0293;1,2489;1,3335;32,4608
0,2118;0,0217;1,2894;1,3069;32,5195
0,1113;0,1435;-0,8623;0,8812;32,5791
-0,0820;-0,0693;1,1469;1,1519;32,6394
0,2636;-0,0430;-0,5465;0,6082;32,7028
1,5125;0,0910;2,5602;2,9750;32,7602
0,4239;-0,0391;1,3338;1,4001;32,8220
0,3600;-0,0998;1,5017;1,5475;32,8809
-0,5738;0,1096;-2,8634;2,9223;32,9398
0,1030;0,0456;0,7471;0,7555;32,9997
0,5667;-0,3751;2,3779;2,4731;33,0612
0,0278;-0,0705;1,5205;1,5224;33,1190
1,0048;-0,2885;2,0897;2,3366;33,1800
-0,7776;0,2792;0,9138;1,2319;33,2392
0,1157;0,0017;0,5225;0,5352;33,3035
0,0620;0,1245;0,7949;0,8070;33,3594
0,2272;-0,2035;1,2894;1,3250;33,4191
0,0024;-0,1120;1,5693;1,5733;33,4829
0,8415;-0,1455;2,2962;2,4498;33,5419
1,3336;-0,2333;0,7442;1,5449;33,5991
0,2961;0,1086;0,5921;0,6708;33,6613
-0,3173;-0,1848;1,4417;1,4877;33,7189
0,8528;-0,2262;0,8284;1,2102;33,7806
0,5296;-0,0752;1,3131;1,4178;33,8391
0,3261;0,3185;1,3956;1,4681;33,8991
-0,7071;0,0469;-3,6929;3,7603;33,9625
0,1240;0,0190;0,7893;0,7992;34,0215
0,0369;-0,1152;-0,8872;0,8954;34,0793
0,4908;-0,1030;2,7006;2,7467;34,1391
0,6670;-0,1189;1,3853;1,5421;34,2028
0,7534;-0,1301;2,7286;2,8337;34,2603
0,3759;0,0896;0,0007;0,3864;34,3192
0,0979;-0,0237;0,9299;0,9353;34,3807
-0,5496;0,0459;-1,2420;1,3590;34,4388
0,0347;-0,1215;1,3441;1,3500;34,4985
0,7180;-0,0774;1,9947;2,1215;34,5597
3,2160;-0,5086;7,9816;8,6202;34,6187
0,1420;-0,0195;0,4625;0,4842;34,6801
-1,0148;0,1074;0,0576;1,0221;34,7431
1,2337;-0,3781;4,8117;4,9818;34,8006
0,5687;-0,0254;1,2796;1,4005;34,8596
0,4854;-0,0181;1,9901;2,0485;34,9193
0,6736;-0,0229;-0,1140;0,6836;34,9789
0,1284;0,1928;0,7754;0,8093;35,0454
0,8642;-0,4764;4,4603;4,5681;35,1001
-0,1128;-0,0984;1,4583;1,4659;35,1627
0,9172;-0,3844;2,2154;2,4284;35,2208
0,7434;0,0081;1,1103;1,3362;35,2800
0,0805;0,0222;0,3768;0,3860;35,3410
-0,2780;0,1833;-0,1135;0,3518;35,4000
0,4278;-0,1145;0,7402;0,8626;35,4600
0,5338;-0,1276;1,0563;1,1904;35,5242
0,2904;0,0247;1,5425;1,5698;35,5813
-0,6560;0,2721;0,5074;0,8729;35,6402
0,0747;-0,0305;0,7237;0,7281;35,7002
0,1018;0,0041;-0,6575;0,6654;35,7624
0,1716;-0,0227;2,5285;2,5344;35,8193
0,4835;-0,0761;1,2316;1,3252;35,8795
0,1745;-0,1084;1,7800;1,7918;35,9400
0,3573;0,0642;0,0578;0,3676;36,0007
0,2624;0,1994;0,4872;0,5881;36,0636
0,2079;-0,1079;-4,4476;4,4538;36,1195
0,4957;-0,1442;1,5642;1,6472;36,1806
0,2184;0,0190;2,0243;2,0361;36,2401
-0,0339;-0,0813;0,6272;0,6334;36,3024
0,0801;0,0334;0,5113;0,5186;36,3596
-0,4754;0,0261;0,2797;0,5522;36,4193
1,4781;-0,2514;2,7211;3,1068;36,4799
0,7412;-0,1884;1,4402;1,6307;36,5394
-0,5931;0,5003;1,4937;1,6832;36,5991
0,4483;0,0005;-0,0373;0,4499;36,6595
0,0840;0,0154;0,8264;0,8308;36,7190
-0,1206;-0,6077;6,1224;6,1536;36,7793
-0,2392;-0,0349;1,0912;1,1177;36,8390
0,7625;0,0342;1,8110;1,9652;36,8995
-1,1464;-0,2546;-1,2089;1,6853;36,9631
0,1738;0,0620;0,5489;0,5791;37,0192
0,2028;0,0632;0,6826;0,7149;37,0843
0,6050;0,1145;-4,0917;4,1378;37,1427
0,0654;-0,1406;1,4490;1,4573;37,2004
0,4908;-0,1135;1,9340;1,9985;37,2600
2,2920;-0,1616;5,8688;6,3025;37,3221
0,0776;0,0286;0,5494;0,5556;37,3795
-1,3821;-0,0925;1,5169;2,0542;37,4401
-0,5235;-0,1604;5,7738;5,7997;37,5006
0,3951;-0,0549;1,3397;1,3978;37,5591
0,1257;0,0605;1,4859;1,4924;37,6193
0,2768;-0,1301;-0,7793;0,8372;37,6838
0,0844;0,0286;0,8169;0,8217;37,7427
0,3180;-0,1467;0,1750;0,3915;37,7993
-0,1525;-0,0361;1,4356;1,4441;37,8616
0,7837;-0,0412;1,6411;1,8191;37,9200
0,3249;-0,1045;1,7963;1,8284;37,9793
0,3646;0,0286;0,3644;0,5163;38,0390
0,0988;0,1247;0,8623;0,8768;38,0992
-3,8245;0,2492;3,4852;5,1803;38,1594
0,3351;-0,0232;1,3338;1,3755;38,2239
0,4418;-0,0273;1,8249;1,8778;38,2795
0,2936;0,3114;1,5476;1,6057;38,3397
0,1079;0,0359;0,7507;0,7593;38,3997
-0,2719;-0,0173;-0,3705;0,4599;38,4632
0,2258;-0,2694;4,7573;4,7703;38,5202
0,4691;-0,0642;1,2154;1,3044;38,5791
0,1564;0,0207;1,5693;1,5773;38,6394
0,6563;-0,2201;-1,9674;2,0856;38,6992
0,0830;0,0146;0,8916;0,8955;38,7625
0,1096;-0,1481;0,5775;0,6061;38,8243
0,5577;-0,0029;2,4148;2,4783;38,8795
0,3283;-0,0525;1,1945;1,2399;38,9425
0,3139;0,0325;1,8127;1,8399;39,0000
0,4015;0,0923;0,2253;0,4695;39,0594
0,2421;0,2011;0,5433;0,6279;39,1189
-1,2191;0,0085;1,6677;2,0658;39,1795
0,3307;-0,0517;1,3297;1,3712;39,2398
0,2965;-0,0041;1,7402;1,7653;39,3004
-0,0037;0,1150;0,7371;0,7460;39,3644
0,0649;0,0207;0,6756;0,6790;39,4198
-0,8076;-0,2929;1,6533;1,8632;39,4802
0,6231;-0,3187;2,4748;2,5719;39,5423
0,5079;0,0144;1,2496;1,3490;39,6000
-0,2355;0,3405;1,3526;1,4145;39,6595
0,3280;-0,0813;-1,1610;1,2092;39,7210
0,2055;0,0654;0,6900;0,7229;39,7792
-0,2736;0,0173;-1,1639;1,1958;39,8413
-0,1093;-0,1245;1,2318;1,2429;39,8998
0,7144;0,0071;2,2657;2,3756;39,9594
-0,2363;-0,0637;0,0539;0,2506;40,0193
0,2385;0,0822;0,6538;0,7008;40,0797
-0,6795;-0,1233;-0,0881;0,6962;40,1396
1,4100;-0,0366;3,0254;3,3380;40,2046
0,7588;0,0325;1,3211;1,5239;40,2634
0,3495;-0,1813;2,0050;2,0433;40,3208
0,2309;-0,0664;-0,7215;0,7604;40,3797
0,2492;0,1796;0,4574;0,5510;40,4395
-1,1603;-0,2248;-2,0396;2,3573;40,5001
0,6231;-0,1135;1,3184;1,4627;40,5610
0,2253;0,1342;1,7192;1,7391;40,6200
-1,1076;0,4930;-2,8663;3,1121;40,6794
0,0808;-0,0049;0,7344;0,7388;40,7396
-0,2385;-0,0488;-0,2467;0,3466;40,8002
0,0588;-0,1164;2,2303;2,2341;40,8588
0,6617;-0,1179;1,3472;1,5056;40,9199
-0,3712;-0,0796;0,0317;0,3810;40,9812
0,1892;0,0273;0,2973;0,3534;41,0399
0,2404;0,1298;0,7337;0,7829;41,0995
-0,1621;0,0034;-1,1627;1,1740;41,1622
0,2360;-0,1967;1,6191;1,6480;41,2332
0,3183;-0,0159;1,8893;1,9160;41,2799
-2,2625;0,1460;-4,1125;4,6960;41,3416
0,1191;0,0259;0,6787;0,6896;41,3996
-0,4813;-0,1084;-0,0466;0,4955;41,4597
0,9992;-0,1052;3,9172;4,0440;41,5229
0,3720;-0,0386;1,2435;1,2985;41,5824
0,2985;0,1306;1,6799;1,7112;41,6402
0,1569;0,0247;0,3742;0,4065;41,6996
0,0869;0,0759;0,1750;0,2096;41,7594
-0,5418;0,1433;-1,2645;1,3831;41,8199
0,5084;-0,0910;1,2657;1,3670;41,8793
-1,8537;-0,0798;0,6563;1,9680;41,9426
-1,3321;-0,1335;-0,8845;1,6046;42,0003
0,1667;0,0327;0,7244;0,7440;42,0603
-0,2001;-0,0029;0,0039;0,2002;42,1225
0,9560;-0,0735;5,2096;5,2971;42,1891
0,6236;0,0110;1,6245;1,7401;42,2444
-0,8118;-0,1777;0,0830;0,8351;42,3022
0,2997;0,0627;0,3375;0,4557;42,3642
-0,1789;-0,0940;0,9582;0,9793;42,4213
0,8479;0,0559;-3,3554;3,4613;42,4801
0,2197;-0,1208;1,2152;1,2408;42,5404
0,5518;-0,0188;2,0584;2,1312;42,6036
-2,4018;0,1669;-4,5379;5,1370;42,6609
0,0039;-0,0051;0,8410;0,8411;42,7206
-0,0979;0,0210;-0,4142;0,4261;42,7803
0,0005;-0,4191;3,4147;3,4403;42,8396
0,5628;-0,0517;1,2884;1,4069;42,9004
0,3651;0,1032;1,4507;1,4995;42,9601
0,1006;-0,1269;-0,2428;0,2919;43,0202
0,0664;-0,0391;0,8325;0,8361;43,0839
-0,4042;0,0188;-0,6790;0,7904;43,1492
1,1286;-0,1218;3,0286;3,2343;43,2001
0,4440;-0,0366;1,4641;1,5304;43,2603
0,6421;-0,0754;0,9016;1,1094;43,3201
0,1728;0,0822;0,5365;0,5696;43,3806
0,0986;0,1398;0,4418;0,4737;43,4404
-1,0439;-0,0005;1,9013;2,1690;43,4999
0,3746;-0,0974;1,5388;1,5868;43,5607
0,2568;0,1552;1,5283;1,5575;43,6201
-1,8424;-0,4071;-3,6229;4,0848;43,6800
0,0488;-0,0122;0,8596;0,8611;43,7438
-0,0486;-0,0103;-0,7930;0,7945;43,8030
0,7459;-0,0693;2,7753;2,8746;43,8594
0,5635;-0,0259;1,4727;1,5770;43,9201
-0,0308;-0,0552;1,0551;1,0570;43,9824
0,2965;0,0815;0,2587;0,4019;44,0406
-0,1953;0,3349;-0,5711;0,6902;44,1015
0,1252;-0,8650;6,5121;6,5705;44,1602
0,6194;-0,0703;1,1325;1,2927;44,2208
-0,3000;0,0825;1,1281;1,1702;44,2800
-0,2775;-0,1940;-0,2885;0,4448;44,3420
0,0652;0,0122;0,8061;0,8089;44,4005
0,0698;-0,0576;1,3040;1,3072;44,4610
-0,2636;-0,0805;1,4624;1,4882;44,5216
1,0175;-0,1450;1,9896;2,2394;44,5842
-1,0148;0,3039;-0,0937;1,0635;44,6454
0,2921;0,0813;0,1953;0,3607;44,7009
-0,1215;0,2821;0,2109;0,3726;44,7632
0,6912;-0,4361;0,3507;0,8894;44,8205
0,6885;-0,0117;1,2103;1,3925;44,8801
-5,0541;0,4166;-0,9592;5,1611;44,9407
-1,5718;0,4398;-5,8375;6,0614;45,0049
0,1618;0,0029;0,8147;0,8306;45,0611
0,1069;-0,1996;0,7268;0,7613;45,1205
0,6819;0,1316;2,4587;2,5549;45,1810
0,8945;-0,2299;1,7736;1,9997;45,2420
0,5169;-0,3058;-0,6116;0,8572;45,2996
0,2082;0,1184;0,4793;0,5358;45,3605
0,1533;0,1101;0,3629;0,4091;45,4239
-3,0713;0,2387;3,1052;4,3741;45,4817
0,2399;-0,0537;1,5115;1,5314;45,5435
0,2660;0,0464;1,5105;1,5345;45,6015
0,0371;-0,0696;-0,7800;0,7840;45,6614
0,0386;-0,0029;0,8945;0,8953;45,7238
0,0015;-0,1677;-0,2502;0,3012;45,7864
0,8547;0,2492;2,4795;2,6344;45,8416
0,2553;-0,0015;1,4361;1,4586;45,9040
-1,3455;0,0002;-2,5580;2,8903;45,9636
0,2943;0,0400;0,3000;0,4222;46,0211
0,1782;0,1089;0,8418;0,8673;46,0808
0,2018;-0,0959;1,9425;1,9553;46,1458
-0,2179;-0,1279;1,2704;1,2952;46,2019
0,3942;-0,0188;2,0284;2,0664;46,2615
-2,1619;0,2660;-7,5238;7,8328;46,3239
-0,0422;0,0171;0,7778;0,7792;46,3809
-0,5911;-0,2277;1,0043;1,1874;46,4416
-0,6238;-0,5731;7,9885;8,0333;46,5013
0,4947;0,0151;1,5613;1,6379;46,5620
-0,4989;0,2287;1,1527;1,2767;46,6221
0,3478;0,0639;0,2899;0,4573;46,6814
0,0661;0,0815;0,9077;0,9137;46,7416
0,2299;0,1242;-1,4593;1,4825;46,8056
0,0361;-0,1965;1,3419;1,3567;46,8611
0,6006;0,0720;2,4675;2,5406;46,9223
-0,0688;-0,0137;0,9143;0,9170;46,9813
0,0398;0,0332;0,9111;0,9126;47,0415
-0,0471;0,0901;-0,0598;0,1179;47,1008
0,5631;-0,2441;0,4537;0,7632;47,1609
0,5347;0,0081;1,2550;1,3642;47,2242
-1,7504;-0,1684;1,0080;2,0269;47,2798
0,5428;-0,0627;-0,8960;1,0494;47,3407
0,1394;0,0283;0,8171;0,8294;47,4004
0,7561;-0,5440;3,8736;3,9840;47,4607
-0,4642;-0,1298;1,0383;1,1447;47,5215
0,7459;-0,0532;2,5556;2,6628;47,5815
0,0764;0,3185;1,1652;1,2103;47,6413
0,1406;0,0305;0,7793;0,7925;47,7011
-0,3566;-0,0854;-0,3707;0,5214;47,7633
0,7171;-0,0942;6,3323;6,3734;47,8206
0,5950;-0,0193;1,2294;1,3659;47,8830
0,1428;-0,0256;1,8114;1,8172;47,9440
0,7398;0,0088;0,4718;0,8774;48,0017
0,0825;0,0198;0,7878;0,7924;48,0613
-0,0810;0,3634;-3,5980;3,6172;48,1210
0,0561;-0,1894;1,3250;1,3397;48,1834
0,3827;-0,0761;1,9982;2,0359;48,2406
0,1308;0,0188;1,3860;1,3923;48,3015
0,1718;0,0244;0,4488;0,4812;48,3609
-0,1643;0,0005;-0,5042;0,5303;48,4244
0,7368;-0,0508;3,0567;3,1446;48,4832
0,7810;-0,0012;1,2274;1,4548;48,5410
0,6119;-0,2712;1,9176;2,0310;48,6002
0,4105;0,1079;-0,5596;0,7024;48,6606
0,1699;-0,0117;0,7610;0,7798;48,7207
-0,0910;0,2924;-3,7408;3,7533;48,7819
0,3148;-0,0884;1,4942;1,5295;48,8412
0,0622;0,1860;1,6045;1,6164;48,9017
0,1179;-0,1796;-0,5262;0,5684;48,9606
0,1511;0,0300;0,6670;0,6846;49,0201
0,1918;-0,1494;2,1251;2,1389;49,0821
-0,1030;-0,1045;1,2381;1,2468;49,1401
1,3553;-0,3312;3,0935;3,3936;49,2012
-0,0342;-0,1726;1,7038;1,7129;49,2607
0,1508;0,0351;0,4501;0,4760;49,3236
-0,8252;-0,0974;-0,3693;0,9093;49,3802
1,1935;0,1618;2,9080;3,1476;49,4405
0,2489;-0,0447;1,3831;1,4060;49,5038
-1,1930;0,1474;-2,6962;2,9520;49,5606
0,2795;0,0325;0,1340;0,3116;49,6205
0,0803;-0,0107;-0,0256;0,0850;49,6800
0,4930;-0,2995;0,7249;0,9264;49,7407
0,6687;0,0159;1,3233;1,4828;49,8013
0,1767;-0,0373;1,5335;1,5441;49,8605
0,7334;-0,1274;-0,5243;0,9105;49,9224
0,3366;0,2260;0,2926;0,5000;49,9818
-0,1579;0,2385;-5,7821;5,7892;50,0444
0,1484;-0,1093;1,3660;1,3784;50,1015
1,3973;0,1408;1,9166;2,3761;50,1614
-1,0478;0,4559;-2,9205;3,1361;50,2329
0,0256;0,0247;0,7708;0,7716;50,2840
-0,1569;-0,0447;-0,4337;0,4634;50,3419
1,3385;0,2267;5,4695;5,6354;50,4017
0,3832;-0,0112;1,2301;1,2884;50,4613
0,6470;-0,0796;1,9122;2,0203;50,5222
0,2743;-0,1272;-0,5001;0,5844;50,5818
0,2341;0,0593;0,7507;0,7886;50,6419
0,3136;-0,0007;2,0504;2,0742;50,7016
-0,0029;-0,1176;1,4763;1,4810;50,7613
0,5760;0,0447;2,1690;2,2446;50,8246
0,3185;0,2604;1,5020;1,5573;50,8812
0,2309;0,0898;0,7168;0,7584;50,9415
-0,3334;-0,0264;0,2516;0,4185;51,0049
1,3858;0,1213;4,0429;4,2756;51,0604
0,4876;0,0622;1,2784;1,3697;51,1210
0,2326;0,0159;1,7751;1,7903;51,1811
0,3925;-0,0703;0,1682;0,4327;51,2419
0,2824;0,1652;0,4852;0,5852;51,3013
0,7503;-0,5545;6,7520;6,8162;51,3608
0,3256;0,0369;1,7692;1,7993;51,4218
0,0959;-0,3927;1,7826;1,8279;51,4839
-1,8930;0,2018;-5,0392;5,3868;51,5448
0,1423;0,0315;0,7715;0,7851;51,6013
-0,3717;0,0740;-0,3351;0,5059;51,6636
0,6846;0,2377;4,6424;4,6986;51,7207
0,5201;-0,0117;1,5047;1,5921;51,7816
1,1395;-0,1159;0,9440;1,4843;51,8412
0,2140;0,0842;0,4947;0,5456;51,9008
0,1215;0,2526;-0,1286;0,3084;51,9609
-1,0663;-0,4161;2,0919;2,3846;52,0215
0,4698;-0,0893;1,4727;1,5484;52,0815
0,5194;0,1008;1,5676;1,6545;52,1422
0,1569;0,0344;0,3878;0,4198;52,2021
0,0161;-0,0476;0,0195;0,0539;52,2616
0,5035;-0,2921;0,1513;0,6015;52,3208
0,4893;-0,0193;1,4842;1,5629;52,3806
-0,1755;-0,0415;1,0961;1,1108;52,4404
0,3253;0,0576;0,0349;0,3322;52,5004
0,3471;0,1035;0,2655;0,4491;52,5604
-0,0825;0,0056;-0,5613;0,5674;52,6201
0,6658;-0,0747;1,5352;1,6750;52,6812
0,3039;-0,0398;1,2081;1,2464;52,7465
0,2546;0,0578;0,1542;0,3032;52,8015
0,1918;0,0364;0,7681;0,7925;52,8628
0,0635;0,1162;-2,2530;2,2568;52,9211
0,0015;-0,1613;1,3943;1,4036;52,9810
-0,0305;0,0647;1,7272;1,7287;53,0411
-1,3692;0,0010;-2,1441;2,5440;53,1039
0,1496;0,0085;0,7363;0,7514;53,1607
0,2641;-0,0264;0,2075;0,3369;53,2209
-0,2448;-0,0142;1,3470;1,3691;53,2803
0,9536;-0,2690;2,6498;2,8290;53,3416
-0,5687;-0,0247;0,3461;0,6662;53,4009
0,1433;0,0173;0,4737;0,4952;53,4620
-0,5572;0,0927;-1,2799;1,3990;53,5213
1,3856;-0,1108;2,9136;3,2282;53,5823
0,6995;0,0159;1,7587;1,8928;53,6402
1,7609;0,0283;2,0509;2,7033;53,7012
0,1154;0,0388;0,4313;0,4481;53,7606
-0,1128;0,0329;0,1682;0,2051;53,8210
0,3886;-0,3934;1,1315;1,2594;53,8814
0,6626;0,0388;1,5071;1,6468;53,9410
0,2487;-0,0178;1,2752;1,2994;54,0016
0,3485;0,0920;0,2487;0,4379;54,0603
0,3793;0,1623;0,2614;0,4884;54,1210
0,6761;-0,2619;-0,8772;1,1380;54,1853
0,5160;-0,0676;1,2401;1,3448;54,2399
0,1767;-0,1059;1,4900;1,5042;54,3008
0,3893;0,1140;-0,5233;0,6621;54,3627
0,2175;0,1377;0,2060;0,3297;54,4223
0,6900;-0,3336;0,4703;0,8992;54,4806
0,6307;-0,0181;1,4873;1,6156;54,5435
0,1984;-0,0193;1,4192;1,4332;54,6002
0,3759;0,0217;0,0391;0,3785;54,6610
0,2653;0,0268;0,6895;0,7392;54,7206
-0,1218;-0,0486;0,4110;0,4314;54,7802
0,2607;-0,0798;1,3985;1,4248;54,8415
0,4937;-0,0903;1,4925;1,5746;54,9005
-0,8813;0,3080;-0,3749;1,0060;54,9606
0,3378;0,0698;0,5347;0,6363;55,0237
0,2616;-0,1816;-0,0381;0,3207;55,0810
-0,3234;-0,0535;1,5732;1,6070;55,1401
1,6448;-0,1110;3,1309;3,5383;55,2045
1,4466;0,1506;2,4406;2,8411;55,2639
0,1301;0,0181;0,6104;0,6244;55,3204
-0,2738;0,0020;0,1220;0,2998;55,3809
-0,2077;-0,0749;2,0250;2,0370;55,4406
0,9191;-0,3895;3,1841;3,3369;55,5006
0,1218;-0,0251;1,3878;1,3933;55,5609
0,2167;0,0137;0,4303;0,4820;55,6214
0,0942;0,0552;-1,5142;1,5181;55,6803
0,4305;0,0591;2,0382;2,0840;55,7404
1,1749;-0,1821;3,5546;3,7481;55,8066
-0,5433;0,0215;0,9846;1,1247;55,8607
0,1538;0,0244;0,6116;0,6311;55,9210
0,0923;-0,5679;6,5722;6,5973;55,9803
-0,1530;-0,1154;1,4468;1,4595;56,0404
0,5826;-0,1247;2,3108;2,3864;56,1051
-0,6809;0,5567;-1,2835;1,5560;56,1611
0,2062;0,0564;0,8254;0,8527;56,2204
0,1154;-0,0671;0,2548;0,2877;56,2808
-0,3688;-0,1567;1,1381;1,2066;56,3418
1,2889;-0,2053;3,1528;3,4123;56,4004
-1,5037;0,4064;-1,4932;2,1577;56,4607
0,2099;0,0754;0,7446;0,7773;56,5218
-0,3612;-0,3768;4,5381;4,5681;56,5807
0,5736;-0,2197;2,1888;2,2733;56,6411
0,5474;-0,3056;2,4604;2,5390;56,7006
0,2643;0,1625;-1,3397;1,3751;56,7627
0,3729;0,1438;0,3107;0,5062;56,8204
0,3402;0,4998;-3,8101;3,8578;56,8805
0,3734;-0,0583;1,4439;1,4925;56,9402
0,3671;-0,0530;1,8151;1,8526;56,9992
0,2372;-0,1738;-0,2028;0,3572;57,0611
0,2697;0,0369;0,6067;0,6650;57,1201
0,5618;0,1447;-2,3172;2,3887;57,1801
0,3231;-0,1604;1,5174;1,5596;57,2470
0,0056;0,1913;1,3956;1,4086;57,3021
0,5064;0,0959;0,0039;0,5155;57,3609
0,2653;0,0471;0,5338;0,5979;57,4203
1,2503;-0,3356;0,4996;1,3877;57,4796
0,6712;0,0205;1,2701;1,4367;57,5402
-2,1671;-0,2555;-0,1193;2,1853;57,5995
0,4130;0,1777;-0,0713;0,4552;57,6603
0,1201;0,5679;-1,0280;1,1806;57,7244
0,4286;-0,6187;3,5035;3,5835;57,7796
0,5755;-0,0415;1,5061;1,6129;57,8391
-1,0697;-0,1716;-1,2198;1,6315;57,9023
0,2870;0,0452;0,2795;0,4031;57,9596
-0,0525;0,0942;0,0056;0,1080;58,0205
-0,0622;-0,3571;2,4653;2,4918;58,0801
0,8762;0,0044;1,3658;1,6227;58,1397
-0,0373;-0,1118;1,0373;1,0439;58,2050
0,0024;-0,0908;-0,0581;0,1078;58,2660
0,0942;-0,0437;0,6346;0,6430;58,3195
0,0854;-0,2687;0,5889;0,6529;58,3794
0,5243;-0,0786;1,3558;1,4557;58,4404
0,3380;0,1418;1,3065;1,3569;58,5001
-0,0290;0,1506;-0,5391;0,5605;58,5592
0,1469;0,0068;0,6822;0,6978;58,6191
0,4061;-0,0664;-1,5391;1,5931;58,6825
0,0862;-0,1174;1,3541;1,3619;58,7397
0,1323;0,1420;1,8520;1,8621;58,7999
0,6280;0,0564;0,5172;0,8155;58,8641
0,1855;0,0332;0,7766;0,7991;58,9187
0,0041;-0,1486;0,7825;0,7965;58,9800
0,2289;0,0066;2,0799;2,0925;59,0429
1,1273;-0,3617;2,7345;2,9798;59,0995
0,2521;0,2965;1,6804;1,7249;59,1594
0,2309;0,0593;0,6197;0,6639;59,2228
-1,0285;0,1938;-0,9157;1,3906;59,2803
-0,1511;-0,1599;2,0992;2,1107;59,3399
0,9355;-0,2775;1,9445;2,1756;59,3995
0,8127;-0,1672;2,5058;2,6396;59,4609
0,2250;-0,0007;0,2814;0,3603;59,5210
-0,1528;0,1440;-1,0849;1,1050;59,5830
0,3361;-0,1645;3,5385;3,5582;59,6411
0,6597;-0,0752;1,4617;1,6054;59,6990
-1,8705;0,5186;-1,7067;2,5847;59,7595
0,2304;0,0085;0,2223;0,3203;59,8240
0,2389;0,2712;-0,2543;0,4419;59,8793
0,5028;-0,3122;-0,1604;0,6131;59,9415
0,5592;0,0039;1,3870;1,4955;60,0032
0,1179;-0,1452;1,6870;1,6973;60,0653
1,0368;-0,1169;-0,6917;1,2518;60,1196
0,2917;0,2633;0,2858;0,4859;60,1818
0,0637;-0,2982;-0,5840;0,6589;60,2408
0,5221;-0,0513;1,5059;1,5946;60,2992
-0,3458;-0,0459;1,2071;1,2565;60,3594
0,7603;0,0090;-0,4296;0,8733;60,4221
0,4037;0,2541;0,5011;0,6918;60,4794
-0,1684;-0,0334;-0,7625;0,7816;60,5389
0,4437;-0,1796;1,7404;1,8051;60,6019
0,2514;-0,0254;1,7602;1,7782;60,6592
0,7393;-0,0210;-0,8994;1,1644;60,7194
0,1957;0,0544;0,8159;0,8408;60,7789
0,1262;0,1384;-2,6322;2,6389;60,8394
0,1108;-0,1772;1,4280;1,4432;60,8999
0,2533;0,0954;1,8532;1,8729;60,9615
-0,6158;-0,1572;-0,7359;0,9723;61,0188
0,2011;0,0574;0,7976;0,8246;61,0790
0,6477;0,0908;-2,0304;2,1331;61,1425
0,3244;-0,1596;1,5664;1,6076;61,1990
0,2475;0,0383;1,8049;1,8221;61,2594
1,0158;-0,0198;-1,1505;1,5349;61,3188
0,1594;0,0300;0,8237;0,8395;61,3798
0,3329;0,0920;-2,7818;2,8032;61,4398
0,0456;-0,1542;1,2545;1,2648;61,4998
0,7100;-0,1240;2,4458;2,5498;61,5588
-2,8883;0,4027;-5,5635;6,2814;61,6236
0,2248;0,0386;0,7712;0,8043;61,6804
0,2143;-0,7310;5,4224;5,4756;61,7391
0,0149;-0,0974;1,4200;1,4234;61,8018
0,0898;0,0442;1,8693;1,8720;61,8583
0,4342;-0,1633;-1,1200;1,2123;61,9188
0,2399;0,0164;0,7324;0,7709;61,9806
0,4537;-0,4728;0,7988;1,0332;62,0398
-0,0376;-0,1513;1,1554;1,1659;62,1017
0,8288;-0,0642;2,7389;2,8623;62,1597
-1,3104;0,4557;-3,2866;3,5674;62,2192
0,0227;0,0088;0,6224;0,6228;62,2794
0,7188;-0,1987;0,2863;0,7988;62,3424
0,0515;0,0159;1,3414;1,3425;62,4017
0,9123;-0,1233;2,6737;2,8278;62,4601
-0,1906;0,1135;0,3434;0,4088;62,5210
0,1215;0,0293;0,6680;0,6796;62,5819
0,0637;-0,1799;0,3290;0,3803;62,6408
-0,0398;-0,0249;1,1844;1,1854;62,6999
0,8052;-0,0369;2,7050;2,8225;62,7630
-1,2303;0,3148;-1,7726;2,1806;62,8203
0,2016;-0,0078;0,6480;0,6787;62,8829
0,2328;-0,1596;0,3629;0,4598;62,9401
-0,0176;-0,0173;1,2430;1,2433;63,0024
0,9970;-0,1569;2,8917;3,0628;63,0605
1,1027;0,1184;3,7032;3,8657;63,1206
0,1608;-0,0320;0,7476;0,7653;63,1847
0,4405;-0,5365;7,1494;7,1830;63,2434
0,2204;-0,0700;1,5095;1,5272;63,3014
0,1735;0,0749;2,1095;2,1179;63,3629
-0,5689;0,4195;-1,7216;1,8611;63,4196
0,2079;0,0193;0,7788;0,8063;63,4811
0,7974;0,2389;-3,6209;3,7154;63,5421
0,7639;-0,0908;1,6457;1,8167;63,6004
0,2072;0,2094;1,3963;1,4270;63,6599
-0,4915;-0,3717;-2,1058;2,1941;63,7205
0,2558;0,0093;0,9809;1,0137;63,7802
-0,1159;0,0893;0,9187;0,9302;63,8422
-0,0200;-0,1091;1,2784;1,2832;63,9009
0,7676;-0,1877;2,3384;2,4683;63,9604
3,1248;-0,3951;5,1722;6,0558;64,0205
0,1560;-0,0288;0,5118;0,5358;64,0807
-0,2355;-0,0212;1,1552;1,1791;64,1420
0,9023;-0,0288;3,1052;3,2338;64,2004
1,2596;-0,2765;3,1604;3,4134;64,2598
-0,0703;0,2343;0,9338;0,9653;64,3206
0,0986;0,0615;0,7368;0,7459;64,3801
-0,5399;0,1298;-1,0661;1,2020;64,4411
1,0915;0,0344;4,2985;4,4350;64,4999
0,2770;-0,0464;1,2887;1,3189;64,5609
-0,3102;0,1572;-0,0945;0,3604;64,6201
0,0622;0,0071;0,1386;0,1521;64,6816
-0,0347;0,0583;-1,0453;1,0475;64,7408
0,7466;-0,2926;0,7876;1,1240;64,8026
0,3117;-0,0666;1,3289;1,3666;64,8602
3,2287;-0,4913;4,3397;5,4313;64,9206
0,1394;0,0229;0,4703;0,4911;64,9800
-0,7612;0,1840;-1,6440;1,8210;65,0393
1,3936;-0,0142;3,2492;3,5355;65,1017
1,2128;-0,3187;3,0401;3,2885;65,1604
-0,7427;0,1928;-0,3419;0,8400;65,2215
0,1994;0,0722;0,6131;0,6487;65,2800
-0,8298;0,1408;-0,9348;1,2579;65,3422
0,3844;-0,0190;2,9507;2,9757;65,4019
1,3050;-0,3373;3,2270;3,4972;65,4611
-1,4649;0,4654;-2,3257;2,7877;65,5199
0,2184;0,0395;0,6434;0,6806;65,5805
0,3759;-0,1418;1,1747;1,2415;65,6437
0,2004;-0,0852;1,4261;1,4426;65,7050
0,1413;-0,2111;1,9894;2,0055;65,7597
0,2687;0,1286;-0,4073;0,5047;65,8204
0,3497;0,0400;0,7129;0,7951;65,8805
0,0749;0,0984;-2,6105;2,6134;65,9423
0,3187;-0,0515;1,3563;1,3942;65,9995
0,1035;0,0212;1,5669;1,5705;66,0598
-0,0007;-0,0615;-0,4003;0,4050;66,1208
0,2975;-0,0081;0,8403;0,8915;66,1796
-0,4940;0,0327;0,1369;0,5137;66,2392
0,3041;-0,0622;1,6833;1,7117;66,3012
0,5699;-0,2614;1,9471;2,0456;66,3622
0,2033;0,0466;0,4269;0,4751;66,4197
0,2580;0,0237;1,0949;1,1251;66,4810
0,6202;0,0327;-4,4017;4,4453;66,5403
0,4708;0,0161;1,5786;1,6474;66,5995
0,5921;-0,1987;1,7656;1,8728;66,6598
0,0998;-0,0207;0,0142;0,1029;66,7237
0,3039;0,0393;0,8755;0,9275;66,7797
-1,6211;0,2145;0,9079;1,8704;66,8403
0,3886;-0,0676;1,3934;1,4481;66,8993
-0,2223;0,0881;0,9746;1,0035;66,9598
0,1816;-0,0315;0,2929;0,3460;67,0216
0,5765;0,0120;0,5035;0,7655;67,0792
-1,0058;-0,0759;1,4410;1,7589;67,1400
0,4005;-0,0185;1,8905;1,9326;67,2040
0,5142;-0,3346;1,7692;1,8726;67,2735
0,1733;-0,0168;0,2831;0,3324;67,3202
0,5648;0,0535;0,5387;0,7823;67,3801
-0,7373;-0,1860;2,2937;2,4165;67,4386
0,5211;0,0100;2,0782;2,1426;67,4998
0,3268;-0,0615;1,5806;1,6152;67,5627
0,2179;-0,0139;-0,2516;0,3332;67,6198
0,2646;0,0583;0,9126;0,9519;67,6790
-2,3450;0,0691;3,2590;4,0156;67,7418
0,5599;-0,0037;1,8141;1,8986;67,8001
0,4396;-0,0822;1,6233;1,6837;67,8613
0,1809;-0,2094;-0,9655;1,0044;67,9189
0,3168;0,0513;0,7949;0,8573;67,9793
0,2890;0,1008;-6,1329;6,1405;68,0426
0,4969;-0,0525;1,6740;1,7470;68,1012
0,0198;-0,0168;1,2254;1,2257;68,1595
0,3187;0,0015;-0,5650;0,6487;68,2228
0,3959;0,1010;0,5469;0,6827;68,2811
0,0195;0,0808;-3,4076;3,4086;68,3402
0,4139;-0,0242;1,5225;1,5779;68,3996
0,4462;-0,0835;1,5503;1,6154;68,4621
0,2197;0,0076;0,2516;0,3341;68,5188
0,3034;0,0386;1,0370;1,0812;68,5793
-0,0149;-0,0278;-3,0240;3,0241;68,6398
0,2463;-0,0537;1,3943;1,4169;68,7021
1,0788;-0,1071;1,3721;1,7487;68,7595
-0,9807;0,0657;-2,3572;2,5539;68,8219
0,2360;0,0698;0,8498;0,8848;68,8791
0,8252;-0,3256;4,0998;4,1947;68,9400
0,4532;-0,0469;2,1448;2,1927;69,0033
0,5211;-0,0801;2,4114;2,4683;69,0633
0,3890;-0,0195;0,0054;0,3896;69,1195
0,1599;0,3788;0,1862;0,4513;69,1834
0,4232;-0,4469;0,6146;0,8698;69,2416
0,5648;-0,1084;1,3936;1,5076;69,3002
-2,9493;0,7158;-2,7923;4,1241;69,3622
0,2817;0,0093;0,3461;0,4463;69,4206
0,3954;0,1682;-0,0627;0,4342;69,4801
0,2694;-0,4193;-0,4298;0,6581;69,5398
0,4354;0,0981;1,4041;1,4733;69,6020
3,6085;-0,4396;5,4173;6,5239;69,6595
0,2326;0,0259;0,4132;0,4749;69,7201
-1,3162;0,0376;-0,4047;1,3776;69,7853
1,1391;0,1438;2,6352;2,8744;69,8399
2,1129;-0,1618;4,0017;4,5281;69,9009
-3,1501;0,0744;-4,8923;5,8192;69,9651
0,2504;0,0478;0,7525;0,7945;70,0208
-0,4149;0,0015;1,4968;1,5533;70,0817
0,5284;0,1108;2,1156;2,1834;70,1428
0,7332;-0,1477;2,6925;2,7945;70,2022
0,4630;-0,1469;-2,2542;2,3059;70,2638
0,2184;0,0242;0,6792;0,7139;70,3212
0,8030;-0,2331;0,3446;0,9044;70,3817
0,1357;-0,0959;1,6360;1,6444;70,4402
0,4149;-0,0342;2,3076;2,3449;70,5021
0,1977;0,0332;-0,6294;0,6606;70,5602
0,3258;0,0549;0,9167;0,9744;70,6207
0,0752;-0,0635;1,3197;1,3233;70,6801
0,8418;-0,0081;1,4312;1,6604;70,7450
0,3449;0,0576;0,9409;1,0037;70,8006
0,3173;-0,0547;1,0182;1,0679;70,8610
0,2365;-0,0286;1,0053;1,0331;70,9208
0,2524;0,0918;0,9209;0,9592;70,9806
0,3124;0,0764;0,7927;0,8555;71,0409
0,2687;-0,0410;1,0170;1,0527;71,1027
0,2480;-0,1396;1,0177;1,0568;71,1608
0,3017;-0,0647;1,0007;1,0471;71,2201
0,2294;-0,0957;0,9933;1,0240;71,2815
0,2943;0,0979;1,1076;1,1502;71,3427
0,3087;-0,0024;1,0287;1,0741;71,4001
0,2199;0,1948;0,5606;0,6329;71,4618
0,3573;-0,0827;0,7434;0,8290;71,5203
0,4505;0,0434;0,8122;0,9299;71,5808
0,4952;-0,0403;1,1063;1,2128;71,6399
0,4740;-0,0635;0,9213;1,0381;71,7016
0,4347;-0,0796;0,9321;1,0315;71,7605
0,3942;-0,0024;0,8784;0,9628;71,8211
0,3827;-0,0788;0,9079;0,9884;71,8821
0,2765;0,0271;0,9069;0,9486;71,9419
0,0801;-0,0139;0,7578;0,7622;72,0008
0,2965;0,0073;1,0012;1,0442;72,0617
0,2550;0,0024;0,9265;0,9609;72,1214
0,3624;0,0203;0,9460;1,0133;72,1811
0,2936;0,0073;0,9304;0,9756;72,2425
0,2419;-0,0222;1,0234;1,0518;72,3010
0,1933;-0,0200;1,0729;1,0904;72,3618
0,3224;0,0242;1,6984;1,7289;72,4222
0,2809;-0,0483;0,1350;0,3154;72,4813
0,4767;0,0796;0,3429;0,5926;72,5415
0,0578;0,0188;0,0737;0,0956;72,6021
0,9555;-0,4425;3,3127;3,4760;72,6620
0,2621;-0,0713;1,2882;1,3165;72,7214
-0,3676;-0,9875;3,4391;3,5969;72,7818
0,3000;0,0078;-0,1733;0,3465;72,8421
-0,1233;-0,1118;-0,6216;0,6435;72,9014
1,5144;-0,3480;6,8614;7,0351;72,9617
0,5589;0,0168;1,2818;1,3985;73,0210
-3,2485;0,3048;-5,5559;6,4431;73,0807
0,2548;0,0222;0,1643;0,3040;73,1416
-0,9387;-0,0081;0,3395;0,9982;73,2007
0,8742;-0,3768;4,0415;4,1521;73,2642
0,6170;-0,1025;1,1954;1,3492;73,3216
0,4964;-0,0596;1,3345;1,4251;73,3811
0,2558;0,0185;0,2514;0,3591;73,4416
-0,8735;0,2902;-1,1105;1,4424;73,5015
0,4876;-0,3331;2,5986;2,6648;73,5612
0,7895;-0,1152;1,2762;1,5051;73,6217
0,3114;-0,0454;1,4837;1,5167;73,6835
0,4256;-0,0766;0,0835;0,4405;73,7429
0,1286;0,0444;0,6287;0,6433;73,8015
-4,2121;0,7007;1,7270;4,6060;73,8613
0,5609;-0,0103;1,5544;1,6526;73,9213
-1,7199;-0,3622;1,0690;2,0572;73,9833
0,2182;-0,1237;-0,3090;0,3980;74,0405
0,2057;-0,0032;0,6348;0,6673;74,1040
-0,9228;0,0593;-4,7014;4,7915;74,1644
0,5570;0,0020;1,9223;2,0013;74,2241
0,3136;0,0813;1,4493;1,4850;74,2846
-0,5345;0,1045;-0,8696;1,0261;74,3411
0,1779;0,0242;0,5621;0,5901;74,4040
0,8230;-0,3898;7,0193;7,0781;74,4608
-0,0207;-0,1486;1,5215;1,5289;74,5212
1,4114;-0,1740;3,0784;3,3910;74,5811
-0,1477;-0,0005;1,3011;1,3095;74,6407
0,2494;0,0322;0,2143;0,3304;74,7008
-0,6111;0,0840;-0,4998;0,7940;74,7636
0,6009;0,3073;2,5053;2,5946;74,8209
0,4854;-0,0264;1,2472;1,3386;74,8808
0,1569;0,1713;0,2260;0,3241;74,9445
0,1579;0,0271;-0,0659;0,1732;75,0006
-0,7166;-0,0129;0,4920;0,8693;75,0612
0,2590;-0,3297;2,9319;2,9618;75,1222
0,5504;-0,0486;1,3131;1,4246;75,1848
0,4091;-0,0054;1,9337;1,9765;75,2416
0,1904;0,0034;-0,1496;0,2421;75,3007
-0,1987;-0,0862;-0,8842;0,9104;75,3606
-0,0024;0,0415;6,9966;6,9967;75,4202
0,5084;-0,0486;1,2545;1,3545;75,4807
0,4330;0,0430;1,8144;1,8658;75,5410
0,3275;0,0044;0,0434;0,3304;75,6047
0,2514;0,1848;0,0398;0,3145;75,6607
-1,2818;0,3380;-5,6342;5,7881;75,7210
0,3817;-0,0757;1,5059;1,5553;75,7800
-0,0801;0,4049;1,4505;1,5081;75,8406
0,3283;-0,1542;-0,0430;0,3652;75,9061
0,2128;0,0266;0,6685;0,7021;75,9634
-1,0409;0,0657;-1,8014;2,0816;76,0200
0,4305;-0,0754;1,6228;1,6806;76,0812
0,4574;-0,1996;2,3423;2,3949;76,1403
-0,8806;0,2929;-1,6286;1,8745;76,2003
0,3290;0,0320;0,3258;0,4641;76,2641
1,5574;-1,4790;7,8411;8,1299;76,3212
-0,0632;-0,1101;1,4505;1,4560;76,3801
1,5244;-0,1596;3,1943;3,5430;76,4435
-0,2282;-0,0676;0,5081;0,5611;76,5012
0,3351;0,0693;0,3229;0,4705;76,5631
-0,1691;0,0120;0,1582;0,2319;76,6202
-0,0554;-0,1933;2,0006;2,0107;76,6807
0,9331;-0,3070;2,0597;2,2819;76,7402
0,2446;0,0857;1,7375;1,7567;76,8013
0,2736;0,0139;-0,4525;0,5290;76,8601
-0,5843;0,2487;-1,2816;1,4303;76,9205
1,5564;-0,6929;7,9885;8,1681;76,9805
0,6949;-0,0786;1,4805;1,6373;77,0439
0,1826;-0,1857;1,6840;1,7041;77,1038
0,4405;0,0903;-0,0085;0,4498;77,1605
0,0188;-0,0173;0,4420;0,4427;77,2238
-1,4351;0,1726;-0,7163;1,6132;77,2831
0,6765;-0,0808;1,4048;1,5613;77,3401
0,5921;0,0281;2,0167;2,1020;77,4002
0,0945;-0,1435;-0,5718;0,5971;77,4607
0,1772;0,0700;0,6387;0,6665;77,5204
-0,3151;0,1057;-3,8355;3,8498;77,5802
0,5862;-0,1259;1,2250;1,3638;77,6400
0,6529;-0,2060;2,2386;2,3409;77,7020
-2,0997;0,3707;-2,4385;3,2392;77,7617
0,4083;0,0620;0,4044;0,5780;77,8201
0,3151;0,1408;0,4149;0,5397;77,8810
-0,2951;-0,0945;0,9946;1,0417;77,9399
1,0514;-0,2504;2,3711;2,6058;78,0005
0,7039;0,0112;1,0685;1,2796;78,0642
0,2145;0,0547;0,2143;0,3081;78,1197
-0,1608;0,0617;-0,0207;0,1735;78,1800
-0,1001;-0,2204;1,9484;1,9633;78,2413
1,1635;-0,1901;2,8497;3,0839;78,3012
0,2961;-0,0908;1,6999;1,7279;78,3605
0,3422;0,0361;0,1325;0,3687;78,4204
-0,4976;0,1667;-0,0100;0,5249;78,4920
1,3040;-0,6966;5,0634;5,2748;78,5417
0,9597;-0,2863;1,7504;2,0167;78,5995
0,6229;-0,1225;2,5615;2,6389;78,6640
0,1540;0,0076;0,2319;0,2785;78,7199
-0,7842;0,1713;0,8669;1,1815;78,7815
0,7695;-0,3600;2,5742;2,7107;78,8399
0,6917;-0,0207;1,4954;1,6477;78,9027
-1,9813;0,5355;-2,7267;3,4128;78,9600
0,1137;-0,0039;0,2416;0,2671;79,0202
0,2692;-0,0290;1,0444;1,0789;79,0830
-0,4093;-0,0356;1,0563;1,1334;79,1418
0,0478;-0,0351;1,3431;1,3444;79,1998
0,6085;-0,0254;1,9279;2,0218;79,2619
0,5387;-0,0535;0,1752;0,5690;79,3202
0,2284;-0,0322;0,8220;0,8538;79,3800
-0,0876;0,0456;-1,7651;1,7678;79,4408
0,2909;-0,0725;1,3214;1,3550;79,5011
0,3283;0,0430;1,6077;1,6414;79,5607
0,1857;-0,1906;-1,7385;1,7587;79,6206
0,1809;0,0447;0,5108;0,5437;79,6796
0,4298;-0,1830;0,2446;0,5273;79,7416
0,0381;-0,1045;1,5393;1,5433;79,7995
0,8999;-0,2702;3,0501;3,1915;79,8597
0,3722;0,0669;-0,3834;0,5385;79,9244
0,1115;0,0251;0,5806;0,5918;79,9796
0,0786;0,0544;-0,3639;0,3762;80,0402
0,4254;0,0183;2,0216;2,0659;80,0994
0,8174;0,0893;2,5124;2,6435;80,1593
0,6482;-0,1189;1,7663;1,8852;80,2194
0,0844;0,0276;0,2697;0,2839;80,2826
-0,5589;0,1381;-0,9079;1,0751;80,3405
0,9777;-0,0422;5,8588;5,9399;80,4006
0,7595;-0,1616;1,6225;1,7988;80,4599
0,3102;0,0835;1,4561;1,4911;80,5193
0,5445;0,0027;0,0569;0,5475;80,5794
-0,0359;0,1291;-0,2045;0,2445;80,6396
0,9162;-0,0593;0,0674;0,9206;80,7030
0,7332;-0,0495;1,2172;1,4218;80,7594
0,3022;-0,1233;1,9169;1,9445;80,8194
0,6507;0,0742;-0,2402;0,6975;80,8842
0,2250;0,1796;0,4893;0,5678;80,9392
0,3800;0,0271;-4,5030;4,5191;80,9997
0,2409;-0,1377;1,3282;1,3569;81,0592
0,3729;0,0952;1,7416;1,7837;81,1205
1,5030;0,0930;-0,4889;1,5832;81,1805
0,1159;0,1264;0,7817;0,8003;81,2407
1,0387;0,1477;-4,6550;4,7718;81,3008
0,3124;-0,1472;1,6477;1,6835;81,3618
0,4818;0,0666;1,4268;1,5074;81,4202
-2,7682;0,4239;-2,6818;3,8774;81,4794
0,2387;0,0405;0,4908;0,5473;81,5391
-0,5509;-0,1294;0,4986;0,7542;81,6013
0,0708;0,0122;1,7048;1,7063;81,6604
0,8059;0,0481;2,5063;2,6331;81,7191
0,3771;-0,0561;1,1757;1,2359;81,7793
0,0857;0,0132;0,4671;0,4751;81,8439
0,0444;0,0254;-0,4552;0,4580;81,8988
0,3756;-0,2350;2,5678;2,6058;81,9610
1,0583;-0,2687;1,8276;2,1289;82,0205
0,4872;-0,5299;2,1739;2,2899;82,0796
0,2475;0,0225;0,1372;0,2838;82,1395
-0,2682;0,1882;-1,5874;1,6209;82,1990
-0,0456;-0,1167;4,9140;4,9156;82,2590
1,7890;-0,1530;1,7229;2,4884;82,3225
-3,4259;0,8149;-2,6432;4,4032;82,3805
0,2006;0,0124;-0,2416;0,3143;82,4397
-1,3075;0,3729;-0,4979;1,4479;82,4995
0,8823;-0,3771;2,8141;2,9731;82,5620
1,0197;-0,3854;2,5202;2,7459;82,6200
0,7329;-0,0764;2,1866;2,3074;82,6785
0,1032;0,0454;0,3971;0,4128;82,7389
-0,7295;0,2704;-0,6438;1,0099;82,8027
0,3605;-0,4191;2,2249;2,2925;82,8586
0,6436;-0,0559;1,6455;1,7678;82,9192
0,7981;-0,3886;1,7285;1,9431;82,9788
0,1889;-0,0237;0,6307;0,6588;83,0383
0,2062;-0,0766;0,6204;0,6583;83,0987
-0,0859;-0,1723;1,0815;1,0985;83,1609
0,3417;-0,1113;1,4515;1,4953;83,2247
0,3573;-0,0146;1,0756;1,1335;83,2842
0,1779;0,0000;0,9226;0,9396;83,3389
0,2055;-0,1596;0,8149;0,8555;83,3985
0,1716;0,0161;0,7866;0,8053;83,4591
0,1494;-0,2294;0,9692;1,0071;83,5192
0,6182;-0,0286;1,1588;1,3137;83,5784
-0,1611;-0,0657;1,3546;1,3657;83,6400
-1,2479;0,1503;-0,7490;1,4632;83,6983
-0,4779;0,0657;-0,2751;0,5553;83,7614
0,3746;0,0559;0,5218;0,6448;83,8189
0,4108;0,0134;0,4071;0,5785;83,8781
0,6722;0,5482;1,6247;1,8418;83,9423
0,3749;0,0918;1,1056;1,1710;83,9987
0,2673;0,0039;0,9990;1,0341;84,0609
0,2597;0,0012;0,9406;0,9758;84,1194
0,2743;-0,0166;0,9785;1,0163;84,1787
0,2948;-0,0017;0,9475;0,9923;84,2382
0,2936;-0,0088;0,9641;1,0078;84,3002
0,2582;-0,0254;0,9536;0,9882;84,3595
0,3209;-0,0249;0,9543;1,0071;84,4186
0,3812;-0,0234;0,8908;0,9693;84,4839
0,3344;-0,0537;1,0097;1,0650;84,5387
0,3507;-0,0437;0,9392;1,0035;84,5999
0,3224;-0,0554;0,9350;0,9906;84,6621
0,3656;-0,0498;0,9704;1,0382;84,7187
0,3651;-0,0471;0,9777;1,0447;84,7812
0,3312;-0,0437;1,0024;1,0566;84,8389
0,3222;-0,0242;1,4727;1,5077;84,8979
0,4379;-0,0378;1,5969;1,6563;84,9581
-0,4928;0,1106;-0,6509;0,8239;85,0249
0,2516;-0,0351;0,5718;0,6257;85,0785
0,7708;-0,0532;2,5432;2,6579;85,1384
0,3751;-0,0486;1,4248;1,4742;85,2010
1,2108;0,0100;2,8412;3,0884;85,2583
0,1425;-0,0107;0,3949;0,4200;85,3188
0,3202;-0,0220;0,7744;0,8383;85,3803
0,8615;-0,0161;-1,6709;1,8800;85,4383
0,4310;0,0124;1,5144;1,5746;85,4981
0,5679;0,5643;1,4598;1,6649;85,5582
0,1591;0,0085;0,2414;0,2892;85,6204
-0,7549;0,0930;1,3267;1,5293;85,6783
0,8816;0,2397;6,1165;6,1844;85,7380
0,3922;-0,0139;1,3594;1,4150;85,7986
-0,1806;-0,0146;0,1462;0,2328;85,8580
0,2514;0,0020;0,4564;0,5211;85,9203
1,3797;-0,3761;7,9765;8,1037;85,9816
0,8786;-0,0954;2,0807;2,2606;86,0383
-1,3990;0,5899;1,5637;2,1795;86,0994
0,2890;-0,2053;0,3720;0,5138;86,1579
0,3851;-0,0139;0,3366;0,5117;86,2185
-0,5670;0,0495;1,0324;1,1789;86,2815
0,6009;0,0134;1,4022;1,5255;86,3381
-0,4069;-0,2829;1,2945;1,3861;86,3985
0,3698;0,0391;0,1381;0,3966;86,4585
0,2536;-0,0139;-0,5567;0,6119;86,5208
0,2985;-0,2819;7,9885;7,9990;86,5781
0,4449;-0,0207;1,5105;1,5748;86,6376
-0,2280;0,1242;-1,8049;1,8234;86,7027
0,1701;0,0239;0,3568;0,3960;86,7646
-0,9982;0,2431;-1,2530;1,6204;86,8181
0,6580;-0,1574;2,8851;2,9634;86,8808
0,3095;-0,0400;1,4222;1,4560;86,9400
1,4263;0,0542;3,0240;3,3439;86,9994
0,0471;-0,0188;0,3041;0,3083;87,0578
-1,0812;0,2714;-1,5264;1,8901;87,1181
1,2377;0,1679;2,4092;2,7137;87,1802
0,3051;-0,0273;1,4297;1,4622;87,2381
0,6277;-0,3458;2,7765;2,8675;87,2987
0,0464;-0,0447;0,3734;0,3789;87,3602
0,1169;0,0303;-0,3578;0,3776;87,4190
1,0885;0,0185;3,1477;3,3307;87,4785
1,2623;-0,1913;3,4147;3,6456;87,5385
0,6826;0,4393;0,5670;0,9902;87,5981
0,1677;-0,0176;0,5269;0,5532;87,6619
0,1335;-0,2797;0,8369;0,8924;87,7185
0,2116;-0,0229;1,8693;1,8814;87,7783
-0,8293;0,2026;2,3508;2,5010;87,8415
-0,3644;-0,1460;-1,7197;1,7639;87,8993
0,2228;-0,0391;0,5670;0,6104;87,9583
0,4857;-0,2638;2,1570;2,2267;88,0181
0,4471;-0,1010;1,5425;1,6092;88,0775
-0,0586;0,7329;1,7934;1,9383;88,1375
-0,0947;-0,2602;-0,4352;0,5158;88,1967
0,3702;0,0146;0,4691;0,5978;88,2574
-2,9905;0,1809;1,1063;3,1937;88,3170
0,7871;-0,0366;1,5359;1,7262;88,3816
0,3732;0,1521;1,5847;1,6351;88,4381
0,3117;-0,0578;0,1245;0,3406;88,4968
0,3915;-0,0181;0,4505;0,5971;88,5571
1,2699;0,3395;-4,7468;4,9255;88,6184
0,2206;-0,1306;1,5405;1,5617;88,6764
0,5135;0,0295;1,2677;1,3680;88,7376
0,3432;0,0095;-0,1423;0,3716;88,7977
0,1660;0,0029;0,2336;0,2865;88,8593
-0,4247;-0,0752;1,3550;1,4220;88,9179
0,5116;-0,0181;1,5513;1,6335;88,9776
-1,3465;0,2858;-2,6274;2,9661;89,0375
0,2651;0,0425;0,0278;0,2699;89,0968
0,1079;0,0932;-0,8918;0,9031;89,1568
1,0627;-0,4388;1,2950;1,7317;89,2200
0,5267;-0,1130;1,5847;1,6738;89,2780
0,3034;0,1118;1,0910;1,1379;89,3381
0,1716;0,0359;0,2890;0,3380;89,3996
-0,7844;0,1464;-0,6604;1,0358;89,4572
1,4056;0,0556;4,0324;4,2707;89,5175
1,0290;-0,2226;2,7233;2,9197;89,5793
0,2394;0,0491;1,0727;1,1002;89,6369
0,2233;0,0366;0,3075;0,3818;89,6988
-0,9589;0,1796;1,1905;1,5392;89,7561
1,3177;-0,1474;3,0450;3,3211;89,8176
1,2672;-0,3968;2,5002;2,8309;89,8816
0,1655;0,1535;0,5587;0,6025;89,9389
0,1496;-0,0039;0,4281;0,4535;89,9969
0,0093;-0,0351;-0,0464;0,0589;90,0608
1,2035;0,0085;2,2491;2,5508;90,1168
1,2355;0,0547;3,0511;3,2922;90,1770
0,4469;0,0783;0,3454;0,5702;90,2406
0,1918;-0,0193;0,3742;0,4209;90,2966
-0,2292;-0,0122;-0,5494;0,5954;90,3568
0,7756;0,0339;1,9352;2,0851;90,4197
0,5291;-0,0493;2,5790;2,6332;90,4775
-0,8435;0,4486;-2,0221;2,2364;90,5368
0,3063;0,0076;0,3883;0,4946;90,5982
0,2948;-0,1901;2,8704;2,8918;90,6565
0,3844;-0,0769;1,5718;1,6199;90,7168
0,5411;-0,1113;3,0664;3,1158;90,7778
-2,1485;-0,1535;-4,0239;4,5641;90,8404
0,2734;-0,0183;0,4915;0,5627;90,9017
0,0901;-0,0654;0,4557;0,4691;90,9570
0,1272;-0,0737;1,2098;1,2187;91,0179
1,4078;-0,2636;3,8526;4,1102;91,0810
-0,3205;-0,2084;-1,4634;1,5125;91,1363
0,3302;-0,0183;0,3214;0,4612;91,1975
2,5263;-0,9282;7,9885;8,4297;91,2563
0,3036;-0,1584;1,4053;1,4464;91,3228
0,5106;0,1713;1,8864;1,9618;91,3764
-2,7733;0,2665;-4,5877;5,3674;91,4368
0,3649;0,0085;0,5389;0,6509;91,5012
0,4120;-0,1132;1,0976;1,1778;91,5619
0,3004;-0,1010;1,3939;1,4294;91,6164
0,8176;0,2194;1,8310;2,0172;91,6793
-0,1625;-0,0383;-0,4735;0,5021;91,7369
0,3927;0,0176;0,4979;0,6344;91,7967
-0,4779;0,2428;-4,3260;4,3591;91,8563
0,6807;-0,0322;1,7170;1,8473;91,9211
0,7786;0,0886;1,6775;1,8515;91,9759
0,2773;-0,0627;0,0725;0,2934;92,0369
0,1826;0,2817;-0,3695;0,4992;92,0979
-0,4874;-0,0478;-0,0178;0,4901;92,1567
0,5928;-0,0364;1,7055;1,8060;92,2164
0,2355;0,3229;1,0556;1,1287;92,2815
0,2858;0,0886;0,1049;0,3171;92,3373
-0,1386;0,4498;-0,7615;0,8952;92,3975
0,5186;-0,4732;0,8496;1,1022;92,4589
0,6138;0,0088;1,5493;1,6665;92,5197
0,2109;0,3224;0,9043;0,9829;92,5764
0,1704;0,0437;0,1477;0,2296;92,6376
0,1054;0,3244;-0,7298;0,8055;92,6962
0,8193;-0,5108;2,0448;2,2613;92,7561
0,7649;-0,0798;1,3504;1,5540;92,8158
0,5140;-0,0488;1,5371;1,6215;92,8792
0,2453;0,0910;0,1477;0,3004;92,9366
-0,1516;0,5267;-1,1937;1,3135;92,9970
1,4051;-0,8079;5,6035;5,8332;93,0575
0,9052;-0,1423;1,6035;1,8469;93,1267
0,1535;-0,0217;0,9968;1,0087;93,1777
0,1865;0,0520;-0,0452;0,1988;93,2379
-0,9990;0,1572;-1,5913;1,8854;93,2984
1,1588;-0,2165;3,4218;3,6192;93,3576
0,6922;-0,1013;1,6887;1,8278;93,4179
1,1588;0,2460;1,3465;1,7934;93,4777
0,1704;0,0373;-0,0742;0,1895;93,5376
-1,2074;0,0830;-0,7993;1,4504;93,6016
1,6609;-0,0688;2,2444;2,7930;93,6615
0,4403;0,0088;1,1749;1,2547;93,7175
0,4454;0,0713;1,4461;1,5148;93,7795
0,2680;0,0425;0,1750;0,3229;93,8374
0,3209;0,1716;0,1582;0,3968;93,8969
0,7730;-0,3361;1,7414;1,9347;93,9563
0,6685;-0,1125;1,2438;1,4165;94,0169
0,5401;-0,0188;1,3323;1,4378;94,0768
0,0927;0,0129;0,1935;0,2150;94,1389
0,2072;-0,0325;0,6875;0,7188;94,1986
0,5042;0,2343;-4,1745;4,2113;94,2583
0,9582;-0,1989;1,8093;2,0570;94,3169
0,5801;-0,0642;1,9523;2,0377;94,3781
-1,6531;-0,1811;-3,1714;3,5809;94,4365
0,2707;-0,0012;0,6163;0,6731;94,4966
1,4795;-0,3344;3,4918;3,8071;94,5579
0,5862;-0,2053;1,6496;1,7627;94,6161
0,8345;-0,2043;2,5588;2,6991;94,6788
-1,9254;-0,1276;-4,6450;5,0299;94,7388
0,2809;-0,0276;0,5938;0,6575;94,7978
1,5867;-0,2668;1,9933;2,5616;94,8569
0,4891;-0,1535;1,3348;1,4298;94,9196
0,5543;-0,0432;1,8217;1,9046;94,9838
-0,4444;0,4735;0,0893;0,6555;95,0442
0,3380;-0,0947;0,7080;0,7903;95,0965
-0,2038;0,0495;-3,1692;3,1761;95,1593
0,7510;-0,1059;1,4085;1,5997;95,2167
0,4400;0,3190;1,1783;1,2976;95,2768
-0,4728;-0,2477;-1,4124;1,5099;95,3411
0,4171;0,0122;0,5250;0,6706;95,3968
0,9907;-0,0544;-0,7432;1,2396;95,4572
0,7053;-0,1140;1,4449;1,6119;95,5180
0,9936;0,1621;2,0904;2,3202;95,5765
-0,4549;-0,4288;-1,0134;1,1907;95,6365
0,3022;0,0088;0,5875;0,6607;95,6983
0,4940;-0,1384;1,3370;1,4320;95,7563
0,4242;-0,0661;1,5452;1,6037;95,8174
0,6778;-0,1665;2,6181;2,7095;95,8778
0,4610;0,1479;0,4735;0,6772;95,9365
0,3556;0,0410;0,5963;0,6954;95,9978
0,6094;-0,2033;-0,3156;0,7158;96,0560
0,9379;0,1203;2,0606;2,2673;96,1176
0,9565;-0,1838;2,9068;3,0656;96,1764
-0,4442;0,2516;-0,2092;0,5517;96,2400
0,2341;-0,0049;0,3795;0,4459;96,3056
-1,5786;0,2917;-1,9325;2,5123;96,3571
1,6340;-0,3983;5,7123;5,9548;96,4163
0,6648;-0,0381;1,4236;1,5717;96,4780
2,2190;-0,3290;3,4965;4,1542;96,5361
0,1730;0,0068;0,4745;0,5051;96,5960
0,3317;-0,0212;0,9314;0,9889;96,6561
0,9994;0,0386;2,0052;2,2408;96,7180
0,4083;-0,0447;1,4778;1,5338;96,7762
0,7407;-0,0547;2,4223;2,5337;96,8359
0,8245;-0,1247;1,5152;1,7294;96,8982
0,3834;-0,0059;0,4598;0,5987;96,9563
-0,1230;-0,1081;1,0199;1,0330;97,0195
0,6509;-0,0242;1,3880;1,5332;97,0805
1,4002;-0,3600;3,0960;3,4169;97,1359
-3,2807;0,3017;-4,6763;5,7203;97,1961
0,2433;0,0237;0,4501;0,5122;97,2626
-1,1315;0,2265;-0,9243;1,4785;97,3222
0,8301;-0,4996;1,9537;2,1808;97,3778
0,6131;-0,0261;1,4529;1,5772;97,4371
0,9890;0,1599;2,3799;2,5821;97,4959
0,2118;0,0530;-0,1386;0,2587;97,5567
0,2965;0,0364;0,1411;0,3304;97,6170
-0,3371;0,1572;-0,0110;0,3721;97,6758
0,6287;-0,1181;1,2916;1,4413;97,7363
0,7495;0,1164;1,5613;1,7358;97,7998
0,8330;-0,0525;-0,0124;0,8347;97,8565
0,4254;-0,0398;0,4625;0,6297;97,9176
2,2303;-0,4872;4,2860;4,8561;97,9779
0,3109;-0,1945;1,0817;1,1422;98,0362
1,3836;-0,0657;2,9971;3,3017;98,0958
0,3773;-0,1450;0,2555;0,4782;98,1560
0,3859;0,0386;0,3510;0,5230;98,2198
-0,6197;-0,0700;0,9130;1,1057;98,2906
0,3607;-0,0415;1,9291;1,9630;98,3362
1,2447;-0,5059;1,9042;2,3305;98,3963
0,5545;0,0000;0,9933;1,1376;98,4569
0,1479;-0,0078;0,3598;0,3890;98,5171
-1,2809;0,3939;-1,0156;1,6814;98,5763
1,7299;-0,5933;5,6208;5,9109;98,6387
0,5628;-0,0203;1,5193;1,6203;98,6962
-0,4288;-0,0657;0,0308;0,4349;98,7560
0,4176;0,0818;0,1289;0,4446;98,8164
0,0349;0,1320;-0,8689;0,8795;98,8761
0,4874;-0,1599;0,5718;0,7682;98,9360
0,5291;-0,0415;1,4236;1,5193;98,9968
0,7302;-0,0271;1,6333;1,7893;99,0554
0,3854;0,0530;-0,2797;0,4791;99,1150
0,4249;-0,0100;0,6126;0,7456;99,1754
0,6829;-0,2543;2,1368;2,2576;99,2354
0,3275;-0,1667;1,4144;1,4613;99,3003
0,4698;0,0412;2,1080;2,1601;99,3560
-0,3500;-0,1460;-1,4170;1,4669;99,4160
0,3061;0,0129;0,2619;0,4030;99,4759
0,0454;-0,2277;1,9440;1,9578;99,5348
0,0500;-0,1384;1,4026;1,4103;99,5955
1,0068;-0,1586;2,8233;3,0017;99,6555
-3,0254;0,1540;-3,6754;4,7629;99,7169
0,2014;0,0264;0,5284;0,5661;99,7763
-0,7434;0,0288;0,4051;0,8471;99,8357
1,5613;0,0029;4,6448;4,9002;99,8955
0,5418;-0,0569;1,6543;1,7417;99,9555
0,6914;-0,1428;1,5205;1,6764;100,0157
0,1694;0,0525;0,3307;0,3752;100,0755
-1,2667;0,1960;-0,7954;1,5085;100,1413
1,4866;-0,0793;2,9058;3,2650;100,1951
0,5162;-0,0473;1,4524;1,5422;100,2562
-0,3593;-0,4632;2,1739;2,2515;100,3329
0,1852;0,0500;0,0229;0,1932;100,3830
-1,3807;0,1667;0,3056;1,4239;100,4359
1,7033;0,1750;3,5104;3,9057;100,4963
1,1639;-0,4374;2,6144;2,8950;100,5549
0,4227;0,0552;0,9890;1,0769;100,6185
0,3083;0,0376;0,3131;0,4410;100,6759
-1,4524;0,0190;-0,2150;1,4684;100,7370
1,3843;-0,1486;4,2885;4,5088;100,7967
0,6585;0,1762;2,2696;2,3697;100,8556
0,5157;0,1935;0,7639;0,9418;100,9157
0,0503;-0,0556;0,5972;0,6019;100,9749
-0,4584;-0,2136;-0,6675;0,8374;101,0346
0,8418;-0,3307;2,6413;2,7918;101,0955
0,5069;-0,0359;1,4312;1,5187;101,1559
-0,1552;-0,1396;1,5318;1,5459;101,2151
0,2712;0,0725;0,2543;0,3788;101,2758
-0,8223;0,0971;-1,0156;1,3103;101,3353
1,1788;0,1091;1,6299;2,0144;101,3969
1,0287;-0,0600;1,5305;1,8451;101,4553
1,6289;0,2741;0,5338;1,7359;101,5150
0,3981;0,0737;0,1518;0,4324;101,5769
-0,1018;0,4017;-0,6024;0,7311;101,6345
0,9716;-0,3349;0,5042;1,1447;101,6955
0,8152;-0,0571;1,6013;1,7978;101,7550
0,5665;0,1269;1,1549;1,2926;101,8160
0,2760;-0,1682;0,3407;0,4696;101,8764
0,3622;0,0247;0,1787;0,4046;101,9369
0,1872;0,0351;-1,0834;1,1000;101,9944
0,8327;-0,0412;1,3848;1,6164;102,0565
0,4767;0,1318;1,4175;1,5013;102,1146
-0,1291;-0,2514;-0,0708;0,2913;102,1755
0,5116;0,0759;0,2870;0,5915;102,2387
1,5420;-0,2238;3,8081;4,1146;102,3053
0,5113;-0,1762;1,4331;1,5318;102,3546
0,8842;-0,0232;2,3054;2,4693;102,4140
-1,2782;0,0444;-2,1097;2,4671;102,4879
0,3712;0,0400;0,3798;0,5326;102,5338
0,3903;-0,3200;3,4962;3,5325;102,5940
0,1911;-0,1542;1,3887;1,4103;102,6560
0,9382;-0,1906;2,3640;2,5505;102,7144
-3,7171;0,4635;-5,7765;6,8848;102,7743
0,3336;-0,0122;0,5335;0,6294;102,8350
0,0425;-0,3053;1,9581;1,9822;102,8943
0,1013;-0,0820;1,4619;1,4677;102,9551
1,0627;-0,0796;2,4382;2,6609;103,0147
0,3092;0,1542;1,4956;1,5350;103,0746
0,2087;-0,0195;0,5799;0,6166;103,1345
0,3807;-0,0779;0,2338;0,4535;103,1945
0,9809;-0,2975;0,8257;1,3162;103,2542
0,3768;-0,1616;1,2076;1,2753;103,3203
0,3710;-0,1672;1,1583;1,2277;103,3761
0,2858;-0,2890;0,9870;1,0674;103,4383
0,2670;-0,1181;0,6963;0,7551;103,4992
0,1115;0,1430;0,6846;0,7082;103,5559
0,2797;-0,0532;0,7656;0,8169;103,6223
0,3341;-0,0713;1,0236;1,0791;103,6735
0,3800;-0,1086;1,0473;1,1194;103,7333
0,2580;-0,0818;1,1017;1,1345;103,7941
0,2843;-0,0120;0,8767;0,9217;103,8536
0,2477;-0,0027;0,9743;1,0053;103,9132
0,1906;-0,0539;1,0168;1,0359;103,9735
0,3212;-0,2243;1,1371;1,2027;104,0337
0,0735;0,1059;1,3250;1,3313;104,0934
0,3554;-0,1296;2,3572;2,3873;104,1535
0,2939;0,0693;0,3927;0,4953;104,2132
0,0808;0,1496;0,3205;0,3628;104,2732
-0,4642;-0,0471;0,5506;0,7217;104,3334
0,2070;-0,1496;1,4207;1,4435;104,3943
0,5633;-0,3468;2,3174;2,4100;104,4604
0,1774;0,0581;0,3107;0,3625;104,5140
-1,3477;0,2480;-1,1564;1,7931;104,5741
-0,0698;-0,1150;1,3397;1,3464;104,6344
0,8415;-0,1413;1,7878;1,9810;104,6974
0,2763;-0,0535;1,2491;1,2804;104,7545
0,2260;0,0481;0,0915;0,2485;104,8164
0,2939;0,0500;-1,1115;1,1507;104,8742
-0,2526;0,0073;1,2491;1,2744;104,9349
0,8232;-0,2338;2,7118;2,8436;104,9938
0,3576;0,1569;0,6502;0,7584;105,0537
0,2555;-0,0088;0,5882;0,6414;105,1176
-0,5667;-0,1584;1,5994;1,7042;105,1744
0,1523;-0,0110;1,7587;1,7653;105,2371
0,7478;-0,2553;2,6396;2,7553;105,3038
-2,4890;0,6568;-3,4328;4,2907;105,3558
0,2882;0,0337;0,5726;0,6419;105,4141
-0,7856;-0,5069;1,7536;1,9873;105,4746
0,6678;-0,0998;1,4832;1,6296;105,5340
0,2582;0,3497;1,7236;1,7776;105,5936
0,7132;0,1364;0,1286;0,7374;105,6554
0,3932;0,0054;0,5655;0,6888;105,7151
0,1557;0,1760;-1,2889;1,3101;105,7743
0,9089;-0,0637;1,5291;1,7799;105,8341
0,4989;0,0071;1,1766;1,2780;105,8942
0,2004;0,0425;0,0349;0,2078;105,9565
-0,9282;0,1911;0,1557;0,9604;106,0139
0,6917;-0,7869;4,3836;4,5071;106,0761
0,4386;-0,0678;1,4085;1,4768;106,1338
2,0870;-0,1867;2,1876;3,0292;106,1949
0,2821;-0,0515;0,5174;0,5916;106,2569
-1,3311;0,4152;-1,3118;1,9145;106,3166
1,8095;-0,3986;2,4870;3,1014;106,3761
1,4895;-0,4161;2,5297;2,9650;106,4342
-1,4717;0,1896;-1,2406;1,9341;106,4933
0,2482;-0,0012;0,5401;0,5944;106,5544
-0,0090;-0,4161;1,6352;1,6874;106,6142
0,3449;-0,1110;1,3641;1,4114;106,6759
-1,7502;-0,2338;1,9589;2,6372;106,7348
0,2992;-0,0491;0,3036;0,4291;106,7936
0,4300;-0,0508;0,5596;0,7076;106,8544
-0,1193;0,3180;-4,4090;4,4221;106,9146
0,7905;-0,0869;1,2018;1,4411;106,9732
0,4205;0,2128;1,1010;1,1976;107,0343
0,7063;0,0005;0,4862;0,8575;107,0979
0,4396;-0,0459;0,6829;0,8134;107,1532
-0,7866;0,0964;-0,0176;0,7927;107,2133
0,8032;-0,0700;1,5823;1,7759;107,2756
0,4713;0,1840;1,2125;1,3138;107,3349
0,3197;0,0371;0,1015;0,3375;107,3934
0,4091;-0,0129;0,4947;0,6421;107,4532
0,9350;-0,1159;0,6558;1,1479;107,5149
0,5945;-0,0591;1,5608;1,6712;107,5739
0,9443;-0,2280;1,6709;1,9327;107,6343
0,2006;0,0295;0,1677;0,2631;107,6961
-0,4571;0,2948;-2,0975;2,1669;107,7545
1,1220;-0,3756;2,9942;3,2195;107,8140
0,6626;-0,0962;1,8422;1,9601;107,8773
0,5760;0,0832;1,0544;1,2043;107,9343
0,1535;0,0425;0,2673;0,3111;107,9941
-1,5025;0,1723;-1,1513;1,9006;108,0537
1,9183;-0,4462;3,6593;4,1556;108,1133
0,5199;-0,0852;1,6728;1,7538;108,1736
0,6504;0,0110;1,2106;1,3743;108,2324
0,1533;0,0588;0,0332;0,1675;108,3139
-2,5805;0,3895;-2,1343;3,3714;108,3527
1,4402;-0,1562;2,6166;2,9909;108,4128
1,1962;-0,4310;1,8976;2,2842;108,4727
0,0908;-0,0876;0,9855;0,9936;108,5348
0,1948;0,0356;0,3705;0,4201;108,6041
-1,5142;0,1438;0,5633;1,6219;108,6521
1,7265;-0,4249;4,8159;5,1336;108,7122
0,8059;-0,1418;1,6814;1,8699;108,7746
0,6004;0,1220;0,6748;0,9115;108,8568
0,0493;0,1167;0,2065;0,2422;108,8987
0,2004;0,0239;0,8252;0,8495;108,9522
0,1713;0,0991;0,4911;0,5294;109,0123
0,3783;-0,0144;1,1554;1,2158;109,0742
0,2531;-0,0544;1,4141;1,4376;109,1325
-0,0561;-0,0381;1,0253;1,0276;109,1930
0,2607;-0,0164;0,8781;0,9162;109,2538
0,3283;0,0110;0,8842;0,9433;109,3131
0,3012;-0,0325;0,9008;0,9504;109,3727
0,3422;-0,0281;1,0046;1,0616;109,4327
0,2694;-0,0442;0,9599;0,9980;109,4929
0,2611;-0,0561;0,8847;0,9242;109,5533
0,3124;0,0327;0,8967;0,9501;109,6217
0,2731;-0,0115;1,0663;1,1008;109,6735
0,1628;-0,0498;0,9782;0,9929;109,7356
0,4513;-0,1101;0,9411;1,0495;109,7922
0,0849;-0,0005;0,7114;0,7165;109,8522
0,1430;0,1655;1,2855;1,3040;109,9122
0,7383;-0,1411;1,0954;1,3285;109,9721
0,5445;-0,0613;1,4141;1,5166;110,0320
0,5164;0,0596;1,5671;1,6511;110,0941
0,3566;0,1652;0,0161;0,3933;110,1520
0,3039;-0,0596;0,7095;0,7741;110,2121
-0,3983;0,1957;0,3124;0,5427;110,2721
1,2516;-0,6199;2,7116;3,0501;110,3325
0,9370;-0,2702;2,5673;2,7463;110,3959
0,2560;0,0715;-0,2587;0,3709;110,4533
0,2153;-0,0373;0,4901;0,5366;110,5135
1,2848;-0,1784;-0,4405;1,3699;110,5742
1,0585;-0,1042;1,6443;1,9583;110,6345
1,0795;0,0859;1,9335;2,2161;110,6939
0,1272;0,0290;0,1074;0,1690;110,7534
-0,5923;0,0561;0,5382;0,8023;110,8136
1,2579;-0,5411;3,6219;3,8721;110,8727
0,7947;-0,1460;2,1353;2,2831;110,9320
-0,2824;-0,1223;0,1389;0,3376;110,9926
0,2536;-0,0100;0,4437;0,5112;111,0526
1,7331;-0,4217;6,8438;7,0724;111,1118
0,2209;-0,1557;1,4307;1,4560;111,1720
-0,3695;0,0349;1,6577;1,6987;111,2366
-0,4025;0,2126;-0,4361;0,6304;111,2929
0,2348;-0,0266;0,8833;0,9143;111,3524
0,1762;-0,0437;0,7400;0,7619;111,4123
0,4967;-0,0998;1,3436;1,4359;111,4730
0,3102;-0,3954;1,3660;1,4555;111,5328
0,4149;-0,1267;1,0827;1,1663;111,5926
0,3910;0,1316;0,9604;1,0452;111,6523
0,3829;0,0100;0,9155;0,9924;111,7125
0,3683;0,0068;0,7996;0,8803;111,7941
0,2958;-0,0098;0,7507;0,8070;111,8405
0,2726;-0,1721;0,9697;1,0219;111,8915
0,3236;-0,0874;1,0104;1,0646;111,9519
0,1967;-0,1313;0,8745;0,9059;112,0116
0,1633;-0,0752;2,0799;2,0877;112,0716
0,2577;-0,1416;0,9684;1,0121;112,1318
0,3964;-0,1298;0,8086;0,9098;112,1919
0,4701;-0,0332;0,8144;0,9409;112,2523
0,3583;-0,2050;1,5030;1,5586;112,3120
-0,0278;-0,0866;1,2728;1,2760;112,3720
-0,1181;-0,0320;0,7422;0,7522;112,4318
-0,1921;-0,0161;0,9030;0,9234;112,4921
-0,1994;-0,0100;1,1581;1,1752;112,5514
0,1521;-0,1172;0,9955;1,0139;112,6137
0,4520;0,0818;0,5206;0,6943;112,6732
-1,1583;0,1455;1,9271;2,2532;112,7330
0,1813;0,0010;1,0695;1,0848;112,7927
0,0395;-0,0256;1,0651;1,0661;112,8525
-0,4962;-0,0134;0,9274;1,0519;112,9130
-0,4854;0,0642;-0,5665;0,7488;112,9730
0,0654;-0,0015;0,6285;0,6319;113,0356
0,6290;-0,0661;0,2099;0,6663;113,0939
0,6158;-0,3800;2,4265;2,5321;113,1573
0,2338;-0,1191;3,0530;3,0643;113,2137
0,2636;-0,1992;-0,1430;0,3600;113,2735
0,3583;0,0083;0,1018;0,3726;113,3350
1,6452;-0,0227;-1,0897;1,9735;113,3931
0,4676;0,0037;1,5303;1,6001;113,4530
0,3417;0,0493;1,8927;1,9239;113,5187
-0,3468;0,2865;3,3905;3,4203;113,5742
0,0576;0,0869;0,4440;0,4560;113,6335
0,8310;-0,3031;1,9930;2,1805;113,6935
0,2985;-0,0381;1,5391;1,5682;113,7537
1,5732;0,0007;3,4186;3,7632;113,8134
0,1420;0,0349;0,0405;0,1518;113,8730
-1,0239;0,2387;-1,1286;1,5424;113,9335
1,2657;-0,2934;3,7371;3,9565;114,0012
0,8525;-0,2446;1,8493;2,0510;114,0536
-0,7739;-0,1028;0,1496;0,7949;114,1143
0,1660;0,0361;0,2106;0,2706;114,1766
-0,0329;0,1733;-1,0234;1,0385;114,2334
0,7097;0,0034;3,0166;3,0990;114,2956
0,9484;-0,3141;3,3249;3,4718;114,3533
-0,2638;-0,0498;-1,1459;1,1769;114,4150
0,2731;0,0149;0,4552;0,5310;114,4726
1,4236;-0,2402;2,5837;2,9597;114,5335
0,3124;-0,0644;1,8029;1,8309;114,5936
-0,6250;0,1689;-0,0308;0,6482;114,6529
0,2267;0,0112;0,4400;0,4952;114,7140
0,1989;-0,0422;0,8005;0,8260;114,7766
0,4501;0,0110;-0,4198;0,6155;114,8327
0,2787;-0,0669;1,6616;1,6861;114,8958
0,0198;-0,1782;0,3566;0,3991;114,9527
0,1499;0,0290;0,2504;0,2933;115,0139
-0,3900;0,2094;-0,0412;0,4446;115,0738
-0,0793;-0,1486;1,9376;1,9449;115,1327
1,0880;-0,3666;3,2341;3,4319;115,1936
0,6514;0,2985;0,0666;0,7196;115,2544
0,3424;0,0332;0,1328;0,3688;115,3131
0,5465;-1,3590;7,9885;8,1217;115,3731
0,5750;-0,2895;1,6865;1,8052;115,4335
0,2626;0,2350;1,4239;1,4668;115,4928
0,0959;-0,1538;-0,0459;0,1869;115,5530
0,3561;-0,0232;0,3390;0,4922;115,6135
-0,1110;-0,2546;-0,5738;0,6375;115,6764
0,5606;-0,0905;1,4556;1,5625;115,7430
0,4688;0,1740;1,5544;1,6329;115,7932
0,2970;-0,0207;0,1855;0,3508;115,8532
0,3327;-0,0290;0,3202;0,4626;115,9123
0,3722;0,0071;-0,7505;0,8378;115,9734
0,6419;-0,1245;1,9201;2,0283;116,0370
0,4515;0,2282;1,2025;1,3046;116,0943
0,2641;0,0666;0,1882;0,3310;116,1537
0,1730;-0,0674;0,1252;0,2240;116,2133
0,6707;-0,7283;5,2286;5,3215;116,2735
0,3573;-0,1733;2,2207;2,2560;116,3379
0,3441;0,0530;0,8518;0,9202;116,3934
0,0473;0,0417;0,1496;0,1624;116,4542
-0,9170;0,5479;-2,7577;2,9573;116,5130
0,3000;-0,1064;2,2041;2,2270;116,5736
1,6587;-0,2446;3,4811;3,8638;116,6351
-0,2704;-0,1115;-0,0456;0,2961;116,6938
0,1830;0,0481;0,3009;0,3555;116,7540
-0,7229;0,1711;0,1857;0,7658;116,8158
0,5743;-0,1069;3,5677;3,6152;116,8738
0,6499;-0,1306;2,0304;2,1359;116,9339
-0,2131;-0,0574;0,4525;0,5034;116,9993
0,3720;0,1357;0,2060;0,4463;117,0534
0,1154;0,3497;-0,5003;0,6213;117,1150
0,4852;-0,1220;2,2676;2,3221;117,1773
-0,5875;-0,6141;2,2754;2,4289;117,2335
-0,1196;0,0798;-1,0280;1,0380;117,2951
0,1555;0,0161;0,3637;0,3958;117,3542
0,0642;-0,0754;-0,2775;0,2946;117,4143
0,1313;-0,1084;1,2635;1,2749;117,4734
0,2514;0,1316;2,3613;2,3783;117,5381
0,0842;-0,1159;-0,2187;0,2614;117,5936
0,2870;0,0181;0,3720;0,4702;117,6538
-3,2810;0,0090;3,7415;4,9763;117,7145
0,6482;-0,0652;1,4739;1,6115;117,7738
0,3107;0,1479;1,1945;1,2430;117,8327
0,2807;0,0037;0,2961;0,4080;117,8936
0,0427;0,3051;-1,4939;1,5254;117,9531
0,6726;-0,3925;2,0650;2,2070;118,0161
0,2385;-0,0071;1,8629;1,8782;118,0736
0,2624;-0,0273;1,4419;1,4659;118,1342
0,0700;0,0254;0,3405;0,3485;118,1975
-0,2463;0,0005;0,2648;0,3616;118,2535
1,2274;-0,2936;2,3870;2,7000;118,3165
0,4979;-0,1613;1,8651;1,9372;118,3734
0,0027;-0,0259;-0,0364;0,0447;118,4357
0,1342;0,0207;0,3139;0,3420;118,4929
-0,8703;0,1067;0,8845;1,2455;118,5537
0,5682;0,2175;1,9486;2,0414;118,6132
0,5684;-0,1162;2,5497;2,6149;118,6735
0,2507;-0,0732;-0,3641;0,4481;118,7349
0,3268;0,0015;0,6526;0,7299;118,7924
-0,5567;-0,0354;-0,2377;0,6064;118,8536
0,4491;-0,0505;1,8976;1,9507;118,9181
0,3280;0,4030;1,0392;1,1619;118,9745
0,1662;-0,0168;0,4647;0,4938;119,0336
-0,8779;0,3224;-0,7876;1,2227;119,0933
0,9179;-0,2734;3,1772;3,3185;119,1532
1,2015;-0,1411;2,2942;2,5936;119,2166
0,0649;-0,0556;0,2907;0,3030;119,2733
0,1674;0,0190;0,4569;0,4870;119,3389
0,0398;-0,0615;-0,9126;0,9155;119,3934
0,6507;-0,0613;2,4919;2,5762;119,4568
0,4725;-0,9475;2,6537;2,8571;119,5134
0,0059;-0,2245;-1,0431;1,0670;119,5742
0,1957;0,0281;0,4396;0,4820;119,6331
0,4486;-0,0737;-0,3639;0,5823;119,6935
0,1323;-0,1621;1,5569;1,5709;119,7542
0,4491;-0,2531;2,6881;2,7371;119,8131
0,2118;-0,0732;-1,6347;1,6500;119,8733
0,1957;0,0564;0,4430;0,4876;119,9332
-0,0437;-0,0325;0,4078;0,4114;119,9946
0,4293;-0,1169;1,9786;2,0280;120,0530
0,5936;-0,5418;3,4374;3,5301;120,1130
0,0247;-0,3527;-1,4615;1,5036;120,1780
0,2821;0,0247;0,4696;0,5484;120,2328
2,5659;-0,4808;1,1930;2,8702;120,2934
0,4947;-0,1233;1,4512;1,5382;120,3572
0,8337;-0,1054;2,2041;2,3589;120,4126
0,3856;0,1130;0,3429;0,5283;120,4737
0,1833;0,1452;0,5062;0,5576;120,5380
-0,4974;-0,0481;1,8022;1,8702;120,5930
0,0020;0,3163;-0,0339;0,3181;120,6532
0,1867;0,1337;1,5876;1,6042;120,7128
0,1657;0,1355;1,0971;1,1178;120,7725
0,1335;0,0422;0,9333;0,9437;120,8330
0,2738;0,2751;0,8540;0,9380;120,8979
0,2245;0,0527;0,8862;0,9157;120,9536
