0,2677;-0,0254;0,9731;1,0096;0,1017
0,2726;-0,0227;0,9677;1,0056;0,1265
0,2680;-0,0251;0,9738;1,0103;0,3729
0,2651;-0,0232;0,9687;1,0046;0,3751
0,2616;-0,0227;0,9689;1,0039;0,3768
0,2585;-0,0227;0,9689;1,0031;0,3788
0,2560;-0,0259;0,9772;1,0105;0,4255
0,2631;-0,0256;0,9731;1,0084;0,4607
0,2690;-0,0254;0,9736;1,0104;0,5202
0,2653;-0,0264;0,9746;1,0104;0,5805
0,2731;-0,0249;0,9709;1,0089;0,6425
0,2758;-0,0278;0,9660;1,0050;0,7005
0,2843;-0,0249;0,9936;1,0338;0,7672
0,3412;-0,1918;1,9144;1,9541;0,8222
0,1799;0,3685;-0,1643;0,4418;0,8817
0,4374;0,0554;0,3361;0,5544;0,9413
-0,0156;-0,0754;0,7952;0,7989;1,0021
-0,2067;-0,0859;1,1281;1,1501;1,0650
0,4393;-0,1508;1,2125;1,2984;1,1235
0,1042;-0,0266;0,9728;0,9788;1,2054
0,2738;0,0483;0,3666;0,4601;1,2628
-0,1086;-0,0876;0,1406;0,1981;1,3303
-0,1086;-0,0876;0,1406;0,1981;1,3870
0,3410;-0,0905;1,2950;1,3422;1,4451
0,0290;0,1582;1,2823;1,2924;1,5061
0,1401;-0,0044;0,5960;0,6123;1,5640
0,0452;-0,0227;0,7427;0,7444;1,6240
0,1806;-0,0859;1,0390;1,0581;1,6842
0,1833;-0,0525;1,1041;1,1205;1,7450
0,2116;-0,0486;1,0470;1,0693;1,8052
0,1582;-0,0649;0,9687;0,9837;1,8659
0,1809;-0,0920;1,0317;1,0514;1,9240
0,2128;-0,0142;0,9619;0,9852;1,9847
0,2619;0,0034;1,0251;1,0580;2,0475
0,2077;-0,0637;1,0048;1,0280;2,1054
0,2060;0,0844;0,9570;0,9825;2,1655
0,3761;-0,0066;1,0009;1,0693;2,2254
0,3881;0,1513;0,8691;0,9638;2,2847
0,3934;0,0290;0,9138;0,9953;2,3490
0,3449;0,0017;0,8637;0,9300;2,4088
0,3922;0,0342;0,9623;1,0398;2,4948
0,3139;0,0068;0,9814;1,0304;2,5224
0,2380;0,0290;0,9802;1,0091;2,5822
0,2221;-0,0718;0,9306;0,9594;2,6433
0,1840;-0,0581;1,0224;1,0404;2,7035
0,1791;-0,0081;0,9448;0,9616;2,7632
0,1950;0,0461;1,0090;1,0287;2,8246
0,2253;-0,0159;0,9675;0,9935;2,8844
0,1684;-0,0744;1,2574;1,2708;2,9442
0,2172;-0,0598;1,0749;1,0982;3,0046
0,1865;-0,0471;1,0058;1,0240;3,0642
0,1643;-0,0198;0,8943;0,9094;3,1241
0,2128;-0,0325;0,9340;0,9585;3,1843
0,2038;-0,0535;0,9533;0,9763;3,2443
0,1957;-0,0517;1,0163;1,0363;3,3041
0,2187;-0,0371;0,9760;1,0009;3,3641
0,2633;-0,0381;1,0666;1,0993;3,4243
0,1257;-0,0891;1,4529;1,4611;3,4845
-0,2385;0,0176;0,6434;0,6863;3,5442
0,1735;0,0256;0,4349;0,4690;3,6041
0,0840;0,0615;0,7068;0,7144;3,6641
0,1428;-0,0605;1,1930;1,2030;3,7240
0,1545;-0,0437;0,7583;0,7751;3,7840
0,4088;-0,2267;2,3423;2,3885;3,8442
-0,0769;0,0395;0,3788;0,3885;3,9040
0,0559;0,0339;0,7378;0,7407;3,9641
0,0586;0,0444;-0,0852;0,1125;4,0239
0,2956;-0,1694;1,3707;1,4124;4,0839
0,0051;-0,0688;1,8097;1,8111;4,1440
0,0495;0,0976;0,4703;0,4829;4,2039
0,0840;0,0098;0,6197;0,6254;4,2638
0,0298;-0,0281;-0,1279;0,1343;4,3240
0,1767;-0,1279;2,2674;2,2778;4,3838
0,3776;-0,1418;1,9288;1,9706;4,4442
-0,2736;0,1721;0,2902;0,4344;4,5040
0,1206;0,0227;0,5743;0,5872;4,5639
-0,0430;-0,0395;0,0129;0,0598;4,6238
0,3039;0,0227;0,4357;0,5316;4,6839
0,2982;-0,1272;1,9794;2,0057;4,7439
-0,3627;0,1787;0,3644;0,5443;4,8039
0,1296;0,0308;0,6536;0,6670;4,8638
-0,0954;-0,0244;-0,1816;0,2066;4,9237
0,6907;-0,2419;2,5490;2,6520;4,9836
0,4281;-0,1972;1,9906;2,0456;5,0438
-0,0290;0,0054;0,5716;0,5724;5,1038
0,0478;0,0239;0,6773;0,6794;5,1638
0,0024;-0,0339;0,0164;0,0377;5,2236
0,1630;0,0078;0,6319;0,6526;5,2838
-0,2807;-0,0935;1,4148;1,4454;5,3437
-0,2863;0,1254;0,2297;0,3879;5,4037
0,1377;0,0088;0,6431;0,6577;5,4638
-0,3048;0,0412;1,4771;1,5088;5,5238
-0,0730;-0,1843;2,6532;2,6606;5,5857
-0,0229;0,1015;1,3350;1,3391;5,6452
0,4498;0,0344;0,4369;0,6280;5,7046
0,0949;-0,0081;0,1862;0,2092;5,7652
0,5628;-0,1228;2,1287;2,2053;5,8251
0,2599;-0,0888;1,3570;1,3845;5,8862
0,8603;-0,1064;1,8949;2,0838;5,9585
0,4962;0,0378;0,4630;0,6797;6,0089
0,1689;0,0591;0,1821;0,2553;6,0650
1,0749;0,0168;0,3410;1,1278;6,1250
0,2741;-0,0886;1,3519;1,3822;6,1849
0,2438;0,0105;1,4883;1,5082;6,2446
0,3873;0,0569;0,3942;0,5555;6,3059
0,2031;-0,0005;0,2065;0,2896;6,3654
-1,7346;0,3417;3,2214;3,6746;6,4297
0,1425;-0,0193;1,3768;1,3843;6,4856
-0,2909;0,0586;0,7039;0,7639;6,5453
0,0625;0,0239;0,5880;0,5917;6,6115
0,1499;0,0327;0,1320;0,2024;6,6720
0,0686;-0,0137;3,6842;3,6848;6,7248
0,1889;-0,0393;1,2794;1,2939;6,7848
-0,1860;0,1967;0,8974;0,9374;6,8452
0,2694;0,0288;0,4242;0,5034;6,9042
0,0615;-0,0239;-0,1108;0,1290;6,9649
-0,0181;-0,0161;2,9053;2,9054;7,0242
0,3109;-0,1755;1,4468;1,4902;7,0842
0,0779;0,0586;0,5257;0,5347;7,1453
0,0549;-0,0288;0,6336;0,6366;7,2115
-0,2050;-0,0722;0,9057;0,9314;7,2649
0,3573;-0,1491;2,2390;2,2723;7,3242
0,0378;-0,0818;2,3960;2,3977;7,3844
0,5223;-0,1169;0,2358;0,5848;7,4442
-0,0308;-0,0727;0,1413;0,1619;7,5039
-0,1042;-0,1047;1,3826;1,3905;7,5640
-0,0112;-0,0254;1,4998;1,5000;7,6277
0,0386;-0,0442;2,0670;2,0678;7,6864
0,2106;-0,0881;-0,0976;0,2483;7,7499
0,3727;-0,1298;-0,1142;0,4109;7,8044
-0,1213;-0,1584;-0,1564;0,2535;7,8651
0,2275;-0,0100;1,4505;1,4682;7,9245
0,0822;-0,0203;0,8313;0,8356;7,9846
0,3522;0,0120;0,4557;0,5760;8,0438
-0,0244;-0,1428;-0,2568;0,2948;8,1053
0,6939;-0,1010;2,1722;2,2825;8,1641
0,3541;-0,1037;1,6416;1,6825;8,2235
0,0732;-0,0127;0,3702;0,3776;8,2850
0,1037;0,0103;0,1882;0,2151;8,3438
-0,0862;-0,1496;0,3707;0,4090;8,4053
0,2741;-0,0918;1,7294;1,7534;8,4633
0,0837;-0,0786;2,2356;2,2386;8,5318
0,4889;-0,1738;-0,3917;0,6501;8,5848
0,3014;0,0290;0,2809;0,4131;8,6453
0,3014;0,0290;0,2809;0,4131;8,7037
0,0747;-0,0666;1,4080;1,4116;8,7626
0,2277;-0,0520;1,7958;1,8110;8,8227
0,6795;0,0744;0,6043;0,9124;8,8832
0,0359;-0,0632;-0,0137;0,0740;8,9424
0,1706;-0,0093;2,2085;2,2151;9,0036
0,1887;-0,0254;1,3687;1,3819;9,0631
-0,0539;-0,0078;0,6538;0,6561;9,1239
0,3942;0,0149;0,3610;0,5347;9,1840
0,0093;-0,1613;-0,4015;0,4328;9,2443
0,4330;-0,1372;3,3361;3,3669;9,3039
0,2126;-0,1350;1,5759;1,5959;9,3640
0,1528;-0,0051;0,4440;0,4695;9,4249
0,3329;-0,0486;0,2487;0,4184;9,4853
0,4947;0,1774;-0,1616;0,5499;9,5447
0,0547;-0,0454;1,5261;1,5278;9,6067
0,3854;-0,0315;1,4446;1,4955;9,6676
0,5933;-0,1713;-0,0090;0,6176;9,7253
0,2978;-0,0583;0,0161;0,3038;9,7854
0,8035;0,0876;-0,0151;0,8084;9,8454
0,4010;-0,1652;1,5554;1,6148;9,9056
0,3717;-0,1281;0,9987;1,0733;9,9671
0,6241;0,0483;0,4476;0,7695;10,0265
-0,0088;-0,1377;0,4850;0,5042;10,0862
0,3148;-0,1179;1,3853;1,4255;10,1465
0,1713;0,0815;1,8234;1,8333;10,2060
0,2387;0,1377;-0,3258;0,4267;10,2682
-0,0329;-0,0830;0,8518;0,8565;10,3260
0,3402;-0,1843;0,9333;1,0103;10,3865
0,1913;0,0686;1,4761;1,4900;10,4460
0,1630;-0,0444;1,0819;1,0951;10,5059
0,1350;-0,0727;0,9753;0,9873;10,5657
0,2819;0,1974;0,8069;0,8772;10,6272
0,3031;0,2126;0,7556;0,8415;10,6874
0,2992;0,0657;0,7261;0,7881;10,7628
0,2189;-0,0691;1,0263;1,0517;10,8137
0,2326;0,0266;0,9907;1,0179;10,8656
0,2309;-0,1067;0,9389;0,9728;10,9256
0,1779;-0,0971;0,9731;0,9940;10,9852
0,1452;-0,0893;1,1032;1,1163;11,0461
0,1486;-0,0718;0,8903;0,9055;11,1058
0,0876;0,0090;0,9001;0,9044;11,1651
0,1589;-0,0120;1,0963;1,1079;11,2268
0,1723;-0,0713;1,5137;1,5251;11,2853
-0,1638;0,0286;0,9890;1,0028;11,3454
0,1438;0,0249;0,5906;0,6084;11,4060
0,1252;0,0293;0,3368;0,3605;11,4652
0,5672;-0,2109;2,2120;2,2932;11,5253
0,0503;-0,0710;1,3138;1,3167;11,5852
-0,0559;-0,0185;0,9396;0,9415;11,6453
0,1599;0,0554;0,1791;0,2464;11,7053
0,0771;-0,0408;-0,2524;0,2670;11,7653
-0,0991;-0,1172;1,4617;1,4697;11,8253
0,5282;-0,2016;1,9847;2,0637;11,8855
-0,0100;0,1677;0,2511;0,3021;11,9454
0,2416;0,0254;0,5501;0,6014;12,0051
0,0576;-0,0810;0,3109;0,3264;12,0651
0,4281;-0,1125;2,1248;2,1704;12,1251
0,0244;0,0124;2,1180;2,1182;12,1851
0,2924;0,0459;-0,1318;0,3240;12,2452
0,0952;0,0288;0,6934;0,7005;12,3050
0,4667;-0,2140;3,8836;3,9173;12,3652
0,2304;-0,0376;1,5840;1,6011;12,4250
0,1215;0,0659;0,6524;0,6669;12,4852
0,2751;0,0225;0,4134;0,4971;12,5451
-0,0264;-0,0703;-0,0161;0,0768;12,6050
0,0032;-0,1154;1,8117;1,8154;12,6651
0,0964;-0,0688;2,0270;2,0304;12,7250
-0,2072;0,1145;-0,4959;0,5495;12,7849
0,1987;-0,0334;0,3048;0,3654;12,8451
-1,4168;-0,1503;4,0124;4,2579;12,9049
0,0969;-0,1189;1,3990;1,4074;12,9650
0,0437;0,0342;1,2386;1,2399;13,0250
0,3898;0,0264;0,3644;0,5342;13,0846
0,0530;-0,0124;-0,0383;0,0665;13,1449
0,3302;-0,0049;1,6355;1,6685;13,2048
0,4156;-0,1001;2,1217;2,1643;13,2646
-0,1535;0,1028;-0,0491;0,1911;13,3248
0,3283;0,0146;0,4125;0,5274;13,3848
-0,5848;0,1398;1,1793;1,3238;13,4450
0,2045;-0,1809;1,4039;1,4302;13,5048
-0,2467;-0,1176;1,6272;1,6500;13,5648
0,3331;-0,0249;-0,0344;0,3358;13,6247
0,0847;0,0203;0,0898;0,1251;13,6849
0,5714;-0,0754;1,8615;1,9487;13,7456
0,3895;-0,0486;1,3458;1,4019;13,8049
-0,0120;0,2106;0,9907;1,0129;13,8647
0,1840;0,0464;0,5106;0,5447;13,9247
-0,0188;-0,0305;-0,1987;0,2019;13,9847
0,0622;-0,0286;2,3313;2,3323;14,0451
0,5213;-0,1574;2,0538;2,1248;14,1067
-0,1003;0,1008;-0,1486;0,2057;14,1720
0,1291;-0,0495;0,5211;0,5391;14,2253
0,3314;0,0376;3,8125;3,8271;14,2867
0,1662;-0,1189;1,3140;1,3298;14,3459
0,5938;-0,0561;1,8302;1,9250;14,4090
0,5040;-0,0566;0,3663;0,6256;14,4713
0,1142;0,0037;-0,0095;0,1147;14,5260
0,1777;-0,1735;2,9891;2,9994;14,5860
0,4698;-0,1381;1,6262;1,6983;14,6484
-0,0012;0,1782;0,6578;0,6815;14,7063
0,2463;0,0276;0,5245;0,5801;14,7664
-0,1696;0,1933;0,0810;0,2696;14,8283
0,3632;-0,1247;1,7299;1,7720;14,8859
0,1635;-0,0329;2,1873;2,1937;14,9468
0,0022;0,1196;-0,0378;0,1255;15,0062
0,3632;0,0100;0,0420;0,3657;15,0665
1,2164;-0,2241;1,8554;2,2299;15,1263
0,1352;-0,0642;1,2850;1,2937;15,1857
-0,1242;0,3080;1,5227;1,5585;15,2461
0,3529;-0,0388;0,1574;0,3884;15,3058
0,0793;-0,0935;-0,0124;0,1232;15,3653
0,1330;0,0054;-0,1794;0,2234;15,4267
0,1816;-0,2487;1,7124;1,7398;15,4859
0,1359;0,0725;0,4437;0,4697;15,5458
-0,0117;0,0342;0,3390;0,3409;15,6060
0,0088;-0,0847;1,0156;1,0191;15,6655
0,1894;-0,1042;1,6411;1,6553;15,7264
0,3105;-0,0827;1,9508;1,9771;15,7857
0,2504;0,0722;0,1193;0,2867;15,8467
0,1684;0,0600;0,2860;0,3373;15,9063
1,1371;-0,2084;0,7412;1,3733;15,9669
0,2814;-0,1108;1,5532;1,5824;16,0257
-0,0183;0,1564;1,0151;1,0272;16,0857
0,2492;0,0112;0,3424;0,4236;16,1451
-0,0783;-0,0308;-0,1718;0,1913;16,2062
0,3873;-0,1955;2,4804;2,5181;16,2655
0,2502;-0,0805;1,9686;1,9861;16,3255
0,0034;0,1174;-0,0139;0,1183;16,3858
0,1457;0,0547;0,2731;0,3143;16,4570
0,7368;-0,2016;3,9902;4,0627;16,5059
0,1787;-0,0566;1,4624;1,4744;16,5660
0,0615;0,0578;0,9924;0,9960;16,6278
0,4420;0,0664;0,2743;0,5244;16,6865
-3,7520;-0,1716;3,1321;4,8905;16,7467
0,1001;-0,0344;1,5225;1,5261;16,8077
0,0115;-0,1142;1,9681;1,9715;16,8669
0,1062;0,1318;-0,3139;0,3566;16,9289
0,3785;-0,0791;0,1845;0,4285;16,9916
0,6851;0,0378;3,2937;3,3644;17,0468
0,1613;-0,0430;1,4102;1,4201;17,1066
-0,0298;0,0635;0,7080;0,7115;17,1664
0,2868;0,0337;0,4430;0,5288;17,2262
-0,5474;0,0461;0,4857;0,7333;17,2865
0,3012;-0,1294;1,6972;1,7286;17,3467
-0,0822;0,0793;2,0899;2,0930;17,4102
1,0351;-0,1918;-0,0181;1,0529;17,4661
0,0596;0,0234;-0,0281;0,0699;17,5260
0,4893;-0,2326;4,3253;4,3591;17,5928
0,2145;-0,0264;1,3731;1,3900;17,6463
-0,4601;0,2736;0,5177;0,7446;17,7065
0,1032;-0,0054;0,4994;0,5099;17,7657
-0,5599;0,0081;0,5599;0,7918;17,8268
0,0093;-0,0149;1,2894;1,2895;17,8871
0,3849;0,0005;2,3542;2,3855;17,9482
0,0857;0,0803;-0,4205;0,4366;18,0063
0,1259;-0,0371;0,4552;0,4737;18,0688
0,3878;-0,1601;2,8763;2,9067;18,1259
0,3468;-0,0229;1,3236;1,3684;18,1872
-0,1179;0,1623;1,3499;1,3647;18,2490
0,3180;0,0237;-0,0732;0,3272;18,3053
0,0017;0,0264;0,4981;0,4988;18,3670
0,4442;-0,3166;3,7845;3,8236;18,4340
0,3434;-0,0771;1,5054;1,5460;18,4860
0,0535;0,0412;0,5958;0,5996;18,5488
0,1521;-0,0090;0,4659;0,4902;18,6060
0,0142;0,0100;0,8254;0,8256;18,6663
0,2094;-0,0808;1,4734;1,4904;18,7367
-0,2018;0,0383;1,7219;1,7341;18,7877
0,5374;0,0290;-0,4071;0,6748;18,8474
0,1992;0,0212;0,1772;0,2674;18,9074
0,1862;-0,0774;0,4718;0,5131;18,9668
0,1857;-0,0317;1,3026;1,3161;19,0267
-0,0264;0,1467;1,0229;1,0337;19,0859
0,2487;0,0156;0,4959;0,5550;19,1464
-0,1733;0,0085;-0,1572;0,2341;19,2059
0,3534;-0,0393;2,5410;2,5657;19,2657
0,3190;-0,0366;1,8739;1,9012;19,3284
0,0117;-0,0971;-0,2045;0,2267;19,3860
0,1713;-0,0378;0,4649;0,4969;19,4464
0,1728;-0,0312;1,6321;1,6415;19,5091
0,1748;-0,1152;1,3746;1,3904;19,5732
0,0901;0,2089;1,4861;1,5034;19,6255
0,1062;0,0081;-0,1984;0,2252;19,6860
-0,9455;-0,0205;1,1747;1,5081;19,7476
-0,0093;-0,1384;1,5249;1,5312;19,8061
0,2914;-0,1494;1,8041;1,8336;19,8668
0,2353;-0,0247;0,1928;0,3052;19,9270
0,1718;-0,0188;0,5291;0,5566;19,9900
-0,1247;0,0144;0,9145;0,9231;20,0489
0,0703;-0,0066;1,3389;1,3408;20,1063
-0,2035;0,1713;1,8129;1,8323;20,1665
1,0153;-0,1298;-0,2597;1,0560;20,2260
0,1608;0,0935;0,2392;0,3030;20,2859
0,3187;-0,1652;1,3031;1,3516;20,3462
0,2182;-0,0090;1,2945;1,3128;20,4086
-0,1240;0,1181;1,0993;1,1125;20,4652
0,1123;0,0395;0,5184;0,5319;20,5256
-0,1403;-0,0412;-0,3183;0,3503;20,5878
0,5670;0,0574;1,9205;2,0033;20,6463
0,3868;0,0085;2,0084;2,0453;20,7057
0,0771;-0,0544;0,0376;0,1016;20,7681
0,1181;-0,0354;0,5418;0,5557;20,8254
-0,0088;-0,0344;0,8330;0,8337;20,8859
0,1440;-0,0403;1,4034;1,4113;20,9612
-0,3712;0,0434;0,6643;0,7623;21,0101
0,0024;0,0239;0,7520;0,7523;21,0662
0,0308;-0,0808;0,7156;0,7208;21,1274
0,2187;-0,0964;1,2184;1,2416;21,1851
0,1296;-0,0535;0,9919;1,0017;21,2456
0,3590;-0,1999;1,5017;1,5569;21,3053
0,1381;-0,1435;2,6283;2,6359;21,3664
-0,0117;-0,0493;0,3134;0,3174;21,4287
0,1979;0,1545;-0,0117;0,2514;21,4902
-0,3019;-0,0625;1,4627;1,4948;21,5456
-0,3502;-0,0659;1,5249;1,5660;21,6055
-0,6365;0,0239;-0,7337;0,9716;21,6674
0,1518;0,0576;0,5640;0,5869;21,7263
-1,7341;-0,2443;1,9720;2,6374;21,7863
0,2760;-0,0791;2,2901;2,3080;21,8478
0,4906;-0,2162;2,5602;2,6158;21,9062
0,5626;0,0815;0,5128;0,7656;21,9701
0,1918;0,0639;0,2978;0,3599;22,0270
0,8476;-0,0696;0,4896;0,9813;22,0872
0,2616;-0,1433;1,3865;1,4183;22,1463
-0,0268;0,1203;1,1830;1,1894;22,2068
0,3907;0,0505;0,3207;0,5080;22,2664
-0,0798;-0,0649;-0,1250;0,1619;22,3294
0,1699;-0,0425;2,8111;2,8166;22,3861
0,4505;-0,1633;1,9877;2,0446;22,4457
-0,1540;0,1960;-0,0525;0,2547;22,5067
0,1135;0,0339;0,5970;0,6086;22,5701
0,1589;0,0151;1,3162;1,3259;22,6256
0,0076;-0,0954;1,5091;1,5121;22,6864
0,6229;0,1108;2,3957;2,4779;22,7487
0,2870;-0,1037;0,0264;0,3063;22,8064
-0,0303;-0,0574;0,2675;0,2752;22,8662
-0,0908;-0,0251;-0,8542;0,8594;22,9259
0,3700;-0,1174;2,2991;2,3316;22,9874
-0,1389;0,1252;-0,4496;0,4869;23,0484
0,6507;-0,0805;0,2980;0,7202;23,1062
0,2343;0,0137;0,8655;0,8967;23,1670
-0,0381;-0,1235;1,3333;1,3396;23,2261
0,0491;-0,0622;1,6809;1,6827;23,2856
0,1938;0,0754;0,2902;0,3570;23,3469
0,3197;-0,1228;0,2277;0,4113;23,4130
0,4918;0,0166;0,7127;0,8660;23,4678
0,2485;-0,0051;1,3358;1,3587;23,5262
0,2553;0,0112;1,0817;1,1115;23,5880
0,0715;-0,0278;0,8325;0,8360;23,6507
0,0962;-0,1818;0,6883;0,7183;23,7061
0,0149;-0,0210;0,2389;0,2403;23,7675
0,3449;-0,1647;2,6630;2,6903;23,8316
0,5755;-0,0620;1,8000;1,8908;23,8903
-0,1909;0,1640;0,7085;0,7519;23,9508
0,1391;-0,0071;0,4886;0,5081;24,0058
-0,3002;0,0339;0,5716;0,6465;24,0665
0,0683;-0,0483;0,5950;0,6009;24,1255
0,8347;0,0247;2,5651;2,6976;24,1857
0,5255;-0,0761;-0,3666;0,6452;24,2458
0,2363;-0,0117;0,4093;0,4727;24,3108
0,1174;0,0164;0,7764;0,7854;24,3661
0,1196;-0,0698;1,4083;1,4150;24,4265
0,2673;-0,3170;1,6377;1,6894;24,4886
0,3290;-0,0432;0,0698;0,3391;24,5454
0,1999;0,0273;0,0483;0,2075;24,6058
0,4918;-0,1779;0,7215;0,8911;24,6659
0,3236;-0,0012;1,5335;1,5672;24,7256
0,0205;0,0925;0,9948;0,9993;24,7872
0,1872;-0,0037;0,3886;0,4313;24,8457
-0,2055;0,0388;0,8162;0,8425;24,9066
0,4183;-0,2663;2,7155;2,7604;24,9730
-0,4405;0,0971;1,2089;1,2903;25,0248
0,0337;0,1062;-0,1379;0,1773;25,0853
0,2458;-0,0161;0,0439;0,2502;25,1490
0,7537;-0,0537;1,4349;1,6216;25,2077
0,3468;-0,0749;1,7365;1,7724;25,2654
0,1386;-0,0691;0,2287;0,2762;25,3269
0,2587;-0,0993;0,4842;0,5579;25,3861
-0,0632;0,1340;1,3858;1,3937;25,4466
0,0095;-0,1621;1,5008;1,5095;25,5052
-0,4823;-0,7727;0,4081;0,9981;25,5656
0,1652;0,0061;0,3058;0,3476;25,6286
0,3122;-0,0388;-0,2475;0,4002;25,6854
0,4542;0,0688;-0,8198;0,9398;25,7459
0,4520;0,0095;1,8056;1,8613;25,8093
0,3759;-0,0598;1,1229;1,1857;25,8658
0,1564;0,0098;0,6399;0,6589;25,9252
0,2821;0,0417;0,7754;0,8262;25,9853
0,7290;-0,3080;1,9772;2,1297;26,0480
-0,0210;0,1391;2,5441;2,5480;26,1049
0,8240;-0,1142;0,1042;0,8383;26,1651
0,2114;0,0032;-0,2057;0,2950;26,2250
0,3707;-0,1369;-0,0107;0,3954;26,2931
0,5665;-0,1242;1,9137;1,9997;26,3461
-0,1809;0,1193;0,1989;0,2941;26,4054
0,1267;-0,0146;0,5052;0,5211;26,4675
0,3641;-0,0383;1,1061;1,1651;26,5266
0,1028;-0,1008;1,5813;1,5878;26,5854
0,1499;-0,0327;1,5225;1,5302;26,6454
0,5408;-0,0984;0,0386;0,5511;26,7087
0,1821;-0,1140;-0,4828;0,5284;26,7674
-0,7949;0,1662;1,1503;1,4081;26,8271
0,2221;-0,1992;1,9442;1,9670;26,8865
-0,1574;0,1906;-0,5316;0,5862;26,9452
0,0964;0,1150;0,4581;0,4821;27,0049
-0,0447;-0,1269;2,7904;2,7936;27,0647
0,1189;-0,0888;1,4729;1,4804;27,1254
0,1167;-0,0293;0,9038;0,9117;27,1841
0,4649;0,0661;0,2641;0,5388;27,2445
0,4776;-0,1469;0,7969;0,9406;27,3062
0,9233;-0,3490;2,5212;2,7075;27,3647
-0,0520;-0,1325;1,5491;1,5556;27,4243
0,4828;0,0442;0,3200;0,5809;27,4846
0,0337;-0,1623;-0,0020;0,1658;27,5456
-0,5963;0,0691;0,9067;1,0874;27,6042
0,4049;-0,1301;1,2154;1,2877;27,6637
0,1562;0,0866;0,6490;0,6731;27,7256
0,0986;0,0718;1,3272;1,3328;27,7861
0,2060;0,0757;0,8686;0,8959;27,8948
0,1479;-0,0127;1,1996;1,2087;27,9053
0,3022;0,0144;0,9277;0,9758;28,0109
0,3661;0,2460;0,6560;0,7905;28,0257
0,1608;0,0881;0,9375;0,9552;28,0851
0,2550;0,0303;0,9946;1,0272;28,1436
0,1635;-0,0430;0,9233;0,9386;28,2059
0,1686;0,1569;1,0197;1,0454;28,3718
0,1435;0,0234;0,9355;0,9467;28,3755
0,2738;0,0349;0,9987;1,0362;28,4079
0,2133;-0,0056;0,9907;1,0134;28,4497
0,2133;-0,0056;0,9907;1,0134;28,5055
0,1689;0,0112;1,0241;1,0380;28,5646
0,2006;0,0781;0,9404;0,9647;28,6254
0,1730;0,0364;0,9711;0,9871;28,6855
0,1928;0,0154;1,0409;1,0588;28,7445
0,4054;0,3166;0,9299;1,0627;28,8042
0,1899;0,1726;0,8337;0,8723;28,8717
0,1899;0,1726;0,8337;0,8723;28,9468
0,1899;0,1726;0,8337;0,8723;29,0054
0,1545;0,0420;1,0978;1,1094;29,0645
0,0598;0,1164;1,1066;1,1143;29,1235
-0,0495;0,0320;0,9233;0,9252;29,1836
0,0259;0,1101;0,8237;0,8314;29,2432
0,1233;0,0085;1,1325;1,1392;29,3035
0,1071;-0,0747;1,3785;1,3847;29,3656
0,1015;-0,0781;1,5769;1,5821;29,4233
0,3324;-0,0708;0,1186;0,3600;29,4834
0,2162;-0,0539;-0,3839;0,4439;29,5437
0,0403;0,0391;1,1520;1,1534;29,6034
0,2277;-0,2043;1,9689;1,9925;29,6631
0,1599;0,1679;-0,4715;0,5254;29,7238
0,3107;-0,0395;-0,2306;0,3890;29,7833
0,3651;-0,2694;1,6845;1,7446;29,8442
0,2287;-0,1591;2,0990;2,1174;29,9040
0,0615;0,3068;-0,5865;0,6647;29,9640
0,3217;-0,0771;-0,1513;0,3638;30,0243
0,2304;-0,0005;3,0430;3,0517;30,0845
0,3934;-0,2431;1,7480;1,8081;30,1439
0,2467;0,0681;0,6582;0,7063;30,2038
0,1460;-0,0156;0,6966;0,7119;30,2639
0,0054;0,0361;0,8725;0,8733;30,3238
0,1874;0,0061;1,4075;1,4200;30,3838
-0,0405;0,0564;0,3790;0,3853;30,4437
0,2494;0,0300;0,4400;0,5067;30,5049
0,3907;0,0464;0,7976;0,8894;30,5639
0,0913;-0,1355;1,5086;1,5174;30,6237
-0,3951;0,0227;1,8066;1,8494;30,6840
0,3266;-0,0098;0,1333;0,3528;30,7437
-0,6341;-0,3156;0,8559;1,1110;30,8037
0,6873;-0,0964;2,5295;2,6230;30,8638
0,8515;-0,2385;2,4863;2,6389;30,9237
0,4227;0,0286;0,1586;0,4524;30,9837
0,0862;-0,1364;-0,3964;0,4279;31,0436
0,4513;0,1223;-0,0620;0,4716;31,1033
-0,0061;0,0659;2,0482;2,0493;31,1637
0,3939;-0,0857;-0,3532;0,5359;31,2237
0,2509;-0,0098;-0,0107;0,2513;31,2835
0,6319;0,1067;-0,4820;0,8019;31,3435
0,5714;0,0281;1,8063;1,8947;31,4036
-0,2629;-0,1108;0,1611;0,3276;31,4636
0,2028;-0,0185;0,6573;0,6881;31,5236
0,2582;0,0264;1,2977;1,3234;31,5833
0,2241;-0,0264;1,4912;1,5082;31,6434
-0,2748;0,1269;0,9367;0,9844;31,7036
0,2350;0,0264;0,4684;0,5247;31,7635
-0,0605;0,0642;0,4608;0,4692;31,8231
0,3153;-0,0483;1,6479;1,6785;31,8836
0,2214;0,0532;1,8576;1,8715;31,9435
0,2065;0,0310;0,2546;0,3292;32,0035
-0,2765;0,0432;0,2943;0,4062;32,0635
-0,1250;0,2219;0,0254;0,2559;32,1233
0,8872;-0,1010;2,8126;2,9509;32,1835
0,8535;-0,0261;0,0207;0,8541;32,2465
0,2829;0,0388;0,2136;0,3566;32,3041
1,1037;-0,0971;2,8275;3,0368;32,3645
0,1569;0,0993;1,6257;1,6363;32,4261
-0,1049;0,1172;0,6155;0,6353;32,4856
0,0925;-0,0083;0,7991;0,8044;32,5449
0,4503;0,0103;1,6477;1,7081;32,6080
0,2319;0,0735;1,1005;1,1270;32,6648
0,2436;0,0466;0,8576;0,8928;32,7249
0,2546;0,0129;1,2186;1,2450;32,7864
0,3266;0,1101;0,9638;1,0236;32,8445
0,0556;0,1218;0,7271;0,7393;32,9060
0,1272;0,0393;0,7039;0,7164;32,9644
0,1128;-0,0412;0,6619;0,6727;33,0258
0,3463;0,0095;1,0756;1,1300;33,0838
0,0688;0,0034;1,2284;1,2303;33,1438
-0,1203;0,0791;-0,0923;0,1710;33,2035
0,2467;0,0320;0,5814;0,6324;33,2659
0,4945;-0,0693;1,3939;1,4806;33,3238
0,2172;-0,0256;1,1927;1,2126;33,3855
-0,2956;0,1130;0,5811;0,6617;33,4435
0,2214;-0,0120;0,4308;0,4845;33,5042
0,2270;-0,0920;1,3109;1,3336;33,5679
0,2531;-0,0896;1,8154;1,8351;33,6255
0,1872;-0,0515;0,8240;0,8465;33,6849
0,1994;0,0229;0,7014;0,7296;33,7451
0,1552;-0,0869;1,0236;1,0389;33,8278
0,2406;0,0969;0,7820;0,8239;33,9286
0,1884;-0,0425;1,0246;1,0426;33,9367
0,3109;0,0264;0,9970;1,0447;33,9845
0,1867;0,0393;1,0475;1,0648;34,0593
0,1713;-0,0471;0,9826;0,9985;34,1057
0,1140;0,1342;1,1237;1,1374;34,1661
0,1579;-0,0134;0,9233;0,9368;34,2244
0,1521;0,0181;0,9975;1,0092;34,2850
0,1179;-0,0063;1,0046;1,0115;34,3461
0,1464;-0,0041;1,0016;1,0123;34,4143
0,1640;-0,0015;1,0109;1,0241;34,4654
0,0840;-0,0596;1,0131;1,0183;34,5238
0,1152;0,1176;0,9914;1,0050;34,5832
0,2262;0,0586;0,9760;1,0036;34,6458
0,2492;0,2262;0,9223;0,9818;34,7060
0,2492;0,2262;0,9223;0,9818;34,7695
0,2197;-0,0159;0,9907;1,0148;34,8243
0,2038;-0,0081;0,9907;1,0114;34,8836
0,1787;-0,0051;1,0392;1,0545;34,9437
0,1308;-0,0637;0,9907;1,0013;35,0044
0,2094;-0,0049;0,7683;0,7964;35,0630
0,1489;-0,1286;0,8347;0,8576;35,1233
0,0791;-0,1008;1,1820;1,1889;35,1827
0,3161;-0,2575;1,4615;1,5173;35,2430
0,2970;-0,1325;1,1969;1,2403;35,3035
0,1723;0,0342;0,5062;0,5358;35,3636
0,2699;-0,0530;-0,3278;0,4279;35,4231
0,1611;0,0444;1,3419;1,3522;35,4830
0,1582;-0,0813;1,3599;1,3715;35,5432
-0,4830;0,2409;-0,1518;0,5607;35,6030
0,2856;-0,0325;0,2526;0,3826;35,6638
0,1250;-0,0061;1,0915;1,0986;35,7235
0,1572;-0,0349;1,3670;1,3765;35,7838
0,5325;-0,0342;1,3370;1,4396;35,8437
0,2097;-0,0056;0,6456;0,6788;35,9037
-0,3903;-0,1233;0,4964;0,6434;35,9636
0,5374;0,0703;1,8525;1,9301;36,0234
0,0822;-0,0044;1,3819;1,3843;36,0841
0,1926;0,0024;-0,1113;0,2224;36,1436
0,1169;0,0166;0,6448;0,6555;36,2034
0,9047;-0,1294;2,9498;3,0881;36,2642
0,1391;0,0581;1,3355;1,3440;36,3244
0,0696;0,1167;0,4274;0,4484;36,3829
0,1091;-0,0473;0,7910;0,7999;36,4455
0,1870;-0,1840;0,9826;1,0170;36,5043
0,1460;-0,0854;1,2882;1,2992;36,5648
0,1994;0,0434;0,8874;0,9106;36,6244
0,1572;0,0090;0,8120;0,8271;36,6896
0,3973;-0,0188;0,9067;0,9901;36,7807
0,3532;-0,0459;1,0856;1,1425;36,8041
0,4354;0,0469;0,8545;0,9602;36,8657
0,3095;-0,0217;1,1310;1,1728;36,9262
0,2990;0,0827;0,8179;0,8747;36,9840
0,3258;0,0264;1,2647;1,3063;37,0450
0,4422;0,0508;0,7456;0,8684;37,1064
0,5267;-0,0100;0,7739;0,9362;37,1649
0,6429;-0,0732;0,8166;1,0419;37,2248
0,7837;-0,0181;0,6392;1,0115;37,2851
0,8381;-0,0271;0,5118;0,9824;37,3449
0,7808;0,0012;0,6302;1,0034;37,4062
0,8245;-0,0264;0,5369;0,9842;37,4674
0,7942;-0,0434;0,6575;1,0320;37,5278
0,8027;-0,0505;0,6211;1,0162;37,5851
0,6780;0,0630;0,6614;0,9493;37,6460
0,6695;-0,0005;0,7337;0,9932;37,7080
0,7781;0,0100;0,7651;1,0913;37,7675
0,6060;0,0742;0,7827;0,9927;37,8280
0,5604;0,0151;0,8450;1,0140;37,8846
0,5174;-0,0295;0,8091;0,9608;37,9548
0,5174;-0,0295;0,8091;0,9608;38,0072
0,5506;0,1767;0,9423;1,1056;38,0664
0,3439;-0,0837;1,5051;1,5462;38,1268
0,4676;0,0044;0,9914;1,0962;38,1867
0,4498;0,1103;0,8157;0,9380;38,2459
0,3261;0,0459;0,6985;0,7722;38,3074
0,0437;-0,0049;0,9738;0,9748;38,3675
-0,0229;0,0488;0,7556;0,7575;38,4282
0,0369;0,0549;1,0368;1,0389;38,4862
0,1425;0,0339;0,9265;0,9380;38,5473
0,1469;0,0369;1,0097;1,0210;38,6066
0,1416;0,0112;1,0368;1,0465;38,6669
0,0625;0,1045;1,0285;1,0357;38,7271
0,1186;0,0903;0,9438;0,9555;38,7883
0,1452;0,1562;1,1903;1,2093;38,8470
0,1669;0,1750;1,1100;1,1360;38,9070
0,1660;0,1154;0,8850;0,9078;38,9676
0,1628;0,0827;0,8445;0,8640;39,0265
0,1879;0,1101;0,9807;1,0045;39,0868
0,1377;0,0932;1,0807;1,0934;39,1478
0,1159;0,0222;1,0068;1,0137;39,2071
0,1206;0,0947;0,9514;0,9636;39,2679
0,1245;0,0515;0,9262;0,9360;39,3280
0,0495;0,0085;1,0090;1,0102;39,3872
0,0918;0,0342;1,0192;1,0239;39,4495
0,1411;0,1020;0,9658;0,9813;39,5082
0,1389;0,0454;1,0134;1,0238;39,5680
0,2199;0,3117;0,9321;1,0071;39,6286
0,2021;0,1201;0,9448;0,9736;39,6876
0,2270;0,0757;0,8562;0,8890;39,7479
0,2507;0,1316;0,9650;1,0057;39,8084
0,1992;0,0630;1,0185;1,0397;39,8672
0,2065;0,0410;0,9807;1,0030;39,9276
0,1948;0,0666;0,9990;1,0199;39,9871
0,1479;0,1252;0,9084;0,9288;40,0479
0,1494;0,0447;0,9892;1,0014;40,1082
0,1784;0,0190;0,9946;1,0106;40,1675
0,2738;0,1355;0,9030;0,9533;40,2283
0,2865;0,1030;1,1617;1,2010;40,2877
0,2485;0,1843;0,9392;0,9888;40,3485
0,2580;0,0564;0,9184;0,9556;40,4127
0,3083;0,1325;0,9387;0,9968;40,4665
0,2367;0,0239;0,9582;0,9873;40,5255
0,2604;0,0932;0,8476;0,8916;40,5851
0,1684;0,0012;1,0260;1,0398;40,6457
0,1948;0,0774;1,0297;1,0508;40,7053
0,2106;0,0820;0,9560;0,9824;40,7688
0,1979;0,0117;0,9631;0,9833;40,8254
0,1777;-0,0156;1,0600;1,0749;40,8850
0,1145;-0,1467;1,0426;1,0591;40,9456
0,0154;-0,0805;0,8803;0,8842;41,0057
-0,0039;0,0720;0,9594;0,9621;41,0656
-0,1496;-0,0539;0,9511;0,9643;41,1251
0,1128;-0,0554;1,0199;1,0277;41,1855
0,1401;-0,1340;1,0846;1,1018;41,2455
0,1828;-0,1049;1,4336;1,4490;41,3053
-0,0254;-0,0473;1,0314;1,0328;41,3653
0,1740;-0,0544;0,3043;0,3548;41,4254
0,0178;-0,0718;0,3478;0,3556;41,4852
0,4130;-0,1093;1,5069;1,5662;41,5450
0,2079;-0,1899;2,1204;2,1391;41,6053
-0,0112;0,1316;0,0561;0,1435;41,6651
0,1882;-0,0142;0,3266;0,3772;41,7256
-0,0600;0,0874;1,5581;1,5617;41,7851
0,0954;-0,1267;1,3492;1,3585;41,8452
0,3561;-0,0361;0,8530;0,9251;41,9051
0,0290;-0,0820;0,4701;0,4781;41,9650
-0,1215;-0,0647;0,9894;0,9990;42,0250
-0,2619;-0,0671;2,2288;2,2451;42,0848
0,3478;0,0488;1,4527;1,4945;42,1451
0,2538;0,0105;0,1669;0,3040;42,2050
0,0107;0,0381;0,5743;0,5756;42,2650
0,5150;-0,1125;1,0536;1,1781;42,3250
0,1686;-0,0068;1,3402;1,3507;42,3850
0,0195;0,1325;0,9565;0,9658;42,4450
0,1745;-0,0093;0,5653;0,5917;42,5049
0,0559;-0,0520;0,0930;0,1203;42,5661
0,0803;-0,0959;1,9894;1,9933;42,6251
0,2829;-0,1545;1,7424;1,7719;42,6848
-0,1916;0,1686;-0,0859;0,2693;42,7449
0,0142;0,0168;0,6070;0,6074;42,8048
0,2260;-0,0691;1,2089;1,2317;42,8650
0,0278;-0,0281;1,3624;1,3629;42,9248
0,1118;0,0893;1,3782;1,3856;42,9849
0,3214;-0,0200;0,3859;0,5026;43,0449
0,0649;0,0288;0,3761;0,3828;43,1049
0,3231;0,0256;1,5269;1,5609;43,1650
0,3034;-0,1235;1,7548;1,7851;43,2248
0,0915;0,1769;0,6138;0,6453;43,2848
0,1943;0,0290;0,5011;0,5382;43,3451
-0,5794;-0,0032;1,1534;1,2908;43,4048
0,3270;-0,1479;1,9174;1,9507;43,4647
0,0681;0,0300;1,8915;1,8930;43,5247
0,5328;0,0478;0,0151;0,5352;43,5847
0,2482;0,0879;0,4147;0,4912;43,6449
0,1633;0,0539;1,1503;1,1631;43,7064
0,0552;0,0088;1,4763;1,4774;43,7663
0,0037;0,1638;0,9836;0,9971;43,8267
0,3497;-0,0168;0,4049;0,5353;43,8857
-0,0373;-0,0539;0,2921;0,2994;43,9462
-0,1228;-0,1769;2,6730;2,6817;44,0104
0,2214;-0,0974;1,8107;1,8268;44,0663
-0,0513;0,1335;-0,6697;0,6848;44,1307
0,1040;-0,0559;0,4332;0,4490;44,1862
0,2419;0,0415;1,0441;1,0726;44,2467
0,1777;-0,0752;1,4405;1,4533;44,3067
-0,0164;0,0417;1,1842;1,1850;44,3688
0,4662;0,0813;0,3849;0,6100;44,4259
0,0632;-0,1091;-0,2062;0,2417;44,4856
0,2814;-0,1396;1,6565;1,6860;44,5477
0,3458;-0,2172;1,9474;1,9898;44,6054
0,1064;0,1513;0,3844;0,4266;44,6661
0,2302;0,1006;0,4027;0,4746;44,7302
0,0639;0,0188;0,6890;0,6922;44,7852
0,1447;-0,0864;1,6257;1,6344;44,8460
0,1032;0,0022;1,0671;1,0720;44,9082
0,2748;0,1369;-0,0198;0,3077;44,9663
0,0993;-0,0347;0,4837;0,4950;45,0255
0,2485;-0,2136;1,4373;1,4742;45,0867
-0,0991;0,1438;1,3077;1,3193;45,1473
0,5362;0,0095;0,2975;0,6133;45,2059
-0,9553;0,1594;1,3216;1,6385;45,2659
-0,1279;-0,0517;1,6552;1,6610;45,3255
0,7954;-0,2375;2,3974;2,5371;45,3857
0,4134;0,0620;0,2819;0,5042;45,4485
0,1579;-0,0649;0,0988;0,1973;45,5059
0,2921;-0,0586;1,4224;1,4533;45,5656
0,2441;-0,0632;2,0401;2,0557;45,6256
0,8140;0,0098;-0,2160;0,8422;45,6854
-0,2192;0,0088;0,3910;0,4483;45,7462
0,3785;-0,1350;1,1937;1,2596;45,8056
0,0522;0,0266;1,5308;1,5319;45,8657
0,1511;0,0393;0,4840;0,5085;45,9323
0,2192;0,0105;0,5150;0,5598;45,9875
0,0120;-0,0688;1,2350;1,2369;46,0466
0,5467;-0,0085;1,6099;1,7002;46,1058
0,1460;0,0176;1,5496;1,5565;46,1652
0,3661;0,1154;0,5401;0,6626;46,2257
0,1433;-0,0505;0,1970;0,2487;46,2856
-0,2160;0,0459;1,1120;1,1337;46,3452
0,4781;-0,1230;1,9542;2,0156;46,4048
-0,1301;0,2416;0,1506;0,3130;46,4649
0,2863;-0,0134;0,4139;0,5035;46,5252
-0,1957;0,0020;0,9965;1,0156;46,5853
0,2841;-0,0364;1,6399;1,6647;46,6454
-0,1579;0,0183;1,5339;1,5422;46,7080
0,3502;-0,0613;0,2311;0,4241;46,7647
0,1142;0,0298;0,2765;0,3007;46,8266
0,1955;-0,0666;0,8630;0,8874;46,8848
0,0049;0,0161;1,7878;1,7879;46,9482
0,2812;0,0098;1,0810;1,1170;47,0057
0,2577;0,0649;0,9394;0,9763;47,0653
0,1957;-0,0283;0,9743;0,9942;47,2094
0,2489;0,0632;0,8596;0,8971;47,2139
0,1748;-0,1364;1,2074;1,2276;47,2793
0,2387;-0,0569;1,0038;1,0334;47,3078
0,1337;0,0339;0,9907;1,0002;47,3654
0,3424;-0,0020;1,0712;1,1246;47,4272
0,1723;0,0493;1,0304;1,0459;47,4867
0,0637;0,0776;0,8723;0,8780;47,5475
0,2265;0,0444;1,1373;1,1605;47,6076
0,2497;0,0771;0,9968;1,0304;47,6665
0,2755;0,0278;0,9353;0,9754;47,7264
0,3097;-0,0154;0,9448;0,9944;47,7885
0,2426;-0,0986;1,1242;1,1543;47,8456
0,6851;0,5535;0,9933;1,3276;47,9059
0,3917;0,2309;1,0729;1,1653;47,9660
0,3917;0,2309;1,0729;1,1653;48,0461
0,4476;0,1579;0,7105;0,8544;48,1053
0,3495;0,0398;1,0192;1,0782;48,1648
0,2548;-0,0754;1,0221;1,0561;48,2247
0,2175;-0,0212;1,0097;1,0331;48,2849
0,2682;0,0095;1,0448;1,0788;48,3449
0,2114;-0,0769;0,8943;0,9221;48,4054
0,0386;-0,0891;0,8762;0,8816;48,4649
0,1967;0,0054;0,9423;0,9627;48,5249
0,3224;-0,1333;1,1078;1,1614;48,5850
0,1181;-0,1179;1,2084;1,2198;48,6448
-0,1169;0,2201;-0,4347;0,5011;48,7053
0,0293;-0,0676;0,7339;0,7376;48,7648
-0,0700;-0,1545;0,8022;0,8200;48,8249
0,2289;0,0225;1,6055;1,6219;48,8849
0,3695;0,1779;1,0077;1,0880;48,9455
0,1774;0,0647;0,8677;0,8880;49,0054
0,0857;0,0193;0,8352;0,8398;49,0657
0,2241;-0,0439;1,6167;1,6327;49,1255
0,2287;0,0591;1,7407;1,7566;49,1853
-0,1403;0,1494;-0,3837;0,4350;49,2453
0,0183;-0,0290;0,8266;0,8274;49,3054
0,0354;0,0620;0,3097;0,3178;49,3653
0,1679;0,1081;1,3924;1,4066;49,4254
-0,4283;0,0378;0,8176;0,9238;49,4853
0,2831;-0,0002;0,7173;0,7712;49,5454
0,1372;-0,0813;0,1521;0,2203;49,6053
0,4210;0,0732;0,7249;0,8415;49,6654
-0,1994;0,1047;1,9220;1,9352;49,7255
0,2721;0,1713;-0,1935;0,3753;49,7884
0,1286;0,0281;0,5745;0,5894;49,8463
-0,1701;0,1533;0,7219;0,7574;49,9056
0,0459;0,0347;1,2950;1,2963;49,9650
0,5047;0,0774;1,2455;1,3461;50,0254
0,1113;0,0090;0,7017;0,7105;50,0852
-0,2651;0,0337;0,9743;1,0103;50,1449
0,4808;-0,0051;2,2388;2,2899;50,2051
-0,7241;-0,2072;0,5509;0,9331;50,2651
0,3334;-0,0190;0,5250;0,6222;50,3252
-0,0232;-0,1643;-0,1447;0,2201;50,3851
-0,3412;-0,0488;1,4258;1,4669;50,4450
-0,4032;0,0295;0,9894;1,0688;50,5050
-0,2267;0,1369;-1,0229;1,0566;50,5651
0,1789;0,0303;0,2782;0,3322;50,6251
-0,1601;-0,0466;2,0255;2,0323;50,6850
0,1579;-0,0168;1,5166;1,5249;50,7451
0,4432;0,0757;1,1588;1,2430;50,8050
0,2812;0,0124;0,4886;0,5639;50,8649
0,2067;0,0581;0,8547;0,8813;50,9251
0,2121;-0,1113;1,5696;1,5878;50,9852
-0,1542;0,3131;2,5414;2,5653;51,0449
0,4955;-0,0286;-0,2829;0,5712;51,1051
0,1787;-0,0449;-0,2287;0,2937;51,1650
-0,1174;0,0837;-0,2953;0,3286;51,2249
0,2995;-0,0586;1,9686;1,9921;51,2848
0,2865;-0,0700;0,2550;0,3899;51,3463
0,1569;-0,0056;0,3593;0,3921;51,4062
0,1076;0,0735;0,8862;0,8957;51,4669
0,1047;-0,0403;1,2694;1,2743;51,5261
0,4640;0,0884;3,3339;3,3672;51,5862
0,1716;-0,0142;0,4864;0,5160;51,6471
0,0151;-0,0737;0,1528;0,1703;51,7063
0,1106;0,0369;0,3061;0,3275;51,7666
-0,1474;0,0010;1,1117;1,1214;51,8284
-0,1755;0,0144;-0,8113;0,8302;51,8875
0,2309;-0,1247;0,4557;0,5258;51,9465
-0,3058;0,0005;2,9727;2,9884;52,0095
0,0481;-0,0481;1,4029;1,4045;52,0713
-0,0085;0,0373;1,3975;1,3980;52,1263
0,2529;-0,0073;0,4937;0,5548;52,1860
-0,0715;-0,0351;0,5504;0,5561;52,2461
0,5482;-0,0027;1,9935;2,0675;52,3090
-0,8947;-0,1555;0,2138;0,9330;52,3670
0,1686;0,1611;-0,1816;0,2956;52,4263
0,1523;-0,0432;0,3893;0,4202;52,4860
0,1760;0,0481;1,0790;1,0943;52,5458
0,0500;0,0085;1,1822;1,1833;52,6059
0,3942;0,0522;1,0361;1,1097;52,6666
0,1457;-0,0268;0,7237;0,7387;52,7258
-0,1994;0,0596;1,0434;1,0639;52,7859
0,6748;-0,0635;2,1082;2,2145;52,8460
-0,0161;0,0081;1,6338;1,6339;52,9058
0,2175;0,0459;-0,4564;0,5076;52,9686
0,1816;-0,0893;0,2685;0,3362;53,0314
0,9933;-0,0539;2,3530;2,5547;53,0853
0,3022;-0,1291;1,5613;1,5955;53,1457
0,5423;-0,0805;1,2706;1,3838;53,2063
-0,0879;0,0088;0,4093;0,4187;53,2660
-0,3441;0,0029;0,8035;0,8741;53,3254
0,2126;0,0744;1,2125;1,2333;53,3885
0,0727;0,1704;2,1812;2,1891;53,4492
0,3327;-0,0068;0,6895;0,7656;53,5055
-0,0464;-0,0539;0,3527;0,3598;53,5679
-0,3283;-0,0205;0,6905;0,7648;53,6264
-0,0776;-0,0700;1,3580;1,3620;53,6858
0,8655;0,0083;-0,3341;0,9277;53,7489
0,1923;0,0386;0,6043;0,6353;53,8056
0,0996;-0,0564;1,0292;1,0356;53,8677
0,1416;-0,0383;1,1849;1,1940;53,9319
-0,4501;0,2011;1,1412;1,2432;53,9857
0,2336;-0,0151;0,5792;0,6247;54,0457
-0,0054;0,0544;0,1408;0,1511;54,1071
-0,2060;-0,0962;1,2425;1,2632;54,1681
-0,2546;0,0193;1,7368;1,7554;54,2254
0,1843;0,3095;-0,5692;0,6736;54,2853
-0,0430;-0,0142;0,6063;0,6079;54,3460
0,9155;-0,1162;2,6261;2,7836;54,4092
-0,2485;0,0095;1,4173;1,4389;54,4673
-0,2978;0,5164;-0,9750;1,1428;54,5257
0,4422;-0,0976;0,0576;0,4565;54,5887
0,1657;0,0354;1,0834;1,0966;54,6462
0,2145;0,0266;1,3795;1,3963;54,7055
-0,3817;0,0132;0,4127;0,5623;54,7657
0,1269;-0,0212;0,6133;0,6267;54,8254
0,0247;0,0447;0,9584;0,9598;54,8856
0,1577;-0,0281;1,4356;1,4445;54,9457
-0,8247;-0,0110;0,8594;1,1911;55,0082
0,3249;-0,0603;0,4239;0,5375;55,0655
-0,0447;0,0283;0,2836;0,2885;55,1254
-0,0373;-0,0593;1,2191;1,2211;55,1882
1,3055;-0,2402;3,2143;3,4776;55,2454
0,4940;0,0749;0,1611;0,5250;55,3058
-0,4952;-0,0200;0,9868;1,1042;55,3680
0,2533;0,0046;2,0087;2,0246;55,4252
0,7932;0,0347;3,0101;3,1130;55,4852
0,3983;-0,0066;0,2975;0,4972;55,5479
-0,2763;-0,0144;-0,1203;0,3017;55,6110
0,8716;-0,0225;2,4990;2,6467;55,6656
1,2589;-0,1791;3,5409;3,7623;55,7287
0,3588;0,0935;0,2475;0,4458;55,7857
0,1189;-0,0452;-0,3319;0,3554;55,8501
0,6707;0,0354;2,3272;2,4221;55,9056
0,8367;0,0893;3,3720;3,4754;55,9665
0,3117;0,0071;0,2956;0,4296;56,0258
0,0798;-0,0927;-0,1237;0,1740;56,0859
1,1161;0,0054;2,8758;3,0848;56,1495
1,4698;-0,0412;4,1428;4,3959;56,2049
0,3727;-0,0049;0,3468;0,5091;56,2658
0,0151;0,0251;0,5906;0,5914;56,3250
0,4420;-0,0322;1,6923;1,7494;56,3851
-0,2675;0,0425;1,9130;1,9321;56,4466
0,2497;-0,0090;0,6446;0,6913;56,5071
-0,0142;0,0088;0,1782;0,1789;56,5655
0,0308;-0,0068;1,7988;1,7990;56,6276
-0,2428;0,0984;2,0943;2,1106;56,6872
0,6621;0,0740;0,4269;0,7913;56,7462
-0,0315;-0,0422;-0,1604;0,1688;56,8052
1,0363;-0,0112;1,9122;2,1750;56,8658
-0,1447;-0,1494;1,4554;1,4701;56,9253
0,5665;-0,1355;0,1467;0,6006;56,9850
-0,2558;-0,1250;0,7847;0,8347;57,0451
0,3663;-0,0452;4,0022;4,0192;57,1070
0,5750;-0,0522;2,2369;2,3102;57,1666
0,5904;-0,0249;-0,3346;0,6791;57,2254
0,1108;-0,2126;-0,6155;0,6606;57,2846
0,5604;0,0151;-0,7105;0,9050;57,3460
0,3427;-0,1303;1,5552;1,5978;57,4080
-0,3598;0,5389;-1,8344;1,9455;57,4655
0,2026;-0,0801;-0,3331;0,3980;57,5241
0,7141;-0,0300;-0,7285;1,0206;57,5851
0,4418;-0,1347;1,6657;1,7286;57,6496
-1,2589;1,1661;-2,2664;2,8427;57,7051
-0,0522;-0,1081;0,2419;0,2700;57,7651
1,2355;-0,0298;3,3771;3,5961;57,8250
0,5609;-0,0442;1,6653;1,7577;57,8853
-0,5950;0,0757;-0,5040;0,7835;57,9456
-0,0547;0,0678;0,4413;0,4498;58,0055
-0,0012;0,0037;2,4289;2,4289;58,0669
0,3668;0,0088;1,5747;1,6169;58,1249
0,4122;-0,1425;0,8418;0,9481;58,1847
-0,0920;-0,0349;0,5655;0,5740;58,2499
0,0051;-0,0293;1,6028;1,6030;58,3049
0,3451;0,0203;1,5230;1,5617;58,3651
0,1799;-0,1115;1,4812;1,4963;58,4260
0,1428;-0,0124;0,6883;0,7030;58,4881
0,1030;0,1830;0,5706;0,6081;58,5458
0,4735;0,0024;1,6616;1,7277;58,6047
-0,1423;0,0793;1,6308;1,6390;58,6650
0,0622;-0,0320;0,5040;0,5088;58,7304
-0,0173;0,0835;2,1505;2,1521;58,7853
0,6006;-0,0351;1,2296;1,3689;58,8456
0,6111;0,0046;1,9071;2,0027;58,9049
0,2402;0,0176;0,6668;0,7089;58,9672
-0,0210;0,1523;0,7986;0,8132;59,0252
0,2411;-0,0295;1,6189;1,6370;59,0873
0,2035;-0,2646;2,2373;2,2621;59,1489
0,5084;0,0166;0,1028;0,5189;59,2050
-0,1955;0,0530;0,1589;0,2574;59,2647
0,6292;-0,1086;1,9052;2,0093;59,3250
0,5655;-0,1582;1,7822;1,8764;59,3878
0,2416;-0,0476;0,3912;0,4623;59,4442
-0,4352;-0,0864;-1,4022;1,4707;59,5046
0,8362;0,0871;1,5256;1,7419;59,5659
0,9216;-0,0691;2,0348;2,2348;59,6271
0,5084;0,0178;0,6126;0,7963;59,6867
-0,1594;-0,1684;0,0256;0,2333;59,7443
1,4268;0,0459;2,2593;2,6725;59,8094
0,0749;-0,0359;1,0902;1,0934;59,8669
0,2860;-0,0166;-0,2223;0,3627;59,9287
-0,1123;-0,2587;0,2011;0,3464;59,9852
0,8440;-0,2280;4,2782;4,3666;60,0454
-0,3812;-0,2607;1,3009;1,3804;60,1177
0,8059;-0,0068;-0,5255;0,9621;60,1757
-0,0303;-0,2092;-0,0242;0,2127;60,2240
0,4469;0,0481;0,2982;0,5394;60,2887
0,6629;-0,1257;2,3086;2,4052;60,3441
0,5074;-0,0447;-0,0373;0,5107;60,4042
-0,1474;-0,2199;1,3206;1,3469;60,4675
0,7827;-0,0952;-1,2699;1,4947;60,5239
0,6292;-0,0322;1,3731;1,5107;60,5842
-0,4274;0,2460;-1,2630;1,3559;60,6469
-0,0517;-0,0862;0,6214;0,6295;60,7039
0,3986;0,0015;-0,0952;0,4098;60,7647
-0,0788;-0,0549;1,4529;1,4561;60,8241
0,5745;-0,1499;-0,5062;0,7802;60,8844
-0,5465;-0,0788;1,4246;1,5279;60,9456
0,9184;-0,1755;2,8399;2,9899;61,0076
1,0832;-0,0276;2,0836;2,3485;61,0647
-0,5692;0,2570;-1,4578;1,5859;61,1245
-0,3229;-0,1025;1,0180;1,0729;61,1842
-0,7168;-0,0088;1,4258;1,5959;61,2443
1,0097;-0,1325;1,9894;2,2349;61,3080
-1,0939;0,5880;-2,2178;2,5419;61,3657
0,1777;-0,1062;-0,1074;0,2332;61,4242
-0,9201;0,0293;1,5730;1,8226;61,4866
0,8603;-0,0212;1,9977;2,1752;61,5439
-1,0502;0,2045;-1,9711;2,2427;61,6043
0,2436;-0,0932;-0,0825;0,2735;61,6643
1,3206;-0,0957;-0,1579;1,3335;61,7237
0,7957;-0,0859;2,1685;2,3115;61,7840
-0,2143;0,1921;-1,6616;1,6863;61,8437
-0,2902;-0,0803;0,1184;0,3235;61,9081
1,3385;0,0085;3,0864;3,3642;61,9636
0,9667;-0,1867;1,8195;2,0688;62,0242
0,1621;-0,1186;-0,0334;0,2036;62,0860
-0,0671;0,0247;0,1999;0,2123;62,1437
0,4737;-0,0464;1,9254;1,9834;62,2038
-0,5933;0,2050;1,9684;2,0661;62,2690
0,5399;0,0256;0,2206;0,5838;62,3258
-0,4352;0,1359;-0,1172;0,4707;62,3838
1,0124;-0,0002;2,6430;2,8302;62,4464
1,9796;-0,2194;3,8059;4,2956;62,5041
0,1340;-0,0569;0,5760;0,5941;62,5641
0,2077;0,0664;0,6155;0,6530;62,6272
0,2677;0,0085;1,5386;1,5617;62,6837
0,2848;-0,0901;0,9887;1,0328;62,7437
0,0947;-0,0847;0,4203;0,4391;62,8036
0,5853;-0,2040;1,7517;1,8581;62,8669
0,8757;0,0405;1,6984;1,9113;62,9236
-0,3851;0,1840;-0,0044;0,4269;62,9839
-0,0286;0,0459;0,3588;0,3628;63,0463
0,8320;-0,2858;-1,0053;1,3359;63,1033
-0,3358;-0,1604;1,4241;1,4719;63,1631
-0,0605;0,2392;-0,2509;0,3519;63,2244
-0,1247;-0,1337;0,3175;0,3664;63,2853
0,0471;-0,0615;2,3355;2,3367;63,3423
-0,7769;0,1242;0,8933;1,1903;63,4073
-0,0349;0,2201;-1,4824;1,4991;63,4636
-0,3312;-0,1723;0,2233;0,4350;63,5235
0,3063;0,1196;2,0199;2,0465;63,5837
1,1156;-0,1613;2,2354;2,5035;63,6430
-0,1267;-0,1440;0,8015;0,8241;63,7039
-0,0046;-0,1567;0,3783;0,4095;63,7662
0,9497;-0,3197;0,9401;1,3740;63,8230
-0,6521;0,1230;0,5069;0,8351;63,8838
-0,0530;0,0693;-0,2428;0,2580;63,9432
-0,0744;-0,2162;0,0654;0,2379;64,0039
-0,3273;0,2707;0,8232;0,9263;64,0649
0,9482;-0,2714;1,9476;2,1831;64,1232
-0,2995;0,2812;-0,7446;0,8504;64,1833
0,2668;-0,0386;0,8650;0,9060;64,2435
0,2221;-0,0193;0,9450;0,9710;64,3042
0,4989;-0,0005;1,2596;1,3548;64,3629
0,3705;0,0644;0,4339;0,5742;64,4238
0,2411;-0,1501;0,5809;0,6466;64,4855
0,2987;-0,0600;0,9770;1,0234;64,5428
0,7219;0,0705;1,4690;1,6384;64,6043
-0,8389;-0,0181;1,2599;1,5137;64,6634
0,3205;-0,0659;0,2114;0,3895;64,7234
-0,5189;0,1467;-0,3114;0,6227;64,7866
0,6880;-0,1494;1,7985;1,9314;64,8432
0,6399;-0,3207;1,8959;2,0265;64,9041
0,3288;0,0173;-0,0342;0,3310;64,9643
-0,2226;0,0317;0,3322;0,4011;65,0239
-0,1203;0,0469;1,6660;1,6710;65,0837
0,1206;0,1167;1,2279;1,2393;65,1457
0,1103;0,1711;0,3109;0,3717;65,2067
-0,1418;-0,1103;-0,5728;0,6003;65,2650
-1,1747;-0,1103;2,2044;2,5003;65,3242
1,0944;-0,1206;1,5296;1,8846;65,3845
0,1106;-0,2785;0,8735;0,9235;65,4467
0,4020;-0,0591;0,2345;0,4691;65,5045
0,4937;0,0085;0,9692;1,0877;65,5639
0,7842;0,0544;1,0793;1,3352;65,6253
-0,0151;-0,0710;0,9741;0,9768;65,6861
0,3602;-0,0678;0,5704;0,6780;65,7435
-0,0054;-0,0207;0,1896;0,1908;65,8040
0,8162;-0,1191;1,8996;2,0709;65,8643
1,4680;-0,6060;2,4504;2,9201;65,9283
0,2785;-0,0735;0,3268;0,4356;65,9839
0,0473;0,0073;0,2402;0,2449;66,0435
0,5872;-0,0688;1,4573;1,5727;66,1032
2,9507;-0,1892;2,9210;4,1563;66,1647
0,4139;-0,0207;0,4125;0,5847;66,2246
0,1518;0,0090;0,2802;0,3188;66,2834
0,9206;-0,2267;1,9154;2,1372;66,3445
-0,1591;-0,0535;1,1261;1,1386;66,4047
0,4266;-0,0103;0,5396;0,6880;66,4645
0,2817;0,0132;1,0478;1,0850;66,5244
0,6826;-0,1267;1,6064;1,7501;66,5834
-0,2887;-0,1486;1,4566;1,4923;66,6434
0,4166;0,0117;0,3639;0,5533;66,7036
0,0181;0,0227;0,3544;0,3556;66,7631
1,1022;-0,2990;2,2239;2,5000;66,8259
2,1766;-0,1987;2,7613;3,5216;66,8840
0,4454;-0,0017;0,2038;0,4898;66,9450
-0,2123;-0,0264;-0,4657;0,5125;67,0036
0,1655;-0,3253;1,3802;1,4276;67,0678
-0,5518;0,1045;0,5433;0,7814;67,1236
0,0456;-0,1555;-0,3981;0,4298;67,1838
-0,3402;-0,0488;0,0005;0,3437;67,2446
0,9379;-0,2726;1,8129;2,0593;67,3058
2,5864;-0,8628;3,0264;4,0734;67,3641
0,2182;-0,0598;0,3510;0,4176;67,4248
-0,1848;-0,0705;-0,6746;0,7030;67,4831
0,9721;0,0239;1,7360;1,9898;67,5435
0,0103;-0,1142;1,5457;1,5499;67,6030
0,4115;0,0134;0,4920;0,6416;67,6637
0,4942;-0,0207;1,1083;1,2137;67,7234
0,5162;-0,0991;1,4568;1,5487;67,8411
0,3004;-0,0539;0,9714;1,0182;67,8444
0,2961;-0,0300;0,4952;0,5777;67,9043
0,4056;-0,0918;0,6207;0,7471;67,9636
0,5391;-0,0456;1,1647;1,2842;68,0276
-0,0268;-0,0293;-0,0525;0,0658;68,0840
0,2009;-0,1042;0,1599;0,2771;68,1446
0,5589;-0,0139;0,8840;1,0460;68,2030
0,7830;-0,1147;1,6399;1,8208;68,2637
0,2633;0,0478;0,6629;0,7149;68,3255
0,1110;-0,0156;0,3373;0,3555;68,3835
1,3475;-0,0742;2,2586;2,6310;68,4432
0,3629;-0,0815;1,4063;1,4547;68,5026
-2,1365;0,9670;-2,2884;3,2766;68,5644
-0,4203;-0,0669;0,3576;0,5558;68,6231
1,3280;0,0056;-1,3565;1,8983;68,6835
0,6675;-0,1257;1,5469;1,6894;68,7423
-0,0459;0,0830;-0,7617;0,7676;68,8040
0,1240;-0,0971;0,5240;0,5472;68,8656
1,2191;-0,1279;2,2893;2,5968;68,9233
1,2401;-0,0339;2,1341;2,4685;68,9829
-0,8381;0,2118;-1,1893;1,4703;69,0436
-0,0425;-0,0632;0,1772;0,1929;69,1036
1,3602;0,0105;2,7079;3,0303;69,1684
0,3944;-0,0066;1,2628;1,3230;69,2242
-0,2023;-0,0439;0,2465;0,3219;69,2842
0,3156;0,0005;0,7424;0,8067;69,3431
0,3375;-0,1557;0,9448;1,0153;69,4035
0,2131;-0,2629;1,1107;1,1611;69,4660
0,3295;-0,1191;0,6946;0,7780;69,5249
0,3270;-0,1184;1,0234;1,0809;69,5838
0,3344;-0,0569;0,9706;1,0282;69,6454
0,3056;-0,1074;0,9182;0,9736;69,7052
0,3136;-0,0315;0,9504;1,0013;69,7645
0,3024;-0,0486;0,9475;0,9957;69,8243
0,2980;-0,1008;0,9465;0,9974;69,8850
0,3085;-0,0837;0,9392;0,9921;69,9482
0,3119;-0,0888;0,9306;0,9855;70,0041
0,3644;-0,0166;1,0600;1,1210;70,0664
0,2011;-0,0722;1,5728;1,5872;70,1246
-0,0347;0,1489;-0,3329;0,3663;70,1840
0,3185;0,0190;-0,1030;0,3353;70,2438
0,6033;-0,2404;1,4566;1,5948;70,3039
0,7134;-0,0661;1,8695;2,0021;70,3635
0,2899;0,0188;-0,3385;0,4461;70,4254
0,2084;-0,1006;0,9177;0,9464;70,4837
0,4027;-0,1272;1,3563;1,4205;70,5439
0,6270;0,1618;2,0951;2,1928;70,6042
-0,2531;0,0454;-0,7324;0,7763;70,6632
0,1303;-0,2184;0,0312;0,2563;70,7240
0,5941;0,0298;2,2678;2,3446;70,7877
0,5455;-0,1250;1,5117;1,6120;70,8438
-0,3524;0,1477;0,0754;0,3895;70,9038
0,1911;-0,0088;0,3861;0,4309;70,9645
0,4662;-0,0076;1,0214;1,1228;71,0281
0,8852;-0,0591;1,9039;2,1005;71,0838
-0,1777;0,1213;-0,9919;1,0149;71,1439
-0,0603;-0,0818;0,3065;0,3229;71,2035
0,2424;0,0034;0,2055;0,3178;71,2637
0,6724;0,0278;1,7272;1,8537;71,3248
0,5286;-0,0815;-0,2875;0,6073;71,3849
-0,3920;-0,1391;0,1423;0,4396;71,4432
1,4532;-0,0481;2,9534;3,2919;71,5036
0,2099;-0,1608;1,1002;1,1316;71,5630
0,0090;-0,0915;-0,2443;0,2610;71,6236
-0,2092;-0,0373;-0,1198;0,2439;71,6856
0,5543;0,0549;2,1038;2,1763;71,7450
-0,5006;-0,0049;1,5864;1,6635;71,8040
0,2729;-0,0664;0,3571;0,4543;71,8655
0,3839;-0,1076;1,1593;1,2260;71,9266
0,6158;-0,0908;1,4807;1,6062;71,9819
-0,4972;0,0718;0,5665;0,7571;72,0578
0,2907;-0,0710;0,6731;0,7366;72,1025
0,3646;-0,0696;0,8274;0,9068;72,1629
0,4686;-0,1540;1,3546;1,4416;72,2222
0,3007;-0,0793;0,6421;0,7135;72,2828
0,3683;-0,0898;1,0907;1,1547;72,3456
0,2868;-0,0227;0,8440;0,8917;72,4035
0,2848;-0,0320;0,9323;0,9754;72,4627
0,2953;-0,0349;0,9262;0,9728;72,5228
0,3022;-0,1750;1,1862;1,2365;72,5829
0,3934;-0,0676;0,9909;1,0683;72,6434
0,3583;-0,0761;0,9389;1,0078;72,7028
0,3783;0,0503;0,8413;0,9238;72,7626
0,2931;0,0264;0,9194;0,9653;72,8233
0,3258;-0,0935;0,9267;0,9868;72,8948
0,2973;-0,0783;0,9684;1,0161;72,9421
0,2370;-0,0962;1,0190;1,0506;73,0015
0,3048;-0,0227;0,9038;0,9541;73,0618
0,2826;-0,0298;0,9667;1,0076;73,1220
0,3070;-0,0632;0,9130;0,9654;73,1820
0,2980;-0,1523;0,9743;1,0302;73,2418
0,3166;-0,1403;0,9484;1,0097;73,3022
0,3402;-0,1052;1,0512;1,1099;73,3618
0,3959;-0,1691;1,0673;1,1508;73,4218
0,3715;-0,1594;1,4153;1,4719;73,4817
0,5006;0,1367;0,4073;0,6597;73,5418
0,1611;-0,1228;-0,1943;0,2806;73,6018
0,5648;-0,1540;1,5227;1,6314;73,6670
0,9069;-0,2197;1,8246;2,0494;73,7269
0,3436;-0,0171;-0,0473;0,3473;73,7843
0,0149;-0,1730;1,2384;1,2505;73,8435
0,9963;-0,2514;2,0836;2,3232;73,9033
0,9013;-0,1406;1,8112;2,0280;73,9626
0,3656;-0,0869;0,1020;0,3894;74,0230
0,1560;-0,0737;0,7266;0,7468;74,0831
0,6724;-0,0781;1,8617;1,9810;74,1454
0,6604;0,0791;1,4839;1,6262;74,2061
0,3898;-0,0093;0,1420;0,4150;74,2639
-0,1159;-0,0859;0,9150;0,9263;74,3231
0,7505;0,0864;1,3921;1,5839;74,3848
0,8542;0,3170;1,2335;1,5335;74,4436
0,3349;-0,0181;0,5301;0,6273;74,5034
-0,4542;-0,0200;0,5055;0,6798;74,5654
0,9855;-0,0205;2,0738;2,2962;74,6228
0,9030;0,0813;2,3191;2,4900;74,6827
0,3075;-0,0732;0,4671;0,5640;74,7441
0,2148;-0,0617;0,7032;0,7378;74,8057
0,5316;-0,0020;1,8171;1,8932;74,8670
-0,0513;-0,0178;0,7210;0,7230;74,9235
0,0930;-0,0268;0,3439;0,3572;74,9852
0,4166;-0,0588;1,1078;1,1850;75,0459
0,6590;-0,0854;1,7614;1,8826;75,1030
0,3073;-0,0273;-0,3846;0,4931;75,1632
0,1896;-0,0971;0,7808;0,8093;75,2243
0,5152;-0,0215;-0,2856;0,5895;75,2832
0,3244;-0,0574;1,4166;1,4543;75,3445
0,2045;-0,0747;0,1364;0,2569;75,4049
-0,1023;-0,0513;0,2939;0,3153;75,4638
0,5784;-0,1120;1,6772;1,7777;75,5236
0,5538;-0,1835;1,2008;1,3350;75,5826
0,3048;-0,0596;0,5921;0,6686;75,6438
0,5142;-0,0422;1,4749;1,5625;75,7055
1,0612;0,0886;1,9930;2,2597;75,7639
0,1599;-0,0681;0,0071;0,1739;75,8240
0,0132;-0,0888;0,3995;0,4095;75,8840
1,0527;-0,1020;2,0245;2,2841;75,9436
0,4198;-0,0115;1,4300;1,4904;76,0059
0,2350;-0,0498;0,4164;0,4807;76,0695
0,5216;-0,0715;1,1259;1,2429;76,1243
0,5797;-0,0142;1,7663;1,8590;76,1883
0,5931;-0,0588;-0,0427;0,5975;76,2432
0,1286;0,0166;0,2516;0,2831;76,3100
1,0705;-0,3444;2,0550;2,3426;76,3643
1,0260;-0,2590;1,9952;2,2585;76,4270
0,2834;-0,0171;0,2953;0,4096;76,4849
-0,0290;-0,0105;0,1616;0,1645;76,5440
0,6473;-0,1462;1,6213;1,7519;76,6035
0,5921;-0,2209;1,6304;1,7485;76,6649
0,3947;-0,0251;0,3410;0,5221;76,7241
-0,0920;-0,0183;0,6121;0,6193;76,7842
0,3854;-0,1267;1,4922;1,5464;76,8438
0,8425;0,0002;0,6924;1,0905;76,9034
0,3510;-0,0171;0,4671;0,5845;76,9643
0,5347;-0,0339;0,9687;1,1070;77,0273
0,4325;-0,1152;1,5112;1,5761;77,0843
0,4227;0,0901;-0,1892;0,4718;77,1446
0,0891;-0,0310;-0,6744;0,6809;77,2045
0,5694;-0,0166;1,2889;1,4092;77,2645
1,0185;-0,1769;2,0767;2,3198;77,3237
-0,3939;0,1518;-0,4718;0,6331;77,3839
0,2680;-0,0217;0,2458;0,3643;77,4439
0,3329;-0,1298;0,9277;0,9941;77,5048
0,4398;-0,0896;1,0073;1,1027;77,5637
0,4274;-0,1528;1,0404;1,1351;77,6247
0,2941;-0,1691;1,0290;1,0835;77,6840
0,4564;-0,0771;0,7485;0,8801;77,7448
0,3917;-0,0422;0,8842;0,9681;77,8048
0,4169;-0,0493;0,9030;0,9958;77,8644
0,3900;-0,0549;0,9663;1,0434;77,9238
0,3634;-0,0749;0,9121;0,9847;77,9842
0,3517;0,0303;0,9157;0,9814;78,0439
0,3546;-0,0261;0,8691;0,9390;78,1044
0,2414;-0,0232;0,9841;1,0135;78,1645
0,1772;-0,0371;0,9191;0,9368;78,2237
0,3668;0,0542;0,8947;0,9685;78,2845
-0,1843;0,0093;1,2582;1,2716;78,3459
-0,1128;-0,1101;1,4231;1,4318;78,4037
0,6268;0,0432;0,2084;0,6619;78,4663
0,0405;0,0134;0,8389;0,8399;78,5261
1,3985;-0,1645;2,3452;2,7355;78,5885
0,1433;0,1691;0,8391;0,8679;78,6435
0,1940;-0,0522;0,7134;0,7412;78,7039
0,0986;-0,0212;0,7988;0,8052;78,7669
0,7200;-0,0830;1,7253;1,8713;78,8241
0,3488;0,0783;1,0287;1,0891;78,8838
0,4030;-0,0322;0,7334;0,8374;78,9434
-0,0112;-0,0881;1,0536;1,0574;79,0074
0,7561;0,1064;1,7087;1,8715;79,0662
0,4261;-0,0364;0,9389;1,0317;79,1239
0,2165;-0,0361;0,4557;0,5058;79,1874
0,1079;-0,0481;0,8340;0,8423;79,2435
0,3842;-0,0596;1,4510;1,5021;79,3028
0,4767;-0,1245;0,8166;0,9537;79,3645
0,3034;-0,0442;0,6028;0,6763;79,4263
0,7019;0,0835;2,8236;2,9107;79,4845
0,6653;-0,1762;1,7988;1,9259;79,5443
0,2992;0,0005;0,6409;0,7073;79,6051
-0,0876;-0,0779;0,3073;0,3289;79,6646
0,6297;-0,0364;3,0140;3,0792;79,7234
0,5548;-0,1311;1,6196;1,7170;79,7837
0,3800;0,0979;0,7317;0,8303;79,8430
0,1787;-0,0466;0,7188;0,7421;79,9038
0,9531;-0,0713;-1,1261;1,4770;79,9641
1,0038;-0,1301;1,9501;2,1971;80,0233
0,0430;0,0395;-0,0120;0,0596;80,0842
-0,1181;0,0442;0,4444;0,4620;80,1428
0,1740;0,0078;1,1905;1,2032;80,2028
0,9189;-0,0947;1,8922;2,1057;80,2636
-0,0493;0,0117;0,3593;0,3628;80,3249
0,0510;0,0637;0,5501;0,5561;80,3836
0,9853;-0,1752;0,3212;1,0510;80,4423
0,4418;-0,0303;1,6411;1,6998;80,5032
-0,1008;-0,0117;-0,2987;0,3155;80,5629
-0,2131;-0,0539;-0,1208;0,2508;80,6232
0,9282;-0,1577;2,1126;2,3129;80,6835
0,3497;0,0449;1,2159;1,2660;80,7435
0,1999;-0,0369;0,0298;0,2054;80,8033
0,0205;-0,0146;0,1110;0,1139;80,8625
0,6136;0,1381;1,9977;2,0943;80,9263
1,3738;-0,6726;2,4853;2,9183;81,0111
0,3522;0,0295;0,2726;0,4464;81,0543
0,0710;-0,1003;0,4266;0,4440;81,1052
0,7988;-0,0337;2,3747;2,5057;81,1659
1,9205;-0,9211;3,0835;3,7477;81,2240
0,3114;-0,0017;0,3080;0,4380;81,2831
-0,4598;0,1372;-0,6492;0,8073;81,3441
0,4659;-0,0193;2,0296;2,0825;81,4031
0,6722;0,1672;2,0931;2,2047;81,4634
0,2787;0,0249;-0,0561;0,2854;81,5234
-0,1452;-0,0137;0,1006;0,1772;81,5842
0,7107;-0,0395;2,0028;2,1255;81,6439
1,6696;0,2716;2,3926;2,9302;81,7033
0,5350;-0,0185;0,6302;0,8268;81,7635
0,2338;-0,0783;0,4964;0,5543;81,8239
0,8845;0,0661;1,8651;2,0653;81,8831
0,0266;0,2021;1,8383;1,8496;81,9435
0,2658;0,0085;0,5384;0,6005;82,0040
-0,0864;-0,0693;-0,4850;0,4974;82,0622
0,5062;0,0039;2,8329;2,8777;82,1228
0,7378;-0,2641;2,1812;2,3177;82,1840
0,0332;-0,0910;-0,3864;0,3983;82,2432
0,0583;-0,0835;0,3707;0,3845;82,3032
0,5609;0,0349;-0,3812;0,6791;82,3624
0,4505;-0,1279;1,9833;2,0378;82,4232
0,0041;0,2148;-0,5160;0,5589;82,4836
0,0966;-0,0937;0,7107;0,7234;82,5422
0,2585;-0,0381;1,1185;1,1487;82,6030
0,4300;0,0639;1,6462;1,7027;82,6628
0,1084;-0,1860;0,4015;0,4555;82,7229
0,1042;-0,0076;0,4227;0,4354;82,7830
0,2450;-0,0593;0,7751;0,8151;82,8426
0,6216;-0,1230;1,8219;1,9290;82,9027
0,2741;0,0337;0,6416;0,6985;82,9633
0,2538;-0,0178;0,7512;0,7932;83,0228
0,1184;-0,1015;0,8996;0,9130;83,0831
0,6304;0,1069;1,3241;1,4704;83,1429
0,4496;0,0837;0,7505;0,8788;83,2023
0,2990;-0,0115;0,8501;0,9012;83,2633
0,3353;0,0078;0,9460;1,0037;83,3232
0,3763;-0,0056;0,9946;1,0634;83,3827
0,3851;-0,0220;0,9946;1,0668;83,4438
0,3627;-0,0256;0,9279;0,9966;83,5029
0,3744;-0,0322;0,9719;1,0420;83,5621
0,3627;-0,0273;0,9375;1,0055;83,6246
0,2436;-0,0259;0,5223;0,5769;83,6819
0,4198;-0,0232;1,0046;1,0890;83,7424
0,3148;-0,0420;1,3145;1,3524;83,8052
-0,0710;-0,0024;0,6602;0,6640;83,8622
0,3966;-0,0654;0,3888;0,5592;83,9230
0,4928;-0,0498;0,8452;0,9796;83,9816
0,3475;-0,0525;1,2340;1,2831;84,0430
1,4593;-0,1862;1,4639;2,0754;84,1030
0,1491;-0,1316;0,1015;0,2233;84,1620
-0,2336;-0,2128;-0,0359;0,3180;84,2226
1,1610;0,0710;2,0116;2,3237;84,2820
-0,1045;-0,0320;1,0190;1,0248;84,3420
-0,2765;-0,0195;-0,4310;0,5125;84,4025
0,1865;-0,0764;-0,2304;0,3061;84,4623
1,3382;-0,1391;-0,8188;1,5750;84,5222
0,9265;-0,0932;1,3306;1,6241;84,5829
0,3842;0,0115;0,6829;0,7836;84,6420
0,3651;-0,1147;0,6604;0,7633;84,7026
0,1245;-0,0884;0,8884;0,9014;84,7627
0,5233;-0,0744;1,3326;1,4336;84,8221
2,0375;-0,0051;2,2737;3,0530;84,8841
0,0117;-0,0783;-0,2040;0,2189;84,9418
0,2453;-0,0356;0,0046;0,2479;85,0019
0,5311;0,0325;3,1262;3,1712;85,0625
0,7097;-0,0876;1,1783;1,3784;85,1222
0,5892;-0,0366;1,2562;1,3880;85,1829
0,1613;-0,0830;0,0447;0,1868;85,2430
-0,1228;-0,0971;0,0991;0,1853;85,3021
1,0016;-0,0469;1,9999;2,2372;85,3622
0,6382;-0,1337;1,4929;1,6291;85,4236
-0,1838;0,1484;-0,0661;0,2453;85,4815
0,2099;-0,1733;-0,1748;0,3235;85,5422
0,3851;-0,0312;0,9379;1,0144;85,6017
0,6082;-0,0676;1,1154;1,2722;85,6619
0,2507;-0,1740;1,3275;1,3621;85,7219
0,2165;-0,0542;-0,0857;0,2390;85,7816
0,1462;-0,0925;0,5638;0,5897;85,8433
1,6838;-0,1477;2,4160;2,9486;85,9018
0,8606;-0,1704;1,7753;1,9803;85,9621
-0,1633;0,1089;-0,2550;0,3218;86,0268
0,1174;-0,0732;-0,3937;0,4173;86,0822
0,8327;-0,1091;2,5893;2,7221;86,1440
0,7595;-0,1025;1,3416;1,5451;86,2015
0,3422;-0,1093;0,6914;0,7792;86,2612
0,4442;-0,0181;0,6382;0,7778;86,3228
0,2714;0,0076;0,5516;0,6148;86,3818
0,7952;-0,1582;1,5793;1,7753;86,4416
0,3812;-0,0327;1,3392;1,3928;86,5068
0,2267;-0,0107;0,5850;0,6275;86,5614
-0,1262;0,0927;0,3907;0,4210;86,6221
1,5649;-0,2821;2,5217;2,9812;86,6868
0,3056;-0,0361;1,0736;1,1169;86,7473
-0,3600;0,0639;-0,2453;0,4403;86,8022
-0,0061;-0,0386;0,1303;0,1361;86,8647
1,2491;-0,2773;2,5156;2,8223;86,9216
0,7795;-0,1677;1,4644;1,6674;86,9818
-0,6148;0,0010;0,5120;0,8001;87,0518
0,3634;-0,0891;0,6587;0,7576;87,1014
0,4486;-0,0422;0,5230;0,6903;87,1617
0,7351;-0,2580;1,5142;1,7028;87,2246
-0,1330;-0,1337;1,6487;1,6594;87,2820
0,2633;-0,0522;0,4720;0,5430;87,3412
-0,0535;-0,0198;-0,1884;0,1968;87,4014
0,9067;-0,2692;2,2542;2,4446;87,4622
0,7298;0,1428;1,5156;1,6882;87,5235
0,1748;-0,0488;-0,2690;0,3244;87,5811
0,0127;-0,0127;0,3014;0,3020;87,6420
0,6211;0,0293;1,3704;1,5049;87,7053
1,1422;-0,1965;1,8163;2,1546;87,7621
0,2243;0,1018;0,2221;0,3317;87,8216
0,2389;-0,0373;0,2821;0,3716;87,8842
0,3310;0,0615;0,9360;0,9947;87,9440
0,7171;-0,0637;1,1920;1,3925;88,0019
-0,3749;-0,0278;1,2974;1,3508;88,0611
0,3241;-0,0061;0,5882;0,6716;88,1250
0,2336;-0,0161;0,4037;0,4667;88,1828
0,8286;-0,1272;2,2164;2,3696;88,2421
0,4249;0,1923;1,4029;1,4784;88,3012
0,1684;-0,0412;-0,0942;0,1973;88,3615
0,0110;0,0037;0,1481;0,1486;88,4230
1,4456;-0,1516;2,4758;2,8709;88,4810
0,8374;-0,0847;1,6203;1,8259;88,5410
0,3173;0,0198;0,0071;0,3180;88,6045
0,1564;0,0017;0,2853;0,3254;88,6614
0,5682;-0,0913;0,9663;1,1246;88,7220
0,7136;-0,0549;1,4627;1,6284;88,7814
0,3283;0,0164;1,0046;1,0570;88,8417
0,3517;-0,0493;0,6126;0,7081;88,9016
0,3117;-0,0410;0,4454;0,5452;88,9613
0,7893;-0,1025;1,3270;1,5474;89,0211
-0,2550;-0,1069;1,2440;1,2744;89,0811
-0,0686;-0,0073;-0,3283;0,3354;89,1408
-0,0434;0,0081;0,0432;0,0618;89,2019
1,8539;-0,3334;3,7149;4,1652;89,2611
0,1040;-0,0644;1,2496;1,2556;89,3203
-1,0092;0,2001;-0,9248;1,3834;89,3821
-0,0242;0,0232;0,2638;0,2660;89,4417
0,7676;-0,1147;1,6772;1,8481;89,5008
0,7564;-0,1535;1,4078;1,6054;89,5620
0,0693;0,0085;0,6294;0,6333;89,6207
0,2834;-0,0444;0,5672;0,6356;89,6809
0,6077;-0,0910;0,5916;0,8530;89,7413
0,5911;-0,0840;1,4275;1,5474;89,8011
0,5264;0,0630;1,0034;1,1348;89,8611
0,4476;-0,0298;0,5884;0,7399;89,9212
0,3305;-0,0637;0,7085;0,7844;89,9819
0,8716;-0,0971;1,5911;1,8167;90,0409
0,3061;-0,1662;1,6050;1,6423;90,1016
0,3515;-0,0054;0,4923;0,6049;90,1651
-0,0652;-0,0286;0,4850;0,4901;90,2225
-0,1408;-0,1115;3,3354;3,3402;90,2803
0,7920;-0,2204;1,5920;1,7918;90,3414
0,0664;0,0146;0,0310;0,0747;90,4011
0,1440;-0,0205;0,2189;0,2628;90,4607
0,5125;-0,0888;0,9250;1,0612;90,5212
0,8469;-0,0822;1,4785;1,7059;90,5811
0,6678;-0,0088;1,0583;1,2514;90,6407
0,3378;-0,0456;0,6304;0,7167;90,7014
0,4339;-0,0779;0,9936;1,0870;90,7602
1,0751;-0,1047;0,7720;1,3277;90,8209
0,7732;0,1008;1,5164;1,7051;90,8813
0,0969;-0,0393;-0,7044;0,7121;90,9409
-0,9594;-0,1330;2,5829;2,7586;91,0012
1,3704;-0,2028;2,6181;2,9620;91,0615
0,8862;-0,2433;1,3331;1,6192;91,1217
0,5404;0,0198;0,6956;0,8810;91,1810
0,2262;-0,0225;0,0142;0,2278;91,2406
0,9406;-0,1577;2,7728;2,9323;91,3010
0,7463;-0,0452;0,9890;1,2398;91,3614
0,2106;-0,4808;2,0470;2,1132;91,4202
0,2931;-0,0193;-0,0308;0,2954;91,4811
0,3649;-0,0100;0,6643;0,7580;91,5415
2,6828;-0,6687;6,1538;6,7464;91,6016
1,0258;-0,2370;1,7399;2,0337;91,6603
0,0825;-0,0222;0,7622;0,7670;91,7206
0,2065;-0,0566;0,3222;0,3868;91,7886
0,4332;0,0896;0,8122;0,9249;91,8407
0,7490;-0,0654;0,8125;1,1070;91,9002
0,8093;-0,1752;1,1820;1,4432;91,9612
0,2167;-0,1008;0,2411;0,3395;92,0209
-0,0200;0,0185;-0,0146;0,0310;92,0817
1,1932;-0,2360;1,8805;2,2396;92,1406
0,7505;-0,1389;1,4019;1,5962;92,2001
-0,0495;0,0586;-0,2633;0,2743;92,2612
0,1955;-0,0386;0,4188;0,4638;92,3201
1,1195;-0,0725;2,7631;2,9821;92,3805
0,9943;-0,2094;1,4263;1,7513;92,4398
0,1462;-0,0932;-0,0225;0,1748;92,4995
-0,0063;0,0932;-0,7046;0,7108;92,5603
0,5460;-0,0305;-0,8013;0,9701;92,6206
1,3363;-0,2021;1,2103;1,8142;92,6799
0,7808;-0,1369;1,2306;1,4638;92,7403
0,2563;-0,0344;0,5411;0,5997;92,7998
0,6448;-0,1337;0,5643;0,8672;92,8599
1,1283;-0,0644;1,2994;1,7221;92,9194
0,7402;0,0051;0,7478;1,0522;92,9809
0,3022;-0,0569;0,4623;0,5552;93,0441
0,3490;-0,2170;0,6233;0,7466;93,0993
0,7825;-0,0278;0,7974;1,1175;93,1605
0,6944;-0,1523;1,1542;1,3555;93,2208
0,3558;-0,0549;0,5723;0,6762;93,2809
0,4684;-0,0581;0,6844;0,8313;93,3397
0,6402;-0,1279;1,5169;1,6514;93,3994
0,2492;-0,0232;0,3737;0,4497;93,4602
0,4535;-0,1235;0,6980;0,8415;93,5214
0,5247;-0,3107;1,2154;1,3598;93,5795
0,5613;-0,0293;0,8991;1,0604;93,6402
0,1433;-0,0156;0,6863;0,7013;93,7000
0,2558;-0,0705;0,3598;0,4470;93,7597
0,6299;0,0017;0,9758;1,1614;93,8199
0,9543;-0,1713;1,5640;1,8401;93,8799
0,4962;0,1352;0,5887;0,7817;93,9391
0,1198;-0,0303;0,2604;0,2883;94,0006
0,7046;-0,0286;0,8489;1,1036;94,0611
0,6028;-0,1035;1,2377;1,3805;94,1197
-0,2021;0,1411;-0,1752;0,3024;94,1859
0,2582;-0,0417;0,2619;0,3701;94,2400
0,3671;0,0020;0,7512;0,8361;94,3002
0,9045;-0,0984;1,0495;1,3890;94,3626
0,2050;0,0535;1,1188;1,1387;94,4200
0,3458;-0,0669;0,4759;0,5921;94,4800
-0,0556;-0,0466;0,3888;0,3955;94,5401
1,0844;-0,1874;1,8842;2,1820;94,5986
0,9035;-0,0044;1,1076;1,4294;94,6607
0,0110;-0,0527;0,1469;0,1565;94,7201
-0,0781;-0,0268;0,3768;0,3858;94,7805
0,7215;-0,1574;1,2830;1,4804;94,8401
0,3512;-0,0947;1,0414;1,1031;94,8996
-0,5726;-0,0437;0,5057;0,7652;94,9593
0,2345;-0,0674;-0,1957;0,3128;95,0200
0,6726;-0,1193;1,2074;1,3873;95,0798
0,7781;-0,2582;1,6072;1,8042;95,1407
0,3771;-0,0857;0,1350;0,4096;95,1992
0,2458;-0,1870;0,2284;0,3841;95,2601
0,5809;0,1130;0,8891;1,0681;95,3202
0,9885;-0,1682;1,3807;1,7063;95,3791
0,6170;0,1577;0,7136;0,9565;95,4395
0,2641;-0,1347;0,7778;0,8324;95,4996
0,4915;-0,0452;0,6194;0,7921;95,5599
0,9797;-0,0884;1,4388;1,7429;95,6201
0,3920;-0,0254;-0,0061;0,3928;95,6802
0,2956;-0,0884;0,5736;0,6512;95,7401
0,4642;0,1059;0,5828;0,7526;95,8012
0,7749;-0,2592;1,8976;2,0660;95,8587
0,9087;-0,0432;1,0746;1,4079;95,9193
0,2223;-0,0569;0,5958;0,6384;95,9790
0,1135;0,0427;0,7588;0,7684;96,0408
1,1471;-0,2321;2,0133;2,3287;96,1000
0,4054;0,0637;1,1139;1,1871;96,1620
0,3366;-0,0129;0,4691;0,5775;96,2194
0,2631;0,0283;0,2587;0,3701;96,2796
0,8894;-0,0620;1,7970;2,0060;96,3399
0,7976;-0,0010;0,6582;1,0341;96,3996
0,2575;-0,0146;0,8860;0,9227;96,4583
0,4215;0,1279;0,7571;0,8759;96,5222
0,6399;-0,0469;1,0624;1,2411;96,5798
0,6758;0,0320;0,9914;1,2003;96,6387
0,5613;-0,0425;0,9465;1,1012;96,6984
0,5194;-0,1296;0,8767;1,0272;96,7583
0,5103;-0,1247;0,7256;0,8958;96,8191
0,4030;-0,1872;0,9933;1,0882;96,8797
0,4959;0,1374;0,9565;1,0861;96,9393
0,6021;0,1130;0,8122;1,0174;97,0077
0,4620;-0,0761;0,7803;0,9100;97,0616
0,4669;0,0154;0,9335;1,0439;97,1185
0,4601;-0,0261;0,8991;1,0103;97,1787
0,1564;-0,0988;1,0153;1,0320;97,2386
0,3261;0,0381;0,9006;0,9586;97,2990
0,3046;-0,0007;0,8086;0,8641;97,3585
0,4884;-0,0578;0,9780;1,0947;97,4187
0,3451;-0,0598;0,9218;0,9861;97,4784
0,3429;0,0051;1,0417;1,0967;97,5389
0,4588;-0,1367;0,6929;0,8422;97,5985
0,4598;-0,1489;0,9514;1,0671;97,6587
0,4427;-0,0398;0,8774;0,9836;97,7195
0,4618;-0,1223;1,0417;1,1460;97,7788
0,1660;-0,0459;0,9599;0,9752;97,8399
0,3461;-0,0598;0,9111;0,9764;97,9002
0,3939;-0,0464;0,8872;0,9718;97,9598
0,4081;-0,0593;0,9558;1,0409;98,0201
0,3922;-0,0613;0,9387;1,0192;98,0797
0,3754;-0,0600;0,9196;0,9951;98,1400
0,3893;-0,0578;0,9184;0,9992;98,2001
0,3973;-0,0373;0,9047;0,9889;98,2599
0,4327;-0,0400;0,9065;1,0052;98,3199
0,4144;-0,0476;0,9316;1,0207;98,3797
0,4159;-0,0466;0,9030;0,9953;98,4403
0,4366;-0,0425;0,9008;1,0020;98,4998
0,4430;-0,0427;0,9021;1,0059;98,5598
0,4364;-0,0437;0,9008;1,0019;98,6199
0,4381;-0,0469;0,9108;1,0118;98,6802
0,4381;-0,0437;0,9018;1,0036;98,7398
0,4400;-0,0412;0,9057;1,0078;98,7996
0,4366;-0,0444;0,9047;1,0056;98,8600
0,4296;-0,0449;0,9055;1,0032;98,9198
0,4325;-0,0437;0,9052;1,0042;98,9798
0,4371;-0,0417;0,9094;1,0098;99,0398
0,4366;-0,0437;0,9074;1,0080;99,0995
0,4440;-0,0415;0,8974;1,0021;99,1596
0,4469;-0,0405;0,9006;1,0062;99,2197
0,4479;-0,0398;0,8947;1,0014;99,2797
0,4420;-0,0422;0,9004;1,0039;99,3397
0,4420;-0,0403;0,8962;1,0001;99,3997
0,4396;-0,0415;0,8977;1,0004;99,4595
0,4435;-0,0405;0,9008;1,0049;99,5197
0,4527;-0,0398;0,8979;1,0064;99,5796
0,4564;-0,0366;0,9150;1,0232;99,6395
0,4247;-0,0364;0,9062;1,0014;99,6997
0,4349;-0,0305;0,8984;0,9986;99,7594
0,4469;-0,0227;0,8957;1,0013;99,8197
0,4396;-0,0244;0,9047;1,0062;99,8796
0,4137;-0,0327;0,9099;1,0000;99,9392
0,4396;-0,0249;0,9099;1,0108;99,9993
0,4418;-0,0261;0,8986;1,0017;100,0595
0,4474;-0,0310;0,8986;1,0043;100,1196
0,4462;-0,0617;0,9423;1,0444;100,1794
1,5549;-0,2663;2,4236;2,8918;100,2395
0,5862;0,0217;-0,4593;0,7451;100,3003
-0,4281;0,2790;-1,3831;1,4745;100,3606
1,6533;-0,4344;2,5334;3,0562;100,4199
0,5526;-0,0312;1,4444;1,5468;100,4803
0,4349;0,0298;0,1115;0,4500;100,5397
0,1157;-0,0439;0,9819;0,9896;100,6010
0,4991;-0,1142;1,5959;1,6761;100,6623
-0,3536;0,1023;-0,4781;0,6034;100,7198
0,2455;0,1333;-0,8288;0,8747;100,7809
0,4945;-0,3671;1,3319;1,4673;100,8869
0,4005;-0,0884;-0,1428;0,4343;100,9402
0,0596;0,0010;0,3864;0,3909;100,9995
0,6941;-0,1281;1,3865;1,5559;101,0610
0,7066;-0,0437;1,1383;1,3405;101,1214
0,3100;0,0015;0,8437;0,8989;101,1793
0,3917;0,0344;0,7476;0,8447;101,2399
0,5106;0,0271;0,6202;0,8038;101,2985
0,4005;-0,0930;0,9980;1,0794;101,3600
0,5257;0,1589;0,8706;1,0293;101,4197
0,6985;0,1762;1,0258;1,2535;101,4806
0,5086;0,0874;0,9069;1,0435;101,5412
0,4400;-0,1586;0,7422;0,8773;101,6033
0,5135;-0,0142;0,8257;0,9724;101,6593
0,4994;0,0200;0,8860;1,0172;101,7206
0,5325;-0,0156;0,8081;0,9679;101,7787
0,4664;0,0054;0,7166;0,8550;101,8400
0,5260;0,1147;1,0595;1,1884;101,8984
0,4327;0,0244;0,8923;0,9920;101,9587
0,4789;0,0766;0,9445;1,0617;102,0183
0,4854;-0,0332;0,9004;1,0234;102,1001
0,4281;0,0400;0,7271;0,8447;102,1547
0,4728;-0,0010;0,9948;1,1014;102,1985
0,5416;-0,0635;1,1708;1,2915;102,2579
0,1484;0,0139;0,4950;0,5169;102,3178
0,4061;0,0308;0,2597;0,4830;102,3784
0,7520;-0,1484;0,8054;1,1118;102,4385
0,8742;-0,1503;1,6760;1,8963;102,4988
-0,3461;0,2255;-0,3434;0,5372;102,5588
0,3070;-0,0095;1,2843;1,3205;102,6188
1,0436;0,2521;1,0653;1,5125;102,6787
0,9728;0,0642;1,5339;1,8176;102,7388
0,2038;-0,1955;0,1279;0,3100;102,7984
0,3580;-0,0688;1,0756;1,1357;102,8588
1,0890;0,1325;1,1996;1,6256;102,9184
1,0685;0,1416;1,4048;1,7707;102,9786
0,6006;0,0107;0,3576;0,6991;103,0395
0,0007;-0,0210;0,4466;0,4471;103,0986
1,5588;-0,0442;1,9935;2,5310;103,1613
1,1742;-0,4657;2,5771;2,8700;103,2497
-0,0798;0,0378;-0,3749;0,3851;103,3195
-0,0798;0,0378;-0,3749;0,3851;103,3996
1,6099;-0,0988;1,2162;2,0200;103,4596
0,3676;-0,0286;0,5262;0,6425;103,5197
0,3883;-0,0539;0,4481;0,5954;103,5790
0,5755;0,0083;0,8367;1,0155;103,6388
0,5811;-0,0395;0,9909;1,1494;103,6988
0,6236;-0,0039;0,8855;1,0830;103,7587
0,5521;-0,1025;0,8713;1,0366;103,8189
0,5120;-0,0508;0,9565;1,0861;103,8789
0,4684;-0,1894;0,8327;0,9740;103,9388
0,7227;0,4176;0,8374;1,1823;103,9987
0,6780;0,2350;1,1942;1,3932;104,0592
0,5408;-0,0244;0,7446;0,9207;104,1191
0,5809;0,0090;0,6697;0,8866;104,1786
0,6517;0,0242;0,8801;1,0954;104,2384
0,5670;-0,0786;0,8479;1,0230;104,2984
0,5706;-0,1247;0,8249;1,0108;104,3587
0,5933;-0,1337;0,6204;0,8688;104,4188
0,7234;-0,0942;0,6419;0,9717;104,4782
0,7898;-0,1247;0,6199;1,0117;104,5426
0,8735;-0,0376;0,4876;1,0011;104,6108
0,8569;-0,0381;0,4444;0,9661;104,6590
0,8337;-0,0222;0,3815;0,9171;104,7182
0,8205;-0,1262;0,7354;1,1090;104,7783
0,6470;-0,0427;0,8767;1,0904;104,8387
0,4991;-0,0200;1,1871;1,2879;104,8989
0,2143;-0,0459;0,7954;0,8250;104,9589
0,3170;-0,0600;0,8569;0,9157;105,0191
0,2243;-0,0566;0,7717;0,8057;105,0792
0,2062;-0,1323;0,5999;0,6480;105,1392
0,0571;-0,1245;1,3011;1,3083;105,1990
0,3971;-0,2831;0,9497;1,0676;105,2591
-0,6441;-0,0439;0,5760;0,8652;105,3193
0,6475;0,0801;0,0247;0,6529;105,3793
0,1062;-0,0515;1,2960;1,3013;105,4393
-0,1582;0,0674;0,6775;0,6990;105,4985
0,2214;-0,0117;0,9201;0,9465;105,5589
-0,5921;-0,1008;2,9361;2,9969;105,6191
0,2470;0,0041;1,4605;1,4812;105,6791
-0,3524;0,2680;0,8291;0,9399;105,7395
0,0303;-0,0398;0,4574;0,4601;105,7991
-0,1748;0,0151;0,7759;0,7955;105,8586
0,0788;-0,0596;1,7126;1,7154;105,9191
0,3925;0,0613;2,6449;2,6746;105,9791
0,0295;0,0078;-0,0351;0,0466;106,0390
-0,0930;-0,0605;0,2614;0,2840;106,0992
0,0198;0,0356;2,1771;2,1774;106,1591
-0,0024;0,0020;2,0006;2,0006;106,2189
-0,0078;0,0578;-0,4457;0,4495;106,2797
-0,0002;-0,0513;-0,2790;0,2836;106,3388
0,2753;-0,1386;2,9993;3,0151;106,3989
-1,1154;0,1406;0,3163;1,1679;106,4590
-0,2721;0,1379;-0,8049;0,8608;106,5186
-0,2053;-0,0898;0,5858;0,6271;106,5799
0,6043;-0,1686;1,5344;1,6577;106,6409
-1,3153;0,1159;-0,1481;1,3286;106,7000
0,0073;0,1223;-0,8655;0,8741;106,7598
-0,0115;0,0041;0,1711;0,1715;106,8268
0,7117;-0,3102;3,3822;3,4702;106,8797
-0,4296;-0,1935;0,7049;0,8478;106,9399
0,2697;-0,0151;-0,2355;0,3584;107,0010
0,0561;-0,0725;-0,1320;0,1607;107,0592
0,2182;-0,0320;2,1458;2,1571;107,1200
-0,9128;0,1906;1,2516;1,5608;107,1802
0,5120;0,0417;0,0901;0,5216;107,2402
0,0483;-0,0691;-0,6704;0,6757;107,3005
-0,0203;-0,1045;1,7834;1,7866;107,3602
-1,5945;0,0395;-0,8930;1,8280;107,4226
0,1699;-0,0818;-0,2172;0,2876;107,4819
-0,2009;-0,0408;-0,5284;0,5668;107,5418
0,3017;-0,0649;2,1590;2,1809;107,5994
-0,3515;0,0403;0,2809;0,4517;107,6616
-0,0708;0,0669;-0,5108;0,5200;107,7284
-0,4876;-0,0603;0,4398;0,6594;107,7799
0,0063;-0,0415;1,9781;1,9786;107,8398
0,0513;0,0981;2,8624;2,8645;107,9032
0,3966;0,1333;0,3478;0,5441;107,9602
-0,0586;-0,0642;-0,1213;0,1492;108,0199
0,1240;0,0378;2,2481;2,2518;108,0791
0,6456;-0,0881;3,1165;3,1838;108,1404
0,3207;0,0276;0,2597;0,4136;108,1994
-0,1396;-0,0752;0,1496;0,2180;108,2591
-0,1240;-0,1521;1,4512;1,4644;108,3197
0,3034;-0,2021;1,4090;1,4554;108,3802
0,1211;-0,0137;0,0661;0,1386;108,4415
-0,1020;-0,0386;0,0891;0,1408;108,5012
0,0215;-0,0847;2,1229;2,1247;108,5661
0,9531;-0,2558;3,4621;3,5999;108,6214
0,1940;0,0171;0,2682;0,3315;108,6803
0,0996;0,0222;-0,3166;0,3326;108,7396
-0,0212;-0,2316;2,2144;2,2266;108,7999
0,8540;-0,2109;3,1628;3,2829;108,8602
0,3273;0,0678;0,1799;0,3796;108,9215
-0,0737;-0,0713;-0,0164;0,1038;108,9800
-0,1560;-0,0896;1,9291;1,9375;109,0392
0,0705;-0,0559;2,2156;2,2174;109,0997
0,0879;0,1272;-0,0574;0,1649;109,1625
-0,4872;0,0017;0,5157;0,7094;109,2193
0,3002;-0,0927;0,6546;0,7261;109,2833
0,0940;-0,1679;2,2132;2,2215;109,3401
0,2101;0,0193;0,0420;0,2152;109,3997
-0,2089;-0,0361;0,2460;0,3248;109,4601
0,4020;-0,0044;0,5916;0,7153;109,5245
1,0202;-0,1877;3,0740;3,2443;109,5802
0,5328;0,1218;0,0198;0,5469;109,6390
-0,1008;-0,0027;0,2665;0,2850;109,6995
0,1318;-0,0764;1,8090;1,8154;109,7598
0,3366;-0,0049;1,9432;1,9722;109,8204
0,1408;0,0090;0,2646;0,2998;109,8801
-0,0847;0,0410;0,0871;0,1282;109,9420
0,0085;0,0066;1,9803;1,9804;109,9992
-0,1821;0,1457;2,2383;2,2504;110,0594
0,4110;0,0556;0,2287;0,4736;110,1196
-0,1787;-0,1276;0,7527;0,7841;110,1787
0,0971;0,1972;2,6574;2,6665;110,2394
0,1176;0,0117;2,1407;2,1440;110,3020
0,1955;0,1462;-0,4071;0,4747;110,3594
-0,1396;-0,0544;-0,3490;0,3798;110,4198
0,2118;-0,2243;2,9725;2,9884;110,4795
-0,4427;0,1896;2,1048;2,1592;110,5423
0,2480;-0,0264;-0,1213;0,2773;110,5998
-0,3641;-0,0320;1,0614;1,1226;110,6593
0,2755;0,0195;1,3887;1,4159;110,7196
0,0244;-0,0615;1,3409;1,3425;110,7808
0,0825;-0,1511;1,3502;1,3611;110,8406
0,1743;-0,0857;0,9963;1,0150;110,9006
0,0754;-0,0725;1,1010;1,1059;110,9600
0,0120;-0,0727;1,3446;1,3466;111,0203
-0,0242;0,0393;1,1378;1,1388;111,0815
0,2433;0,0295;0,6126;0,6598;111,1408
0,0310;0,0369;0,4078;0,4107;111,2048
0,0693;-0,0329;2,0648;2,0662;111,2602
0,2323;0,0620;1,9986;2,0131;111,3216
0,4652;0,1809;-0,3522;0,6109;111,3806
-0,0864;-0,0510;0,5596;0,5686;111,4398
0,3666;-0,0993;2,2591;2,2908;111,5019
0,0974;-0,0127;1,5588;1,5619;111,5602
-0,1257;0,1572;-0,9836;1,0040;111,6201
-0,0715;-0,0012;0,6016;0,6059;111,6807
-0,6802;-0,1564;1,9738;2,0935;111,7403
0,1757;-0,0022;1,8283;1,8367;111,8002
-0,3227;0,1931;-0,8591;0,9378;111,8638
-0,5299;-0,0359;0,9536;1,0915;111,9215
0,2262;-0,1562;2,1324;2,1500;111,9821
0,1181;0,0644;1,9369;1,9416;112,0396
0,3244;-0,0051;-0,1159;0,3445;112,1001
-0,0491;-0,0578;0,7869;0,7905;112,1627
-0,1142;-0,2843;2,4982;2,5170;112,2194
-0,0210;-0,1826;1,7211;1,7309;112,2794
0,1142;0,0034;0,5096;0,5223;112,3396
0,0566;-0,0005;0,5518;0,5547;112,4001
0,1538;-0,0693;1,5720;1,5810;112,4612
0,1001;-0,0527;1,6592;1,6630;112,5221
-0,4803;-0,0757;-0,8389;0,9696;112,5798
0,1801;0,0998;0,3451;0,4019;112,6412
-0,2709;-0,2099;2,9400;2,9599;112,7007
0,3026;-0,1162;1,9957;2,0219;112,7606
0,2755;-0,0010;-0,0227;0,2765;112,8271
-0,0015;-0,0581;0,6324;0,6350;112,8803
0,1464;-0,2680;2,1473;2,1689;112,9450
0,2507;-0,1879;1,8690;1,8951;113,0011
-0,8545;0,3219;-1,3489;1,6289;113,0601
0,1957;-0,0139;0,4542;0,4948;113,1217
0,1394;-0,1030;1,2462;1,2582;113,1808
-0,0176;-0,0722;1,4324;1,4343;113,2438
0,2397;-0,1589;0,9406;0,9836;113,3008
0,1259;-0,0547;0,6050;0,6204;113,3618
-0,0522;-0,0930;0,8989;0,9052;113,4203
0,2409;-0,0154;1,7255;1,7423;113,4802
0,3619;0,0461;0,8503;0,9253;113,5403
-0,1098;-0,0325;0,7947;0,8029;113,6018
0,0134;-0,0820;0,9909;0,9944;113,6608
0,2358;-0,0498;1,7050;1,7220;113,7205
0,2721;0,0308;1,4522;1,4778;113,7840
0,1413;-0,0112;0,5013;0,5210;113,8412
-0,1115;-0,0464;0,2450;0,2732;113,9002
0,0098;-0,0295;1,6513;1,6516;113,9602
0,0798;0,1091;2,1395;2,1437;114,0201
0,3959;-0,0203;-0,3351;0,5191;114,0803
-0,1076;0,0366;0,4242;0,4392;114,1400
0,2548;-0,2165;2,1126;2,1389;114,2014
0,2892;-0,1223;1,9928;2,0174;114,2607
-0,3502;0,1955;-0,8528;0,9424;114,3216
-0,0608;-0,0317;0,8345;0,8373;114,3810
-0,2170;-0,1071;2,0145;2,0290;114,4405
0,3673;-0,0373;1,8285;1,8654;114,4998
0,3610;-0,2738;1,3982;1,4698;114,5614
0,0044;-0,1484;0,8044;0,8180;114,6202
-0,0095;-0,1257;0,6668;0,6786;114,6801
0,1481;-0,1042;1,4092;1,4208;114,7411
-0,4976;0,0317;0,4637;0,6810;114,8009
0,0437;-0,0251;0,2409;0,2461;114,8608
-0,0615;0,0576;0,3434;0,3536;114,9252
0,3024;-0,1193;0,4544;0,5588;114,9800
0,0168;-0,0783;1,7019;1,7037;115,0408
0,0735;0,0391;0,6414;0,6468;115,1001
0,1403;-0,0100;0,8310;0,8429;115,1594
0,1345;-0,0041;1,2169;1,2243;115,2202
0,1403;-0,0383;1,7119;1,7180;115,2808
0,1411;0,0034;1,0285;1,0381;115,3402
0,2065;0,0217;0,4552;0,5003;115,4016
0,0154;-0,0554;0,9101;0,9119;115,4593
0,2594;0,0127;1,9442;1,9615;115,5218
0,0652;-0,1115;1,5518;1,5571;115,5944
0,3019;-0,0449;0,0024;0,3052;115,6394
-0,2009;-0,0132;0,1623;0,2586;115,7007
0,3187;-0,1711;2,0531;2,0847;115,7603
0,1931;0,0288;1,8957;1,9057;115,8196
-0,3868;0,0945;-1,1239;1,1924;115,8806
0,0632;-0,0083;0,3436;0,3495;115,9396
0,6092;-0,1191;0,3807;0,7282;115,9999
0,1513;-0,2201;1,7541;1,7743;116,0599
0,1726;-0,0012;0,8057;0,8239;116,1205
0,1369;-0,0276;0,7854;0,7977;116,1826
0,0095;-0,1064;1,1683;1,1732;116,2411
0,1242;0,0290;1,7939;1,7984;116,3001
0,3534;0,1318;1,1918;1,2500;116,3608
0,1357;0,0078;0,5211;0,5385;116,4195
-0,3954;-0,0556;0,6917;0,7987;116,4802
0,1096;-0,0037;1,8110;1,8143;116,5401
0,8586;-0,2868;2,4592;2,6205;116,5995
0,1489;0,1203;0,1391;0,2366;116,6606
-0,1906;0,1625;-0,3378;0,4205;116,7206
0,4886;-0,1772;1,7863;1,8604;116,7792
0,6631;-0,1943;2,1529;2,2611;116,8455
0,3868;0,1818;0,6741;0,7982;116,8996
0,2319;0,1064;0,3949;0,4701;116,9645
-0,0068;-0,1037;3,1362;3,1380;117,0200
0,3002;-0,0857;2,0977;2,1208;117,0806
-0,4779;0,3446;1,2467;1,3789;117,1408
0,0127;-0,0098;0,0925;0,0939;117,1999
-0,1064;0,0383;0,1154;0,1616;117,2595
0,0171;-0,0212;1,7011;1,7013;117,3199
0,4542;0,0073;2,5646;2,6046;117,3793
0,1879;-0,1337;0,0122;0,2310;117,4406
-0,2653;0,0203;0,1999;0,3328;117,4997
0,3554;-0,1972;2,3089;2,3443;117,5595
-0,0278;-0,2487;1,3555;1,3784;117,6208
0,2275;0,1411;0,0971;0,2847;117,6801
0,0159;0,0085;0,5684;0,5687;117,7410
-0,3693;-0,2060;0,6238;0,7536;117,8012
0,6670;-0,1215;2,1146;2,2206;117,8603
0,4010;0,0432;0,1957;0,4483;117,9224
0,1057;-0,0620;0,7856;0,7951;117,9803
0,2843;0,0029;0,1401;0,3170;118,0405
0,7542;-0,2287;1,8978;2,0550;118,1057
0,3663;0,1035;0,9919;1,0624;118,1611
0,1572;0,0251;0,5491;0,5717;118,2208
0,2812;0,0066;1,5466;1,5720;118,2814
0,2507;-0,1350;1,6230;1,6478;118,3402
0,1916;0,0361;1,0260;1,0444;118,4010
0,3497;0,0808;0,2236;0,4229;118,4622
0,1069;-0,1640;1,1334;1,1502;118,5210
0,2411;-0,1372;1,5283;1,5533;118,5810
-0,0103;-0,1506;0,6207;0,6387;118,6467
0,2126;0,0322;0,3698;0,4277;118,7001
0,2197;-0,1323;1,1256;1,1545;118,7629
0,2433;-0,0666;1,8805;1,8974;118,8209
0,0054;-0,0205;0,7444;0,7447;118,8813
0,3468;0,1062;0,1726;0,4017;118,9424
0,0469;-0,1384;1,2750;1,2833;119,0043
0,2987;-0,0683;1,7314;1,7583;119,0614
0,2736;0,0503;1,1696;1,2022;119,1215
0,3200;0,1010;0,2594;0,4241;119,1830
0,3519;-0,2145;1,3939;1,4535;119,2410
0,5067;0,0146;1,9027;1,9691;119,3002
0,2260;0,0217;0,9946;1,0202;119,3597
0,1992;-0,0151;0,5284;0,5649;119,4201
-0,0139;-0,1550;0,9865;0,9987;119,4841
0,6639;-0,0705;1,8300;1,9480;119,5415
0,3378;-0,1542;1,1769;1,2341;119,5999
0,0571;-0,0637;0,3632;0,3731;119,6599
0,0822;0,1203;0,1530;0,2113;119,7197
0,3107;-0,0986;1,8302;1,8590;119,7802
0,2585;0,0117;1,5220;1,5438;119,8422
0,3612;0,0554;0,2289;0,4312;119,9003
0,0544;-0,0754;1,1410;1,1448;119,9617
0,4154;-0,0586;1,5635;1,6188;120,0202
0,2885;0,0337;1,7045;1,7291;120,0815
0,6138;0,0259;-0,0183;0,6146;120,1394
0,3366;-0,1835;3,6722;3,6922;120,1999
0,2394;-0,1020;1,4483;1,4715;120,2596
0,1296;0,1811;1,0492;1,0726;120,3203
0,4025;0,0774;0,1650;0,4418;120,3801
0,4164;-0,1503;1,6177;1,6771;120,4444
0,6270;-0,0923;1,7929;1,9016;120,5002
0,4000;0,0647;1,2857;1,3481;120,5608
0,1894;0,0337;0,4003;0,4441;120,6211
0,1721;-0,1667;1,0563;1,0831;120,6808
0,2736;0,0112;1,6760;1,6982;120,7399
0,2939;0,1464;1,3267;1,3668;120,8001
0,1516;0,0044;0,4813;0,5046;120,8685
0,3378;0,0434;1,0439;1,0980;120,9200
0,3678;-0,0771;1,6955;1,7367;120,9834
0,4259;0,0627;1,4978;1,5585;121,0398
0,0996;-0,0752;0,3019;0,3267;121,1000
0,1335;-0,0979;1,1561;1,1679;121,1632
0,4906;-0,1211;1,5825;1,6612;121,2199
0,4606;0,2057;1,3101;1,4039;121,2798
0,2236;-0,0061;0,2516;0,3367;121,3401
0,0327;0,0083;1,0268;1,0273;121,4047
0,7598;-0,0700;2,8333;2,9343;121,4597
0,5701;0,0188;1,7595;1,8496;121,5199
-0,0273;-0,0988;0,1052;0,1469;121,5799
-0,0244;0,0081;1,0514;1,0517;121,6435
0,8547;0,0400;2,9627;3,0838;121,6998
2,0550;-0,4935;3,1079;3,7584;121,7595
0,1369;-0,0281;0,2748;0,3083;121,8200
-0,0312;-0,0654;0,4830;0,4884;121,8793
0,6858;-0,0344;2,1793;2,2849;121,9401
2,4057;-0,6109;5,6738;6,1929;122,0022
0,0805;-0,0876;0,1896;0,2239;122,0597
0,3002;0,0229;0,6419;0,7090;122,1205
0,3331;-0,0200;2,0528;2,0798;122,1799
-0,0452;-0,0788;0,6582;0,6645;122,2393
0,2492;0,0266;0,2219;0,3347;122,2995
0,2865;-0,0737;1,3729;1,4044;122,3608
0,5211;-0,1259;1,6428;1,7281;122,4199
0,6324;0,2321;1,4932;1,6381;122,4797
0,2709;-0,0181;0,4767;0,5486;122,5395
0,2702;-0,0034;1,5808;1,6037;122,6059
0,4256;-0,0622;1,7324;1,7850;122,6597
0,3951;-0,0225;1,0102;1,0849;122,7200
0,3454;0,0727;0,4208;0,5492;122,7806
0,5321;-0,1008;1,2442;1,3570;122,8456
0,3993;-0,0159;2,0555;2,0940;122,9006
0,3527;-0,0273;0,8689;0,9381;122,9612
0,1067;-0,1708;0,6414;0,6723;123,0196
0,2609;-0,2721;2,9349;2,9590;123,0806
0,8220;0,0522;2,1212;2,2755;123,1402
0,0200;0,0671;0,3061;0,3140;123,1991
0,1740;0,0298;0,8032;0,8224;123,2590
0,1704;-0,4469;-1,2464;1,3350;123,3197
0,5428;-0,0171;1,3504;1,4555;123,3791
0,2572;0,1381;1,0844;1,1230;123,4395
0,2897;0,0000;0,8877;0,9337;123,5015
0,2873;0,1020;0,8369;0,8907;123,5611
0,1377;-0,1301;1,0439;1,0609;123,6193
0,2526;0,1020;0,9228;0,9622;123,6802
0,1723;-0,1213;1,2477;1,2653;123,7391
0,2611;0,0132;0,9985;1,0321;123,7996
0,1535;0,0473;0,9621;0,9754;123,8593
0,2655;0,1716;1,1137;1,1577;123,9252
0,1735;0,1755;1,2787;1,3023;123,9788
0,1948;0,2831;0,8340;0,9020;124,0389
0,0234;0,6434;0,7241;0,9689;124,0999
-0,1067;0,6836;0,9540;1,1785;124,1594
-0,0920;0,7366;0,5035;0,8970;124,2193
0,3749;0,6546;0,4649;0,8861;124,2828
-0,1723;0,6731;0,7710;1,0379;124,3394
-0,2621;0,5696;0,6846;0,9284;124,3994
-0,0139;0,5726;0,9699;1,1264;124,4587
0,2633;0,3856;0,8086;0,9337;124,5192
0,1154;0,4955;1,3985;1,4881;124,5792
0,0237;0,5023;0,8191;0,9611;124,6389
-0,0059;0,4244;1,0746;1,1554;124,7099
0,0488;0,3507;0,9282;0,9934;124,7592
0,0244;0,4308;0,9489;1,0424;124,8206
0,0083;0,3678;0,9528;1,0214;124,8787
0,0395;0,2511;1,0717;1,1014;124,9391
0,0727;0,2221;0,9914;1,0186;125,0074
0,0808;0,2216;0,9899;1,0176;125,0585
0,0915;0,1630;1,0192;1,0362;125,1191
0,0391;0,2558;0,9838;1,0173;125,1797
0,0417;0,2160;0,9933;1,0174;125,2471
0,0498;0,2270;0,9482;0,9763;125,2990
0,0193;0,2629;0,9982;1,0324;125,3594
0,0361;0,2250;0,9902;1,0161;125,4191
0,0542;0,2282;1,0097;1,0366;125,4795
0,0544;0,2233;0,9658;0,9927;125,5390
0,0761;0,2055;0,9907;1,0146;125,5994
0,0564;0,2677;0,9702;1,0080;125,6604
0,0437;0,2902;0,8471;0,8965;125,7193
0,0085;0,3500;1,0051;1,0643;125,7817
0,0364;0,3114;0,9741;1,0233;125,8396
0,0273;0,3461;0,9880;1,0472;125,8986
0,0142;0,3607;0,9497;1,0160;125,9587
0,0049;0,3661;0,9362;1,0053;126,0190
-0,0015;0,4010;0,8711;0,9589;126,0791
-0,0237;0,4681;0,8318;0,9547;126,1391
-0,0381;0,4361;0,9687;1,0630;126,2002
-0,0725;0,5779;0,8759;1,0519;126,2589
-0,0625;0,5474;0,7791;0,9542;126,3187
-0,0837;0,5887;0,7044;0,9218;126,3805
-0,0718;0,5653;0,8071;0,9880;126,4648
-0,0632;0,6055;0,7742;0,9849;126,4972
-0,0537;0,6104;0,8064;1,0128;126,5568
-0,0657;0,6165;0,8013;1,0131;126,6172
-0,0791;0,6734;0,6768;0,9580;126,6771
-0,1096;0,6629;0,6678;0,9473;126,7370
-0,0803;0,6094;0,6936;0,9268;126,7976
-0,0725;0,6146;0,6888;0,9259;126,8570
-0,0564;0,5264;0,7888;0,9500;126,9172
0,0146;0,4249;0,9479;1,0389;126,9769
0,0105;0,4059;1,0256;1,1030;127,0375
-0,0061;0,4064;0,9619;1,0442;127,0976
-0,0513;0,4915;0,8679;0,9987;127,1569
