0,0268;0,2050;0,9760;0,9977;0,1103
0,0273;0,1616;0,9799;0,9935;0,1357
0,0117;0,0896;1,0519;1,0558;0,3667
0,0608;0,1538;0,9560;0,9702;0,3684
0,0935;0,1474;0,9489;0,9648;0,3699
0,0837;0,1892;0,9860;1,0075;0,3716
0,0874;0,1706;0,9980;1,0162;0,4349
0,0730;0,1508;0,9694;0,9838;0,4789
0,0732;0,1193;0,9733;0,9833;0,5389
0,0603;0,0735;0,9980;1,0025;0,5992
0,0896;0,0981;0,9807;0,9896;0,6603
0,0840;0,1355;0,9982;1,0109;0,7199
0,0771;0,1103;1,0043;1,0133;0,7798
0,0732;0,1215;0,9907;1,0008;0,8408
0,0735;0,1335;0,9877;0,9994;0,9006
0,0740;0,1198;0,9907;1,0006;0,9607
0,0722;0,1259;0,9907;1,0012;1,0213
0,0835;0,1279;0,9970;1,0086;1,0849
0,0708;0,1023;0,9907;0,9984;1,1403
0,1003;0,0996;0,9765;0,9867;1,2020
0,1359;0,0620;0,9792;0,9905;1,2608
0,2546;0,0627;1,0036;1,0373;1,3210
0,3170;0,0530;1,0529;1,1009;1,3851
0,3659;-0,0442;1,4043;1,4519;1,4486
0,3646;0,0752;1,1249;1,1849;1,5053
0,5084;0,0427;1,0812;1,1955;1,5608
0,4232;0,1567;0,9030;1,0095;1,6211
0,2399;-0,1015;1,2067;1,2345;1,6816
0,1076;0,0588;0,7451;0,7552;1,7401
0,1821;0,0896;0,6556;0,6862;1,8012
0,0686;-0,0437;0,7669;0,7712;1,8625
0,1306;0,0442;0,8530;0,8641;1,9205
0,1330;-0,0073;0,8044;0,8154;1,9807
0,1567;0,0205;0,9243;0,9377;2,0427
0,2533;-0,1877;1,0585;1,1045;2,1021
0,3371;-0,1052;0,9343;0,9988;2,1601
0,2387;-0,0937;0,7639;0,8058;2,2203
0,3751;-0,0364;0,9619;1,0331;2,2851
0,3690;-0,0766;0,9821;1,0520;2,3401
0,3363;-0,0344;0,9655;1,0230;2,4005
0,3446;-0,0142;0,8811;0,9462;2,4652
0,2892;-0,0464;1,1408;1,1778;2,5206
0,1748;-0,2299;2,0921;2,1120;2,5830
-0,9016;0,0574;0,5211;1,0429;2,6431
0,1572;-0,0388;0,4427;0,4714;2,7007
-1,8124;0,0564;2,0314;2,7229;2,7600
0,4842;-0,6980;7,3005;7,3497;2,8203
0,4300;0,0093;1,1366;1,2153;2,8820
1,0746;0,0085;2,8665;3,0614;2,9405
-1,1898;0,1276;0,6934;1,3830;3,0007
-0,0744;0,0034;0,7742;0,7778;3,0603
0,2179;0,0530;0,4786;0,5286;3,1216
2,2378;-0,1247;-1,1923;2,5387;3,1795
0,4318;0,0034;1,1793;1,2559;3,2404
0,7146;0,0395;2,2574;2,3681;3,3014
1,5679;-0,0544;3,3844;3,7304;3,3633
-0,1108;0,0122;0,7935;0,8012;3,4202
0,0315;-0,0327;0,8764;0,8776;3,4806
0,6363;-0,2048;2,5395;2,6260;3,5417
0,1086;-0,0298;1,2408;1,2459;3,6009
0,5155;0,0205;1,1742;1,2825;3,6605
-4,1474;0,2797;0,4640;4,1826;3,7201
0,7400;0,0107;0,0500;0,7418;3,7804
-0,0615;-0,0364;0,8000;0,8032;3,8396
-0,6626;-0,1352;-0,8977;1,1239;3,9000
0,1569;0,0134;1,5447;1,5527;3,9642
0,6416;0,0361;1,1452;1,3132;4,0234
-6,0018;-0,1030;-0,0566;6,0029;4,0802
-0,8545;0,0000;-3,1028;3,2183;4,1421
-0,0754;-0,0200;0,7249;0,7291;4,2016
0,0722;-0,0183;0,8118;0,8152;4,2595
0,9128;-0,0566;0,0193;0,9148;4,3200
0,6006;-0,0654;1,1896;1,3342;4,3817
0,3846;-0,0244;1,0800;1,1467;4,4402
-0,8025;0,1030;1,5989;1,7919;4,5004
-1,1105;-0,2541;-5,2342;5,3567;4,5599
-0,0559;-0,0251;0,6563;0,6591;4,6207
0,2709;0,1686;0,0268;0,3202;4,6814
0,9960;-0,5118;7,9885;8,0666;4,7392
0,5406;0,0293;1,3529;1,4572;4,8002
0,2734;-0,0891;1,5708;1,5969;4,8613
-0,7114;-0,1128;-3,1047;3,1872;4,9190
-0,0676;-0,0286;0,7761;0,7796;4,9799
0,0610;-0,0915;0,8962;0,9029;5,0415
0,2575;-0,2233;-0,2502;0,4228;5,1009
0,7925;0,0247;1,2274;1,4612;5,1636
0,2172;-0,0310;1,0060;1,0297;5,2222
1,1381;-0,1977;2,5612;2,8096;5,2796
0,2970;0,0564;0,1684;0,3461;5,3397
0,0049;-0,0569;0,7283;0,7305;5,4036
-0,2097;0,0312;-1,4134;1,4292;5,4615
0,0539;0,0422;1,3165;1,3183;5,5204
0,8550;0,1518;0,3493;0,9359;5,5795
-0,8628;0,0583;1,0929;1,3936;5,6391
-0,3300;0,1423;0,0483;0,3626;5,6987
-0,0654;0,0107;0,6272;0,6307;5,7595
0,1906;0,1223;0,4386;0,4936;5,8226
0,2934;-0,0593;3,5201;3,5328;5,8794
0,5494;0,0085;1,0241;1,1622;5,9398
1,3919;-0,0103;2,3950;2,7701;6,0008
1,5886;-0,0742;4,4564;4,7316;6,0593
0,0786;0,0449;0,5167;0,5246;6,1198
0,0488;-0,0117;0,8850;0,8864;6,1830
0,7878;-0,1225;0,0622;0,7997;6,2408
0,0366;-0,1262;1,7182;1,7232;6,2994
0,8157;-0,0122;1,1630;1,4205;6,3618
-1,3738;0,3683;0,4840;1,5024;6,4198
-0,3929;-0,1147;1,4566;1,5130;6,4816
-0,0654;0,0110;0,5247;0,5289;6,5392
0,1935;-0,0059;0,5850;0,6162;6,6027
-2,2190;0,0923;1,0021;2,4366;6,6616
0,5064;-0,0115;1,4978;1,5812;6,7248
0,4684;0,0168;1,9635;2,0187;6,7807
1,6272;-0,2143;4,0759;4,3939;6,8398
-0,0437;-0,0212;0,5545;0,5566;6,9019
0,2131;0,0722;0,5396;0,5846;6,9592
1,6618;0,0256;-2,0772;2,6603;7,0230
0,1769;-0,1135;1,2552;1,2727;7,0789
0,5931;0,1855;1,5296;1,6510;7,1418
0,5020;0,1284;1,9925;2,0588;7,2023
0,0373;-0,0083;0,2272;0,2304;7,2584
0,0215;-0,0759;0,9643;0,9675;7,3189
-0,7849;-0,4469;5,8070;5,8769;7,3809
-0,0103;-0,0369;1,4222;1,4227;7,4391
0,2873;0,0222;1,0241;1,0639;7,5020
-1,2308;-0,0576;0,6404;1,3887;7,5608
0,1447;0,0517;0,5338;0,5555;7,6192
-0,0615;-0,0432;0,9213;0,9244;7,6827
0,2777;0,0466;-2,2693;2,2867;7,7385
-0,0415;-0,0393;1,0324;1,0340;7,8000
0,5472;0,0647;1,8925;1,9711;7,8616
0,2565;0,0896;-2,7731;2,7863;7,9189
-0,0869;-0,0627;0,5579;0,5681;7,9792
-0,0300;-0,0495;0,6975;0,6999;8,0401
3,2502;0,0871;-5,0365;5,9948;8,1025
0,1037;-0,0020;1,3765;1,3804;8,1699
0,5323;-0,1296;2,6071;2,6640;8,2193
2,6601;-0,4608;6,5710;7,1039;8,2814
-0,0391;0,0481;0,7463;0,7489;8,3391
-0,0932;-0,0700;0,7983;0,8068;8,3998
1,1918;0,1586;0,2934;1,2376;8,4596
0,0703;0,0342;1,1173;1,1201;8,5197
-4,1886;0,1018;-0,6607;4,2416;8,5856
-0,6744;0,1049;0,2714;0,7345;8,6397
-0,1940;-0,0586;0,7627;0,7892;8,7001
-0,2673;-0,0732;0,4039;0,4898;8,7613
-1,3533;-0,0137;0,7266;1,5361;8,8190
0,3014;0,0100;1,2486;1,2845;8,8800
-0,2890;0,1682;2,1612;2,1869;8,9408
-0,8393;0,2275;-0,2082;0,8942;9,0066
-0,1867;-0,0471;0,8674;0,8885;9,0594
0,1525;0,0098;0,5333;0,5548;9,1192
-0,2014;-0,0039;1,1908;1,2077;9,1807
0,3759;-0,0161;1,2772;1,3314;9,2389
-3,8865;0,0310;-0,0356;3,8868;9,2999
1,1090;-0,0344;1,2826;1,6959;9,3651
-0,1369;-0,0320;0,7798;0,7924;9,4194
-0,0801;0,0073;0,7622;0,7664;9,4799
-0,7871;0,0000;0,9794;1,2565;9,5417
0,4005;-0,0002;1,3262;1,3854;9,6037
1,2530;0,0666;3,4223;3,6451;9,6593
-0,0286;-0,0495;0,7378;0,7400;9,7207
-0,1845;-0,0544;0,8306;0,8525;9,7787
0,1308;0,0391;0,6563;0,6703;9,8397
-0,1364;0,1435;0,3017;0,3608;9,9044
0,3436;0,0207;1,2359;1,2830;9,9593
-5,0270;0,1230;-0,6631;5,0720;10,0199
-2,0140;0,6067;1,6584;2,6786;10,0820
-0,1787;-0,0564;0,8986;0,9180;10,1395
-0,0100;-0,0412;0,8083;0,8095;10,2010
-0,5870;0,4022;0,1189;0,7214;10,2596
0,2450;0,0356;1,2179;1,2428;10,3207
-0,2990;0,0530;2,7555;2,7722;10,3789
-0,3556;-0,0403;-2,6686;2,6925;10,4398
-0,1257;-0,0329;0,9499;0,9587;10,5022
-0,0776;0,0039;0,5128;0,5186;10,5594
0,5963;-0,2406;0,0344;0,6439;10,6216
0,3685;0,0173;1,6496;1,6904;10,6820
-0,4012;-0,2699;1,0609;1,1660;10,7398
-0,2436;-0,2348;-0,7551;0,8275;10,7995
-0,0854;-0,0195;0,8862;0,8905;10,8617
-0,2594;-0,0801;-0,5736;0,6346;10,9192
0,3805;0,2580;3,2714;3,3036;10,9791
0,1408;-0,0022;1,2284;1,2364;11,0388
-0,3097;-0,0979;1,1837;1,2275;11,1020
0,1086;0,0178;0,3929;0,4081;11,1590
-0,0657;0,0898;0,7810;0,7889;11,2195
1,5513;0,2316;-0,3624;1,6098;11,2800
0,4310;-0,0095;1,3397;1,4073;11,3389
0,1591;0,0134;1,1786;1,1894;11,3995
0,0154;-0,0625;0,6436;0,6468;11,4599
-0,1067;-0,1887;1,0836;1,1051;11,5188
0,0237;-0,1140;1,0358;1,0423;11,5790
0,0635;-0,1594;1,2220;1,2340;11,6400
0,0225;-0,0903;0,9948;0,9992;11,6987
0,0476;-0,2736;1,2735;1,3035;11,7594
-0,7903;-0,1650;2,6244;2,7458;11,8226
0,0408;-0,0434;0,4298;0,4339;11,8802
0,0351;-0,0422;0,9587;0,9603;11,9450
-0,5138;-0,0703;0,8994;1,0382;12,0010
0,0154;-0,0290;1,5520;1,5524;12,0606
0,6024;-0,0442;2,0479;2,1352;12,1186
0,6089;-0,0588;-0,0903;0,6184;12,1790
0,0127;0,0166;0,9780;0,9782;12,2393
0,9792;-0,0918;-0,6575;1,1830;12,3035
-0,2143;-0,0703;1,8813;1,8947;12,3602
1,3245;-0,2599;3,0388;3,3251;12,4212
1,7570;-0,0417;1,7170;2,4570;12,4795
-0,0132;0,0076;0,8955;0,8956;12,5402
-0,0766;-0,0471;0,7432;0,7486;12,5990
-0,1345;-0,0786;0,2690;0,3108;12,6621
0,6631;0,0864;1,5191;1,6597;12,7218
-0,0144;0,0078;1,7204;1,7205;12,7805
-0,5304;0,0661;-0,7593;0,9285;12,8396
-0,0149;-0,0442;0,9506;0,9518;12,9000
-0,4784;-0,0207;0,1694;0,5079;12,9626
0,6595;0,0129;3,8845;3,9401;13,0199
0,2724;0,0405;1,2508;1,2808;13,0804
0,3205;-0,1718;1,7541;1,7914;13,1399
-0,1835;-0,1433;-0,4576;0,5134;13,2006
0,0129;-0,0359;0,9240;0,9248;13,2595
0,3207;-0,1398;0,0847;0,3600;13,3198
0,4513;0,1276;2,3767;2,4225;13,3837
0,1726;-0,0029;1,1059;1,1192;13,4413
-2,4521;0,1445;-2,8312;3,7482;13,5003
0,1491;-0,0364;0,5001;0,5231;13,5602
0,1333;-0,0393;0,7537;0,7664;13,6224
1,7016;-0,0486;-2,7099;3,2002;13,6801
0,0364;-0,0908;1,0075;1,0122;13,7482
1,8366;-0,0181;2,9915;3,5103;13,7991
1,2279;-0,2643;2,4787;2,7788;13,8601
-0,0122;-0,0471;0,8264;0,8278;13,9232
-0,0247;0,0339;0,4989;0,5006;13,9809
0,2204;0,0198;0,6336;0,6711;14,0405
0,5450;0,0708;1,2755;1,3888;14,1029
1,8566;0,2631;2,0235;2,7588;14,1592
-1,2655;0,3290;-3,7408;3,9627;14,2187
0,0635;-0,0183;0,8667;0,8692;14,2797
-0,1303;0,0654;-0,4828;0,5043;14,3397
-0,2814;-0,1445;1,0085;1,0569;14,4026
0,5247;0,1074;1,4388;1,5352;14,4596
-1,4353;0,0349;0,3541;1,4788;14,5220
0,3300;0,0622;0,3624;0,4941;14,5792
-0,1435;-0,0290;1,0385;1,0488;14,6396
0,4174;-0,1010;-2,7665;2,7996;14,7007
-0,2738;-0,1577;0,9636;1,0141;14,7628
0,0620;0,1677;1,8788;1,8873;14,8193
-0,7803;-0,0154;-1,3150;1,5292;14,8796
0,0327;-0,0132;0,8491;0,8498;14,9428
-0,7485;-0,1377;0,4166;0,8677;14,9990
0,0005;-0,1179;2,2361;2,2392;15,0596
1,0680;-0,3222;2,2859;2,5436;15,1223
0,8628;-0,2428;2,0301;2,2192;15,1802
0,0469;-0,0320;0,6560;0,6585;15,2401
-0,1123;-0,1211;-0,9709;0,9848;15,2987
0,3344;-0,0085;2,9866;3,0053;15,3594
0,2682;-0,0334;1,1852;1,2156;15,4210
-0,5704;-0,0698;1,1415;1,2780;15,4788
0,0542;-0,2404;0,1308;0,2790;15,5412
0,0051;0,0327;0,4818;0,4829;15,6009
0,0966;-0,0185;0,9858;0,9907;15,6611
0,1372;-0,1135;1,2040;1,2171;15,7208
0,1591;0,0105;1,0065;1,0191;15,7793
0,0840;-0,0164;0,9980;1,0016;15,8428
-0,6580;-0,1276;1,2125;1,3854;15,9048
-0,3095;-0,0620;1,3140;1,3514;15,9592
0,2382;-0,1474;-0,3541;0,4515;16,0235
-0,0071;-0,0334;0,7888;0,7896;16,0802
0,2472;0,0635;0,6524;0,7005;16,1386
0,5533;0,0930;2,2674;2,3357;16,2017
0,0329;0,0120;1,4707;1,4712;16,2585
0,1752;-0,0005;1,1356;1,1491;16,3191
0,3402;-0,0791;1,5139;1,5537;16,3796
-0,0207;-0,0164;0,2267;0,2283;16,4389
0,0639;-0,0344;0,8557;0,8588;16,4994
-0,3993;-0,1098;-0,2409;0,4791;16,5649
0,5081;-0,1208;0,9797;1,1102;16,6181
0,3290;-0,0569;1,2511;1,2949;16,6792
-1,8878;0,1364;0,4640;1,9488;16,7401
-0,2858;0,0073;0,1882;0,3423;16,7991
0,0869;-0,0649;0,8808;0,8875;16,8592
0,0556;-0,1723;0,8913;0,9095;16,9192
0,2031;0,0471;1,0983;1,1179;16,9788
0,2214;-0,0073;1,1190;1,1407;17,0400
0,2133;0,2709;0,8598;0,9264;17,1026
0,0866;-0,0510;1,0644;1,0691;17,1585
0,1045;0,1296;1,0365;1,0498;17,2185
0,0832;0,0774;0,7036;0,7128;17,2786
0,2114;0,0886;0,7415;0,7761;17,3389
0,1701;0,0603;0,9226;0,9401;17,3976
0,1843;0,0081;0,9916;1,0086;17,4593
0,2323;0,0832;1,0439;1,0726;17,5196
0,2697;0,0415;0,9453;0,9839;17,5844
0,2133;0,0159;1,2294;1,2478;17,6384
-0,1791;0,0166;-0,2941;0,3448;17,6984
-0,4130;-0,0903;-1,1893;1,2622;17,7594
0,1777;0,0081;0,7717;0,7920;17,8194
0,2795;-0,0002;0,2775;0,3938;17,8811
0,1406;-0,0993;1,6889;1,6977;17,9406
0,2716;-0,0193;1,7226;1,7440;18,0000
0,1201;-0,0115;1,0993;1,1059;18,0590
-0,1486;0,0281;1,0922;1,1026;18,1208
0,2209;0,1211;-0,0430;0,2555;18,1793
0,0622;0,0000;0,8279;0,8302;18,2394
-0,4313;-0,1582;0,6509;0,7967;18,2986
0,2738;-0,0391;1,8400;1,8607;18,3598
0,2980;-0,0430;1,2606;1,2961;18,4185
0,0107;-0,0383;1,7168;1,7172;18,4796
0,2511;0,0107;0,0700;0,2609;18,5379
0,0801;0,0017;0,7991;0,8031;18,6032
0,6119;-0,1325;5,7763;5,8101;18,6584
0,1696;-0,0432;1,3760;1,3871;18,7214
1,2330;-0,1491;3,5009;3,7146;18,7814
-1,3660;0,2502;-1,9667;2,4076;18,8391
0,1164;0,0391;0,5870;0,5997;18,8984
0,4166;0,0120;-0,2443;0,4831;18,9579
0,8594;0,0247;6,0999;6,1602;19,0232
0,3229;-0,0017;1,4087;1,4453;19,0784
1,1327;-0,0654;1,6870;2,0330;19,1382
0,2572;0,1045;0,1250;0,3045;19,1979
-0,0107;0,0056;0,8713;0,8714;19,2590
-0,1655;-0,1464;-0,4864;0,5343;19,3176
0,6775;0,5311;1,8056;2,0003;19,3785
0,1172;-0,0061;1,1949;1,2007;19,4391
1,9867;-0,2104;5,5049;5,8562;19,5025
0,0464;0,0156;0,5845;0,5866;19,5583
0,3092;0,0940;0,6451;0,7215;19,6178
-1,2098;0,1801;1,3316;1,8081;19,6810
0,5001;0,0832;1,6667;1,7421;19,7376
-1,3111;0,1601;1,0627;1,6953;19,8002
0,1272;-0,0432;0,3578;0,3822;19,8592
0,0993;0,0049;0,8225;0,8285;19,9191
-0,3541;-0,2655;3,2263;3,2565;19,9824
0,0486;-0,0447;1,3714;1,3730;20,0405
0,2175;0,0107;1,3336;1,3512;20,0986
0,5589;0,0520;0,6785;0,8806;20,1610
-0,0312;0,0095;0,6541;0,6549;20,2224
0,0525;0,0132;0,3268;0,3313;20,2775
-0,1840;0,0639;4,4498;4,4541;20,3378
0,3763;0,0215;1,5889;1,6330;20,4015
0,1911;0,0537;1,4849;1,4981;20,4579
0,6002;0,1467;0,3329;0,7018;20,5176
0,0100;-0,0281;0,4476;0,4486;20,5780
0,3834;-0,0720;-0,8562;0,9409;20,6422
0,1740;-0,0481;1,4500;1,4612;20,6979
1,7355;0,0337;3,7349;4,1186;20,7588
-1,5130;0,2077;-1,3890;2,0643;20,8187
0,0774;-0,0378;0,6836;0,6890;20,8785
0,5008;-0,0903;-0,8144;0,9604;20,9382
-0,1335;-0,0327;2,0409;2,0455;21,0003
0,2609;0,0029;1,1827;1,2112;21,0579
-4,3099;0,1630;3,1140;5,3197;21,1193
0,0251;0,0022;0,5286;0,5292;21,1779
0,4837;0,0984;0,7874;0,9293;21,2374
0,3617;0,0737;0,1499;0,3984;21,2979
0,0710;0,3527;0,2570;0,4421;21,3580
0,3022;0,0732;1,1164;1,1588;21,4502
0,1696;0,1013;1,1032;1,1207;21,4792
0,1196;0,0310;0,8862;0,8948;21,5375
0,1928;0,0308;1,0998;1,1170;21,5970
0,1960;0,0193;0,9126;0,9336;21,6562
0,2219;-0,0207;0,9975;1,0221;21,7167
0,1123;0,0334;1,0138;1,0206;21,7770
0,2575;-0,0920;1,0688;1,1032;21,8384
0,2470;-0,1523;0,9880;1,0297;21,8972
0,2694;-0,1001;0,9838;1,0250;21,9569
0,2424;-0,1394;0,9719;1,0113;22,0175
0,1608;-0,0771;0,8982;0,9157;22,0769
0,2162;-0,1172;1,0248;1,0539;22,1369
0,2097;-0,0513;0,9548;0,9789;22,1976
0,1867;0,0786;1,0946;1,1132;22,2592
0,2341;-0,0793;0,9201;0,9527;22,3223
0,2577;-0,0776;0,9467;0,9842;22,3873
0,2270;-0,1069;0,9257;0,9591;22,4361
0,1989;-0,0276;1,0219;1,0414;22,4970
0,2492;-0,0993;1,0248;1,0594;22,5559
0,2348;-0,0959;0,9924;1,0243;22,6163
0,2616;-0,0732;0,9436;0,9819;22,6763
0,2548;-0,0459;0,9379;0,9730;22,7359
0,2160;-0,0532;1,5864;1,6019;22,7967
-0,7615;0,1006;-1,7270;1,8901;22,8565
0,1311;0,0002;0,6002;0,6143;22,9161
0,3432;0,0056;0,4530;0,5683;22,9765
-0,0417;0,1455;-0,8852;0,8981;23,0361
0,2448;-0,0776;1,5845;1,6051;23,0959
0,2138;-0,1377;1,8346;1,8522;23,1572
-1,0531;0,1889;-1,8495;2,1367;23,2256
0,0754;-0,0041;0,6429;0,6473;23,2774
-2,1946;0,1186;1,6477;2,7469;23,3379
1,1412;0,0256;2,5224;2,7687;23,3968
0,4039;-0,0049;1,4910;1,5447;23,4573
-0,2511;0,0486;0,1154;0,2806;23,5168
0,1604;-0,1084;0,6726;0,6999;23,5770
0,1821;-0,0207;0,6182;0,6448;23,6377
0,7566;-0,0059;-1,8027;1,9550;23,6967
0,0132;-0,0325;1,2174;1,2179;23,7566
0,2179;0,3805;1,4734;1,5373;23,8171
-0,0725;-0,1130;0,3200;0,3470;23,8778
0,1450;-0,0037;0,7056;0,7203;23,9375
0,1835;-0,1455;0,1777;0,2940;23,9969
0,1862;-0,0532;1,5945;1,6062;24,0571
1,2928;-0,1948;3,0838;3,3495;24,1172
0,6365;0,2694;1,8942;2,0164;24,1773
0,0530;0,0037;0,5369;0,5396;24,2365
-0,5360;-0,0098;0,0713;0,5408;24,3012
0,8452;-0,6324;5,4458;5,5472;24,3568
0,5081;0,0039;1,4178;1,5061;24,4168
-1,5591;-0,0176;-2,2708;2,7545;24,4783
0,1957;0,0078;0,4710;0,5102;24,5437
0,1755;-0,0088;0,7290;0,7499;24,6025
0,6534;-0,0447;-1,8276;1,9413;24,6578
0,0788;-0,1120;1,1715;1,1795;24,7158
0,3129;0,0674;1,8993;1,9261;24,7767
-0,1154;-0,3468;0,0244;0,3663;24,8364
0,0761;-0,0012;0,7229;0,7269;24,8967
-0,5828;-0,0825;-0,2519;0,6403;24,9584
1,2862;0,1679;2,6134;2,9176;25,0210
0,5084;-0,0200;1,5030;1,5867;25,0775
1,5544;-0,0942;2,9459;3,3322;25,1363
0,1789;0,0503;0,3851;0,4276;25,1982
0,0788;-0,0266;0,8345;0,8386;25,2567
-4,2475;0,2924;2,1187;4,7556;25,3167
0,2006;-0,0774;1,2135;1,2324;25,3780
0,0886;0,2904;1,5059;1,5362;25,4369
0,2616;0,0447;-1,4676;1,4914;25,4958
-0,0183;-0,0093;0,7771;0,7774;25,5564
-0,5579;-0,0544;-0,1689;0,5855;25,6234
1,0417;0,0156;2,6047;2,8053;25,6767
0,4549;-0,0517;1,5962;1,6606;25,7403
0,1101;0,0681;1,4607;1,4665;25,7956
0,5033;0,0478;0,0620;0,5093;25,8568
0,0041;-0,0195;0,8349;0,8352;25,9201
-0,8396;-0,3424;3,9780;4,0800;25,9779
0,2179;-0,0205;1,4004;1,4174;26,0368
0,8728;-0,1286;2,5200;2,6699;26,0962
-1,7314;-0,0981;1,5164;2,3036;26,1566
0,0100;0,0078;0,5638;0,5639;26,2215
-0,1267;0,0686;0,4818;0,5029;26,2776
-0,6485;-0,1606;2,5375;2,6240;26,3365
0,3292;-0,0586;1,2174;1,2625;26,3975
-0,0049;0,2824;1,4402;1,4677;26,4590
0,2948;-0,0447;-0,2053;0,3620;26,5164
0,0730;-0,0046;0,7751;0,7786;26,5765
-0,5018;-0,1018;0,5194;0,7293;26,6364
0,1391;-0,0322;2,4145;2,4188;26,6992
0,3461;-0,0308;1,4580;1,4989;26,7557
0,8594;-0,1211;1,3858;1,6351;26,8172
0,1916;0,0635;0,2265;0,3034;26,8768
0,1142;0,1074;0,1491;0,2164;26,9354
1,4668;0,1242;0,3061;1,5036;26,9969
0,3166;-0,0754;1,3621;1,4005;27,0563
-2,8678;0,4134;-0,5826;2,9554;27,1180
0,1887;-0,0549;0,3846;0,4319;27,1770
0,1335;-0,0146;0,7639;0,7756;27,2359
-0,1345;-0,4127;3,7105;3,7358;27,2972
0,2611;-0,0024;1,4136;1,4375;27,3588
0,7612;-0,0913;2,2971;2,4217;27,4162
2,0299;-0,1049;3,2795;3,8583;27,4761
0,0083;-0,0088;0,5882;0,5883;27,5396
-0,9614;-0,1462;1,1947;1,5404;27,5974
-0,1213;-0,5645;5,9017;5,9299;27,6585
0,5557;0,0232;1,3323;1,4438;27,7159
1,4139;0,2382;1,4390;2,0314;27,7782
0,3842;0,0420;0,2546;0,4628;27,8370
0,0537;-0,0164;0,8550;0,8568;27,8969
-0,1877;-0,1923;0,5218;0,5869;27,9559
0,0154;-0,0710;1,7741;1,7756;28,0166
0,8242;-0,0866;2,4289;2,5664;28,0766
-1,6736;0,0898;-0,5418;1,7614;28,1376
0,0969;0,0071;0,6934;0,7002;28,1968
-0,1191;-0,0054;0,1901;0,2244;28,2566
-0,1130;-0,1611;2,4289;2,4369;28,3185
0,4069;0,0085;1,4236;1,4807;28,3767
0,8476;0,1484;1,8895;2,0763;28,4374
0,3895;0,0869;0,3922;0,5596;28,4984
0,1460;-0,0617;0,9433;0,9565;28,5564
0,5640;0,0137;-0,9704;1,1225;28,6170
0,5467;0,0361;1,6855;1,7723;28,6782
-0,8457;0,1540;1,5942;1,8112;28,7371
-1,2650;-0,4940;-1,9008;2,3361;28,7966
0,0381;-0,0544;0,8088;0,8116;28,8586
-0,6565;-0,0066;-0,6668;0,9358;28,9181
0,4889;-0,1276;3,1333;3,1738;28,9767
0,4842;0,0593;1,5518;1,6266;29,0366
1,2201;0,0354;2,8914;3,1385;29,0982
0,2028;0,0225;0,4120;0,4597;29,1564
0,1608;-0,0259;0,8384;0,8540;29,2178
-4,4083;0,1076;2,7557;5,1999;29,2776
0,3273;-0,0940;1,1259;1,1762;29,3388
0,1511;0,2392;1,6589;1,6829;29,3969
0,2785;-0,1093;-0,8037;0,8576;29,4592
0,1428;-0,0400;0,7010;0,7165;29,5163
-0,0979;0,0376;0,1767;0,2055;29,5768
-0,0276;-0,2201;1,9352;1,9479;29,6371
0,4576;-0,0112;1,4227;1,4945;29,6976
-0,9911;-0,0820;-0,8330;1,2973;29,7570
0,5360;0,1206;0,1394;0,5668;29,8179
0,2206;-0,0503;0,7839;0,8159;29,8770
-1,3175;0,2792;-0,6775;1,5075;29,9366
0,3976;-0,0940;1,2755;1,3393;29,9979
-0,9631;-0,0085;0,4864;1,0790;30,0581
-1,0016;0,3395;-2,5942;2,8015;30,1168
0,1899;-0,0132;0,7266;0,7511;30,1791
0,5704;-0,0510;0,0520;0,5750;30,2370
0,3917;-0,5099;2,5883;2,6670;30,2980
0,3368;-0,0432;1,2364;1,2822;30,3565
2,8892;-0,3131;4,3893;5,2642;30,4169
0,2053;0,0293;0,4903;0,5324;30,4765
0,0652;0,0083;0,3244;0,3309;30,5371
1,1371;0,0156;0,8376;1,4124;30,5958
0,3783;-0,0644;1,3389;1,3928;30,6562
0,1713;0,2292;1,3568;1,3866;30,7226
0,4903;0,0361;0,3907;0,6280;30,7756
0,1987;-0,0112;0,7459;0,7719;30,8370
0,4906;0,1523;-1,0431;1,1627;30,8995
0,7173;-0,1113;1,6228;1,7777;30,9626
-1,8376;0,2529;0,8689;2,0483;31,0162
0,2546;-0,1547;-0,5948;0,6652;31,0762
0,2277;-0,0500;0,7051;0,7426;31,1361
0,3917;-0,7405;5,2357;5,3023;31,1964
0,6917;-0,1201;1,4742;1,6328;31,2563
0,1110;0,3532;1,6430;1,6842;31,3159
0,4047;-0,2345;-0,3109;0,5616;31,3767
0,0761;-0,0617;0,9045;0,9098;31,4444
-0,2834;-0,2946;1,9620;2,0042;31,4955
0,2985;-0,0166;1,3372;1,3702;31,5570
0,5665;0,0110;1,3917;1,5026;31,6212
-1,8744;0,0766;0,1616;1,8829;31,6771
0,1420;-0,0398;0,6175;0,6349;31,7379
-0,5274;-0,0264;-0,9096;1,0518;31,7979
-0,1596;-0,3644;2,2154;2,2508;31,8717
0,5611;0,0085;1,4327;1,5386;31,9173
2,1026;-0,0029;2,6015;3,3450;31,9770
0,3026;0,0786;0,5225;0,6089;32,0365
0,1643;0,1455;0,4915;0,5383;32,0957
1,0280;-0,0002;0,7039;1,2459;32,1565
0,5264;-0,0295;1,3021;1,4048;32,2157
0,0803;0,2604;1,5357;1,5596;32,2761
0,0373;-0,0744;-0,0766;0,1132;32,3414
0,1623;-0,0259;0,7529;0,7707;32,3953
-0,0251;-0,0325;-0,9938;0,9947;32,4556
0,0078;-0,1240;1,2477;1,2538;32,5162
0,5860;-0,0234;2,2913;2,3651;32,5756
-0,0837;0,0027;-0,5037;0,5107;32,6387
0,1572;-0,0359;0,7761;0,7927;32,6967
0,6780;-0,2358;-0,0151;0,7180;32,7596
0,3827;0,0103;1,6994;1,7420;32,8162
0,7690;-0,0708;1,9611;2,1077;32,8771
0,5623;-0,0698;0,6285;0,8462;32,9365
0,1142;0,0132;0,7522;0,7609;32,9982
-0,3629;-0,1220;-0,3739;0,5352;33,0565
0,9523;-0,0422;4,1352;4,2436;33,1156
0,4557;0,0237;1,3677;1,4418;33,1757
-2,3628;0,0103;-2,3484;3,3313;33,2408
0,2965;0,1069;0,4266;0,5304;33,2959
0,0508;0,1899;-0,1733;0,2620;33,3559
0,3078;-0,1857;1,5222;1,5641;33,4201
0,5435;0,0142;1,5188;1,6132;33,4758
0,7158;0,1057;1,1596;1,3668;33,5359
0,3934;0,0959;0,3698;0,5484;33,6002
0,2014;0,0871;0,5140;0,5589;33,6556
-0,2126;0,1215;1,2686;1,2921;33,7165
0,6229;-0,0522;1,4009;1,5340;33,7763
-1,4090;0,2961;1,4222;2,0237;33,8387
-1,0185;0,2533;-3,1331;3,3042;33,8961
0,1845;-0,0268;0,6973;0,7218;33,9584
-0,2729;0,1396;-1,3868;1,4202;34,0157
0,2053;-0,1316;1,2257;1,2497;34,0783
-3,5470;-0,0513;0,9377;3,6692;34,1357
-0,6275;0,2140;-2,4594;2,5472;34,1958
0,1225;-0,0276;0,7117;0,7227;34,2592
-0,2421;-0,0293;-1,2516;1,2751;34,3161
0,2814;-0,1137;1,2870;1,3223;34,3784
1,2950;0,1069;2,0138;2,3966;34,4357
-0,0876;-0,0974;-0,2965;0,3242;34,4958
0,2072;-0,0122;0,6573;0,6893;34,5553
1,6653;0,0866;-3,4494;3,8313;34,6229
0,2482;-0,1508;1,1783;1,2136;34,6755
0,1613;0,1152;1,6699;1,6816;34,7364
-0,3566;0,0261;-0,3390;0,4927;34,7967
0,0222;-0,0574;1,0273;1,0291;34,8559
1,8544;0,1455;-3,8792;4,3021;34,9180
0,1774;-0,0757;1,2999;1,3141;34,9760
1,9223;-0,2392;3,3552;3,8742;35,0355
-1,6516;0,4908;-4,1306;4,4755;35,0977
0,1723;-0,0251;0,6172;0,6413;35,1590
0,6944;-0,3558;0,6499;1,0155;35,2155
0,2841;0,0339;1,4688;1,4964;35,2758
1,2386;-0,0747;2,6796;2,9530;35,3370
-1,0331;0,2563;0,3768;1,1292;35,3960
0,1074;0,0020;0,8533;0,8600;35,4559
-0,0986;-0,0888;-1,0937;1,1017;35,5165
0,9792;0,4391;2,9283;3,1187;35,5755
0,4671;0,0491;1,3624;1,4411;35,6359
-0,5150;0,0696;0,6600;0,8400;35,6958
0,1169;0,0032;0,7844;0,7931;35,7605
-0,1386;0,0222;-0,8681;0,8794;35,8161
1,0390;-0,0110;3,9639;4,0978;35,8767
0,4596;0,0737;1,0527;1,1510;35,9363
0,1364;0,0188;0,9550;0,9649;35,9977
0,2109;-0,0161;1,0343;1,0557;36,0557
0,2638;-0,0266;0,9128;0,9505;36,1169
-0,1140;0,2048;0,4642;0,5200;36,1810
0,2162;-0,0317;1,0197;1,0429;36,2387
0,1447;0,0120;1,1517;1,1609;36,2963
2,5234;-0,2526;4,1188;4,8370;36,3567
0,3217;0,0164;0,4110;0,5222;36,4157
-0,4127;0,1540;-0,7339;0,8560;36,4761
-0,3856;-0,2038;1,2965;1,3679;36,5374
0,3078;0,0159;1,3470;1,3818;36,5961
-2,8951;0,1486;-0,5987;2,9601;36,6565
0,1311;-0,0242;0,6534;0,6668;36,7164
-0,4083;0,1245;-0,4444;0,6162;36,7772
1,1151;-0,4747;6,1326;6,2512;36,8363
0,3878;0,0063;1,4519;1,5029;36,8959
1,0541;0,1870;2,3172;2,5525;36,9572
0,1220;0,0088;0,4542;0,4704;37,0156
0,0371;-0,0366;0,5562;0,5587;37,0756
0,5162;-0,2006;2,3008;2,3665;37,1359
0,3907;-0,0405;1,4883;1,5393;37,1964
-3,1882;-0,0920;-2,7509;4,2119;37,2564
0,2912;0,0583;0,3400;0,4514;37,3174
0,2011;0,0137;0,5650;0,5999;37,3755
-0,3319;-0,0498;2,1668;2,1926;37,4367
0,3720;-0,0771;1,3333;1,3864;37,4958
1,3375;0,3070;2,1793;2,5753;37,5550
0,2526;-0,0107;0,1042;0,2735;37,6193
0,1301;-0,0286;0,8413;0,8518;37,6759
0,5462;-0,3817;4,7368;4,7835;37,7357
0,2094;-0,0205;1,6101;1,6238;37,8014
0,8720;0,0268;2,5532;2,6981;37,8606
-0,8945;-0,2460;-2,5720;2,7342;37,9177
0,1115;-0,0276;0,7839;0,7923;37,9784
-0,3954;-0,2060;0,6931;0,8241;38,0368
-0,2694;-0,1162;2,1226;2,1428;38,0956
0,4469;0,0261;1,2547;1,3322;38,1585
1,6445;0,0146;3,0916;3,5018;38,2183
0,2404;0,0525;0,5245;0,5793;38,2760
0,2690;0,1010;0,4676;0,5488;38,3389
1,3819;0,0859;-0,5714;1,4978;38,3958
0,2380;-0,0801;1,3026;1,3265;38,4556
0,6280;0,0229;1,2882;1,4333;38,5156
0,3200;0,0471;0,4249;0,5340;38,5805
0,0930;-0,0239;0,9050;0,9101;38,6484
1,3450;-0,5243;5,2435;5,4386;38,6953
0,1030;-0,0398;1,6570;1,6606;38,7570
1,0751;-0,0954;2,8968;3,0913;38,8155
0,7825;-0,0054;0,7300;1,0701;38,8763
0,0996;-0,0093;0,7073;0,7143;38,9364
-0,8947;-0,0866;0,5069;1,0320;38,9962
-1,1037;-0,2734;2,8617;3,0793;39,0567
0,3627;-0,0437;1,3987;1,4457;39,1165
-1,8588;0,0112;-1,0141;2,1175;39,1777
0,4930;0,1067;0,4610;0,6834;39,2368
0,0986;0,0962;0,6707;0,6847;39,2965
1,3543;0,1206;-2,4738;2,8229;39,3583
0,5997;-0,0183;1,7573;1,8569;39,4159
0,1657;0,2841;1,6474;1,6799;39,4759
0,4598;-0,1582;-0,1425;0,5067;39,5401
-0,0220;-0,0520;1,0099;1,0115;39,5959
-0,2143;-0,4076;0,3646;0,5874;39,6559
-0,2760;-0,2768;1,9279;1,9671;39,7173
0,7937;-0,2804;1,7556;1,9469;39,7776
-6,6320;0,2831;0,8794;6,6960;39,8372
0,1547;0,0185;0,6285;0,6475;39,8956
-0,3598;0,1618;-0,8025;0,8942;39,9558
0,9672;-0,8052;4,9870;5,1433;40,0210
0,6394;-0,0610;1,5076;1,6387;40,0756
0,1716;0,1147;1,5310;1,5449;40,1364
0,2153;0,0566;0,2790;0,3569;40,2007
0,1960;0,0105;0,8166;0,8399;40,2563
-1,1737;0,0522;0,1347;1,1826;40,3159
0,2585;-0,2016;1,2611;1,3030;40,3765
0,2321;0,4274;1,4166;1,4977;40,4375
0,8545;0,1706;1,0097;1,3337;40,4966
0,2072;0,1721;0,4940;0,5626;40,5557
0,4388;-0,2565;0,7190;0,8805;40,6197
0,1604;-0,0613;1,1395;1,1524;40,6771
0,8740;-0,1093;2,6117;2,7563;40,7378
-1,1547;-0,0227;-1,2008;1,6660;40,7958
0,2038;-0,0500;0,7998;0,8269;40,8565
0,1679;-0,3195;0,8869;0,9576;40,9166
0,3305;-0,0149;1,6516;1,6844;40,9766
1,2425;-0,2480;2,8975;3,1625;41,0364
-1,2511;0,1345;0,2158;1,2766;41,0955
0,1206;-0,0461;0,7424;0,7536;41,1553
-0,1611;-0,0273;-0,6326;0,6534;41,2162
0,2228;-0,0703;1,3048;1,3255;41,2761
0,6302;0,0622;1,8066;1,9143;41,3374
0,0766;0,3324;0,6663;0,7485;41,4036
0,1735;0,0078;0,7215;0,7421;41,4569
-0,3549;-0,0693;0,8801;0,9515;41,5164
0,9980;-0,1401;3,0601;3,2218;41,5763
0,4244;-0,0090;1,3314;1,3974;41,6371
-0,3314;-0,1106;-0,2685;0,4406;41,6973
0,2238;-0,0654;0,1528;0,2788;41,7589
-0,1220;0,0986;-0,1062;0,1894;41,8163
-0,2982;-0,2699;2,0941;2,1324;41,8789
0,5882;-0,0347;1,4976;1,6093;41,9359
0,6775;0,1767;1,1652;1,3594;41,9956
-0,1870;-0,2834;-0,4056;0,5289;42,0552
0,2028;-0,0391;0,8637;0,8881;42,1151
0,2104;0,2160;-0,4020;0,5025;42,1763
0,1098;-0,0869;1,2835;1,2912;42,2365
-4,9340;0,1640;-0,4030;4,9532;42,2956
-0,8110;0,4774;-1,2469;1,5622;42,3550
0,2443;0,0244;0,6680;0,7117;42,4158
1,1405;-0,0300;3,7950;3,9628;42,4757
0,3944;0,0598;1,9347;1,9754;42,5355
0,7290;-0,1723;3,0376;3,1286;42,5956
-0,7183;0,5033;-1,4346;1,6815;42,6580
0,2226;-0,0071;0,6094;0,6488;42,7155
-0,4369;-0,2162;0,7429;0,8886;42,7796
0,0903;-0,0754;2,0372;2,0406;42,8355
0,8933;-0,0193;1,8171;2,0249;42,8978
1,6479;-0,0325;2,9820;3,4072;42,9556
0,2555;0,0334;0,4864;0,5505;43,0155
-0,6568;0,2878;-0,3727;0,8081;43,0752
0,9719;-0,8501;5,9132;6,0525;43,1350
0,3700;-0,1535;1,3060;1,3660;43,1964
0,3356;0,2821;1,3424;1,4121;43,2588
0,4996;0,0947;0,1779;0,5387;43,3157
0,1560;0,1867;0,4462;0,5082;43,3754
0,8962;-0,0212;-0,3275;0,9544;43,4370
0,7734;-0,0535;1,8786;2,0323;43,4955
0,3407;0,3417;1,3238;1,4090;43,5563
-0,4535;0,0395;-0,4559;0,6442;43,6154
0,2707;-0,0264;0,7078;0,7582;43,6759
0,5108;-0,1601;0,5084;0,7383;43,7376
0,7571;-0,0881;2,2283;2,3551;43,7988
1,2691;-0,4559;2,4267;2,7763;43,8553
1,5806;-0,1035;3,8909;4,2009;43,9158
0,2265;0,0288;0,6851;0,7221;43,9747
-0,3305;-0,1430;0,6307;0,7262;44,0379
0,7241;0,2194;2,4048;2,5210;44,0947
0,3729;-0,0391;1,1857;1,2435;44,1559
-6,6295;0,2275;3,7017;7,5964;44,2205
0,2948;0,0032;0,5750;0,6462;44,2745
-0,7193;0,3651;-0,7334;1,0902;44,3360
0,5906;-0,3820;0,4791;0,8510;44,3984
0,6819;-0,0278;1,2894;1,4589;44,4548
0,7588;0,1769;0,8462;1,1503;44,5156
-0,2460;0,3187;-0,2111;0,4546;44,5801
0,3024;-0,0569;0,8840;0,9360;44,6458
1,6328;-0,6614;3,7588;4,1512;44,6956
0,2541;-0,0825;1,5718;1,5943;44,7559
0,6067;-0,0041;1,3453;1,4758;44,8154
-3,5870;0,1974;2,5759;4,4205;44,8761
0,2997;0,0063;0,6263;0,6943;44,9353
0,1079;-0,0093;-0,9252;0,9316;44,9973
0,8000;0,0337;2,4441;2,5719;45,0569
0,6160;-0,0879;1,4280;1,5577;45,1153
1,1513;-0,1237;1,6997;2,0566;45,1755
0,3803;0,0178;0,0837;0,3898;45,2354
-0,1049;-0,3112;1,0383;1,0890;45,2950
0,3061;-0,0325;1,1840;1,2233;45,3552
0,7986;-0,0688;1,8603;2,0256;45,4146
0,2250;0,0090;1,0273;1,0517;45,4795
0,3175;-0,0320;0,6475;0,7219;45,5347
0,5006;-0,1716;0,2755;0,5966;45,5951
0,4823;-0,1877;1,3392;1,4357;45,6548
0,6168;0,0535;2,1165;2,2052;45,7235
0,6814;-0,1389;1,5278;1,6787;45,7756
-0,5081;0,0988;-1,3211;1,4189;45,8356
0,3314;0,0076;0,3905;0,5123;45,8950
-0,3968;0,0046;1,0290;1,1029;45,9556
0,5965;-0,1098;1,0275;1,1932;46,0148
0,2899;0,1211;1,4907;1,5235;46,0757
-0,5213;0,0869;0,9016;1,0451;46,1394
0,2743;-0,0139;0,7417;0,7909;46,1946
0,1957;-0,2167;0,4361;0,5249;46,2559
0,0947;-0,0471;1,4829;1,4867;46,3145
1,4990;-0,2538;2,4870;2,9149;46,3740
0,4298;-0,0129;0,8149;0,9214;46,4349
0,1433;-0,0930;0,2211;0,2794;46,4949
0,0622;-0,1638;0,6282;0,6522;46,5547
0,4313;-0,2243;2,0650;2,1215;46,6175
0,7910;-0,2524;2,1639;2,3177;46,6761
0,8989;0,1625;0,8779;1,2669;46,7351
0,1494;-0,0005;0,4957;0,5177;46,7968
0,2885;-0,0869;-0,0093;0,3014;46,8550
0,0822;-0,0588;1,6362;1,6393;46,9162
0,9033;-0,2890;1,4878;1,7644;46,9795
-0,8169;0,1128;0,4147;0,9230;47,0361
-0,2282;-0,2414;0,0527;0,3363;47,0951
0,2067;-0,0029;0,6224;0,6558;47,1551
0,4227;-0,1130;0,9670;1,0614;47,2159
0,5955;-0,0661;1,5947;1,7036;47,2813
0,2516;0,0591;1,2606;1,2868;47,3385
0,3837;0,0664;0,1303;0,4106;47,3958
-0,0124;-0,0581;0,1691;0,1793;47,4568
-0,0364;-0,2531;0,9026;0,9381;47,5154
0,6233;-0,1340;1,0751;1,2499;47,5761
0,4620;0,0556;0,8777;0,9934;47,6424
0,1455;-0,1391;0,8838;0,9064;47,6952
0,2487;-0,1555;0,9196;0,9653;47,7550
0,2799;-0,2682;0,8620;0,9452;47,8184
0,2040;-0,1435;1,0463;1,0756;47,8756
0,4030;-0,1306;1,1661;1,2407;47,9352
0,2331;-0,0159;1,0561;1,0816;47,9956
0,8784;-0,0410;2,0016;2,1862;48,0600
2,2227;-0,0261;5,0590;5,5258;48,1153
0,3888;0,0578;0,3278;0,5118;48,1758
0,1267;-0,1208;-0,1647;0,2404;48,2353
1,3189;-0,0842;2,6530;2,9639;48,2952
0,8520;-0,1696;1,8996;2,0888;48,3570
1,2142;-0,2341;3,4996;3,7117;48,4165
0,1750;0,0034;0,6607;0,6835;48,4749
-0,0046;0,0100;-0,2062;0,2065;48,5354
1,0397;-0,1408;2,5639;2,7703;48,5983
0,4044;-0,0613;1,4073;1,4655;48,6552
0,8899;0,1438;2,1404;2,3225;48,7153
0,2053;0,0293;0,4854;0,5279;48,7752
-0,6748;0,2148;-0,5491;0,8962;48,8368
0,3146;-0,2499;1,7841;1,8288;48,8951
0,4793;0,0105;1,3897;1,4701;48,9551
-0,5840;0,2314;-0,2641;0,6815;49,0176
0,2497;-0,0398;0,1198;0,2798;49,0752
-0,4742;0,2267;-0,9709;1,1040;49,1351
0,2873;-0,1508;1,5015;1,5361;49,1963
0,7808;-0,0081;1,3885;1,5930;49,2546
-0,1696;0,1157;0,9077;0,9306;49,3161
-0,1291;-0,1135;-1,1095;1,1228;49,3782
0,1076;0,0181;0,6783;0,6870;49,4353
0,9521;-0,0508;1,5720;1,8386;49,4949
0,5225;0,0361;1,2379;1,3442;49,5575
-0,1813;0,0059;0,8310;0,8506;49,6150
-0,5999;-0,0774;-1,2804;1,4161;49,6755
0,2172;-0,0217;0,9030;0,9291;49,7344
0,9440;-0,0334;-3,6449;3,7653;49,7958
0,0359;-0,0740;1,4241;1,4265;49,8583
0,2131;-0,0552;1,9205;1,9331;49,9335
0,1787;0,1025;0,7485;0,7764;49,9791
0,2138;-0,0122;0,8352;0,8622;50,0364
-0,3395;-0,1211;1,1215;1,1780;50,0950
0,1708;-0,0093;1,9833;1,9906;50,1551
1,3699;0,0676;2,7457;3,0693;50,2164
-0,1357;0,0735;0,5535;0,5746;50,2759
0,2546;-0,0229;0,7515;0,7938;50,3371
0,2936;-0,1750;0,5855;0,6780;50,3944
0,2885;0,0505;1,8073;1,8309;50,4588
1,3538;0,1218;2,5532;2,8925;50,5144
-2,3115;-0,0495;1,7878;2,9226;50,5750
0,2048;0,0264;0,5528;0,5901;50,6390
-0,9382;0,0469;0,1935;0,9591;50,6948
0,8867;-0,1062;4,0285;4,1263;50,7561
0,5675;-0,0288;1,3319;1,4480;50,8147
-0,1574;0,0715;0,2724;0,3226;50,8744
-0,0759;-0,0893;-0,6888;0,6987;50,9346
-0,1813;0,0286;0,1574;0,2418;50,9949
0,1401;-0,2868;0,7102;0,7786;51,0571
0,2755;-0,0278;1,2608;1,2909;51,1150
-1,0658;0,1447;0,3949;1,1458;51,1747
0,1730;-0,0193;0,2665;0,3184;51,2348
-0,3090;0,1079;-0,3873;0,5071;51,2942
-0,7261;0,0066;1,3402;1,5242;51,3546
0,6024;0,0832;1,5318;1,6480;51,4194
-0,7756;-0,0718;-0,0620;0,7814;51,4741
0,3102;0,0195;0,1318;0,3376;51,5352
-1,5400;-0,1069;1,7282;2,3173;51,5992
0,1301;-0,2021;1,0265;1,0543;51,6574
0,5738;-0,0486;1,3277;1,4472;51,7152
1,3348;-0,0029;2,1241;2,5087;51,7789
0,4808;0,1018;-0,0725;0,4968;51,8347
-0,2702;0,0808;0,1054;0,3011;51,8944
-0,3166;-0,2121;1,5598;1,6057;51,9543
0,7573;-0,0176;1,3126;1,5155;52,0147
-0,1211;0,1254;0,9765;0,9919;52,0794
-0,4012;-0,0998;-1,2813;1,3464;52,1345
0,1660;-0,0117;0,6712;0,6915;52,1950
-0,1391;0,0957;0,7134;0,7331;52,2578
0,3895;-0,0805;1,3675;1,4242;52,3143
-0,7756;0,2270;1,0529;1,3273;52,3745
-0,2214;0,0205;-1,6257;1,6408;52,4342
0,1503;0,0249;0,9235;0,9360;52,4946
1,2796;-0,3292;5,3145;5,4763;52,5584
0,1633;-0,0168;1,5391;1,5478;52,6145
1,0680;-0,0901;2,5466;2,7629;52,6744
1,9469;-0,2389;1,6408;2,5573;52,7366
0,1450;0,0332;0,7754;0,7895;52,7952
-0,5035;0,1425;-0,5042;0,7267;52,8542
0,7366;-0,0625;3,7408;3,8131;52,9142
0,7002;-0,0105;1,3511;1,5218;52,9744
0,2380;0,1425;1,2001;1,2317;53,0355
0,1294;-0,0576;-0,8191;0,8312;53,0942
0,1826;0,0376;0,8193;0,8403;53,1544
1,2296;-0,2819;-4,6780;4,8451;53,2141
0,0371;-0,1132;1,2189;1,2247;53,2739
0,9848;-0,1342;2,1524;2,3708;53,3356
-1,1810;0,2226;-2,5598;2,8278;53,3948
0,2206;0,0088;0,7910;0,8213;53,4537
0,4474;-0,0759;2,3172;2,3612;53,5170
-0,0998;-0,1064;1,7697;1,7757;53,5735
0,0088;0,0134;1,5647;1,5648;53,6369
-0,3019;0,0364;0,9379;0,9860;53,6988
0,3944;0,0818;0,2856;0,4937;53,7555
-3,1062;0,1296;2,5668;4,0316;53,8143
0,2221;-0,0905;1,1456;1,1705;53,8745
1,0190;0,2089;3,0325;3,2059;53,9366
0,0356;-0,2514;-2,9359;2,9468;53,9938
0,2914;0,0822;0,4022;0,5035;54,0553
0,4208;-0,0776;0,1508;0,4537;54,1144
0,3993;-0,0879;1,2835;1,3471;54,1746
1,5320;0,0447;2,1321;2,6258;54,2353
0,5987;-0,1218;-0,2743;0,6697;54,2955
0,6629;0,0532;0,2675;0,7168;54,3541
0,7215;0,0803;-2,6869;2,7832;54,4139
0,2792;-0,2040;1,1547;1,2053;54,4746
-0,3446;0,2370;1,0612;1,1406;54,5366
-0,5106;-0,0813;-1,9269;1,9950;54,5931
0,1445;-0,0129;0,8003;0,8133;54,6537
0,4291;-0,4017;4,5779;4,6155;54,7142
-0,0154;-0,1113;1,5059;1,5101;54,7776
1,0336;-0,1347;2,4292;2,6434;54,8338
0,0293;-0,0871;0,2633;0,2789;54,8939
0,1965;0,0066;0,7854;0,8096;54,9567
0,0793;0,0098;-0,5699;0,5755;55,0169
0,4652;-0,1872;2,3189;2,3725;55,0743
1,1473;-0,2109;2,6566;2,9015;55,1340
0,9389;-0,1479;1,6426;1,8977;55,1948
0,1259;0,0386;0,6663;0,6792;55,2536
-1,0090;0,1535;-0,6978;1,2363;55,3154
1,6372;-0,3331;2,7860;3,2486;55,3734
0,7158;-0,0945;1,7199;1,8653;55,4341
0,5445;0,1313;2,6625;2,7208;55,4969
0,4174;0,0576;0,3249;0,5320;55,5534
0,0725;-0,0073;0,7080;0,7118;55,6139
-2,3193;-0,0024;2,9395;3,7443;55,6738
0,1650;-0,1953;1,0714;1,1015;55,7359
0,1486;0,1811;1,5908;1,6080;55,7943
-1,1652;0,1115;-1,5252;1,9225;55,8540
0,0986;-0,0205;0,8511;0,8570;55,9141
-0,1655;0,0786;-1,1632;1,1775;55,9792
-0,4093;-0,2228;2,1561;2,2059;56,0345
0,2602;-0,0183;1,4663;1,4894;56,0940
-5,1107;-0,1416;-0,9196;5,1947;56,1532
0,2009;-0,0029;0,5948;0,6278;56,2143
-0,2226;0,0818;-0,5472;0,5964;56,2742
-0,3512;-0,5923;7,5663;7,5975;56,3356
0,6060;0,0339;1,3968;1,5230;56,3939
-1,6269;-0,0132;-2,3577;2,8646;56,4558
0,3432;-0,0132;0,3134;0,4649;56,5169
0,0495;0,0112;0,0957;0,1083;56,5736
-0,3534;-0,2282;2,0038;2,0475;56,6371
0,7200;-0,1113;1,1542;1,3649;56,6941
0,1301;0,1142;1,6457;1,6548;56,7562
0,8193;-0,0854;-0,1928;0,8460;56,8135
0,0852;0,0000;0,7390;0,7439;56,8734
0,2526;-0,2153;0,5416;0,6352;56,9372
0,1684;0,0415;1,2479;1,2599;56,9982
0,6260;0,1589;2,3062;2,3949;57,0531
0,0720;-0,0864;1,4844;1,4887;57,1192
0,2409;0,0205;0,6936;0,7346;57,1771
0,0215;0,0840;-0,3185;0,3301;57,2338
-0,6312;-0,3280;5,1788;5,2274;57,2945
0,6089;-0,0896;1,2294;1,3748;57,3540
0,0732;0,1542;1,5083;1,5180;57,4164
0,5257;0,0051;-0,1411;0,5443;57,4738
0,2331;-0,0073;0,6487;0,6894;57,5331
1,1164;0,1352;-3,7256;3,8917;57,5934
0,1782;-0,1535;1,0834;1,1086;57,6547
0,1911;0,2133;1,7656;1,7886;57,7145
-1,4380;-0,0525;-2,6530;3,0181;57,7732
0,1450;0,0002;0,8125;0,8253;57,8336
-0,4640;-0,0122;-0,6248;0,7783;57,8932
-0,4154;-0,3986;2,0726;2,1511;57,9532
0,5982;-0,1013;1,5330;1,6487;58,0135
0,2323;0,0708;1,6301;1,6481;58,0735
0,3139;0,0334;0,3861;0,4987;58,1334
-0,0337;-0,0520;0,5223;0,5260;58,1946
-0,3598;-0,4784;7,2402;7,2649;58,2539
0,3395;-0,0925;1,7495;1,7845;58,3137
0,3004;0,3661;1,0134;1,1186;58,3738
0,3078;-0,4081;0,5155;0,7259;58,4337
0,0864;0,0608;0,7049;0,7127;58,4931
0,2053;-0,2475;2,9471;2,9646;58,5544
0,3656;-0,0498;1,2652;1,3179;58,6147
0,8318;0,1213;2,2622;2,4134;58,6730
-4,2279;0,2262;2,5070;4,9206;58,7344
0,2446;-0,0259;0,9414;0,9729;58,7969
-0,0581;0,0105;0,3102;0,3158;58,8536
-0,3641;-0,2443;2,7838;2,8181;58,9131
0,6089;-0,0781;1,3558;1,4883;58,9728
0,1901;0,1769;1,1974;1,2252;59,0379
0,4806;-0,0874;0,1799;0,5205;59,0940
0,1767;0,2089;0,0154;0,2741;59,1541
0,6736;0,0151;0,9296;1,1481;59,2119
0,5399;-0,0405;1,4744;1,5707;59,2826
1,1124;0,2280;1,0846;1,5703;59,3314
-0,8838;-0,0674;-2,2949;2,4601;59,3918
0,2319;-0,0400;0,9345;0,9637;59,4516
-0,2660;-0,0205;-0,2011;0,3341;59,5121
0,2531;-0,0249;1,2962;1,3209;59,5729
1,1110;-0,0071;2,0814;2,3593;59,6319
3,8601;-0,1589;4,5008;5,9315;59,6946
0,1857;-0,0410;0,7483;0,7721;59,7532
-0,1162;0,0351;0,2636;0,2902;59,8118
0,4854;0,0105;1,3421;1,4272;59,8718
0,2663;-0,0620;1,6704;1,6926;59,9318
0,2670;-0,0517;1,0231;1,0587;59,9931
0,2201;-0,0351;1,0326;1,0564;60,0597
0,2428;-0,0176;0,8791;0,9122;60,1123
0,3422;0,0822;0,9782;1,0396;60,1780
0,2431;-0,0588;0,9821;1,0135;60,2406
0,2416;0,0273;1,0048;1,0338;60,2912
0,2531;-0,0085;0,9565;0,9894;60,3512
0,2353;-0,0513;1,0168;1,0449;60,4113
0,2167;-0,0798;1,0082;1,0343;60,4712
0,2292;-0,0783;0,9716;1,0014;60,5319
0,1511;-0,1108;0,9665;0,9845;60,5912
0,2221;-0,1469;0,8916;0,9305;60,6515
0,2094;-0,1535;0,9589;0,9935;60,7111
0,1669;-0,0088;0,9450;0,9597;60,7711
0,2043;-0,0364;1,0690;1,0890;60,8309
0,2331;-0,0271;1,0026;1,0297;60,8911
0,2097;-0,0888;0,9907;1,0165;60,9512
0,2104;-0,0515;0,9785;1,0021;61,0128
0,2201;-0,0317;0,9460;0,9718;61,0722
0,2016;-0,0539;0,9658;0,9881;61,1319
0,2070;-0,0410;0,9782;1,0007;61,1926
0,1977;-0,0427;0,9907;1,0111;61,2519
0,1979;-0,0359;0,9758;0,9963;61,3117
0,1826;-0,0671;0,9907;1,0096;61,3723
0,1865;-0,0456;0,9584;0,9775;61,4325
0,1789;-0,0320;1,0187;1,0348;61,4914
