0,1333;-0,0078;0,9509;0,9602;0,1142
0,1379;-0,0207;0,9931;1,0028;0,3768
0,1433;-0,0183;0,9907;1,0011;0,3789
0,1491;-0,0310;0,9767;0,9886;0,3836
0,1545;-0,0161;0,9924;1,0045;0,3856
0,1506;-0,0171;0,9831;0,9947;0,4306
0,1848;-0,0046;0,9990;1,0159;0,4512
0,2094;-0,0332;1,1574;1,1766;0,5098
0,0366;0,0232;1,5044;1,5050;0,5705
-0,4957;0,2817;-0,1645;0,5934;0,6305
-0,0549;-0,0513;0,7071;0,7110;0,6926
-0,2858;0,0464;0,0066;0,2896;0,7508
-0,3595;-0,0842;1,7043;1,7438;0,8113
0,3790;-0,0415;1,1110;1,1746;0,8712
0,8147;-0,1020;1,8842;2,0553;0,9312
0,1560;0,0400;1,8385;1,8456;0,9932
0,2516;0,0351;0,4815;0,5445;1,0514
0,1623;0,1193;0,5382;0,5746;1,1146
1,2367;-0,1823;-1,6970;2,1077;1,1744
0,0593;0,0583;1,4436;1,4460;1,2340
0,5264;-0,0996;2,0987;2,1660;1,2918
-1,0961;-0,0268;-1,2052;1,6293;1,3524
0,1123;-0,0207;0,5779;0,5891;1,4117
0,1062;0,1123;0,0185;0,1556;1,4711
1,1844;-0,1982;-0,7032;1,3916;1,5319
0,0361;0,0261;1,3275;1,3282;1,5916
0,4100;-0,1071;1,8935;1,9403;1,6643
0,1059;0,0632;2,3150;2,3182;1,7110
0,2763;-0,0896;0,7542;0,8082;1,7944
0,1606;0,0366;0,6851;0,7046;1,8346
1,4578;0,0088;-2,9373;3,2792;1,8949
0,3119;0,0088;2,0038;2,0279;1,9514
0,6170;-0,0266;1,8766;1,9756;2,0112
0,1655;0,0400;2,0484;2,0555;2,0738
0,5655;-0,1123;0,5960;0,8292;2,1313
0,1342;0,0727;0,6168;0,6354;2,1912
1,5832;-0,0566;-2,5434;2,9965;2,2539
0,1179;-0,0603;1,4817;1,4876;2,3134
0,8093;-0,0866;1,6186;1,8118;2,3722
0,5484;0,0620;1,2486;1,3652;2,4332
-0,3480;0,0198;-0,4274;0,5515;2,4961
0,1230;0,0329;0,5667;0,5808;2,5511
0,3805;-0,1933;-0,4647;0,6309;2,6120
1,0934;-0,1523;3,4926;3,6629;2,6711
0,6026;-0,0325;1,2887;1,4230;2,7313
-2,6073;0,1067;-1,0304;2,8056;2,7917
-0,5682;0,1860;0,8115;1,0080;2,8526
0,0632;0,0588;0,5809;0,5873;2,9114
-0,6556;-0,1830;0,2326;0,7193;2,9777
-0,1721;0,0449;2,3215;2,3283;3,0355
0,4828;0,0320;1,2586;1,3484;3,0916
-0,0229;-0,0122;1,5283;1,5286;3,1522
-1,4624;0,3358;0,1718;1,5103;3,2111
0,0493;-0,0610;0,6741;0,6787;3,2716
0,0859;0,1145;0,7114;0,7257;3,3313
0,7193;-0,1826;-0,6717;1,0009;3,3916
0,0671;-0,0452;1,2228;1,2254;3,4548
0,5223;-0,0464;2,0838;2,1488;3,5116
-2,7233;0,2399;-4,0473;4,8841;3,5710
0,0259;-0,0041;0,6160;0,6166;3,6310
0,0139;0,0818;0,0412;0,0926;3,6918
0,4481;-0,2817;0,4193;0,6752;3,7515
0,2870;0,0185;1,3360;1,3666;3,8121
0,0535;-0,0969;1,8917;1,8950;3,8712
-1,0060;0,2865;0,0000;1,0460;3,9324
0,1015;0,0286;0,6246;0,6334;3,9936
-0,5653;-0,0693;0,5882;0,8187;4,0543
0,6343;0,0752;2,3291;2,4151;4,1186
0,7188;-0,0969;1,3292;1,5142;4,1717
0,1923;0,1298;1,7185;1,7341;4,2322
0,0400;-0,0398;0,7485;0,7507;4,2952
0,3790;0,1616;0,2302;0,4720;4,3518
0,8179;-0,1601;-0,5984;1,0260;4,4157
0,2104;-0,0020;1,4375;1,4529;4,4712
0,2233;-0,0903;1,9655;1,9802;4,5317
-0,5523;0,2136;0,9536;1,1225;4,5911
0,1574;0,0361;0,6687;0,6880;4,6515
-0,3285;-0,1018;-0,1455;0,3734;4,7120
1,4815;0,0188;4,1469;4,4036;4,7713
0,3053;0,0088;1,2450;1,2819;4,8334
0,1721;0,1245;0,8596;0,8854;4,8904
0,2919;-0,1347;0,3607;0,4832;4,9509
0,0730;0,1403;0,6290;0,6485;5,0149
-0,8667;0,0820;1,2110;1,4915;5,0764
0,3739;0,1247;1,7197;1,7643;5,1317
0,1008;-0,0022;2,0148;2,0173;5,1922
0,2548;0,2548;1,0927;1,1506;5,2509
-0,0273;0,0625;0,7463;0,7495;5,3221
-0,6648;-0,1425;1,3402;1,5028;5,3727
-0,0256;-0,1164;1,9996;2,0032;5,4382
0,4008;-0,1918;2,4236;2,4640;5,4908
-2,5324;-0,8652;-0,0708;2,6771;5,5508
0,1450;0,0559;0,6116;0,6311;5,6107
-0,5055;-0,2299;-0,3166;0,6392;5,6706
0,7991;0,1003;3,4203;3,5139;5,7314
0,7066;-0,1106;1,7504;1,8909;5,7899
-0,5943;0,3249;-1,5259;1,6695;5,8511
0,0832;0,0356;0,6270;0,6335;5,9111
-0,1184;-0,0383;-0,2382;0,2687;5,9702
-0,2055;-0,4625;6,5741;6,5936;6,0301
0,4527;0,0754;1,4900;1,5591;6,0898
-0,5289;0,1252;1,4444;1,5432;6,1507
0,2480;0,0888;0,5011;0,5661;6,2134
-0,1857;-0,0261;-0,3939;0,4363;6,2732
0,0315;-0,9094;5,7035;5,7757;6,3317
0,6512;0,0334;1,7448;1,8627;6,3903
0,0495;-0,0237;1,2689;1,2701;6,4496
0,4210;0,0530;0,4698;0,6331;6,5135
0,2201;0,1628;0,1442;0,3095;6,5695
0,6726;-0,2072;0,4498;0,8353;6,6343
0,6685;0,0923;1,5989;1,7354;6,6907
-0,9375;0,0181;0,5994;1,1129;6,7504
0,2812;0,1325;0,6360;0,7079;6,8152
0,0539;0,1708;0,0198;0,1802;6,8713
-1,1139;-0,7564;7,8572;7,9717;6,9312
0,5321;-0,0320;1,8178;1,8943;6,9935
0,0154;0,0332;1,2201;1,2206;7,0517
0,1904;0,0713;0,5160;0,5546;7,1104
-0,2433;-0,0783;-0,6221;0,6726;7,1712
1,0321;-0,0757;3,6568;3,8004;7,2299
0,5460;0,1982;2,0016;2,0841;7,2909
1,8010;-0,1440;2,2847;2,9127;7,3500
0,1079;0,0300;0,4359;0,4501;7,4131
0,2958;0,0896;-1,1722;1,2123;7,4698
-0,1118;-0,1567;1,7165;1,7273;7,5304
0,7322;-0,0312;2,4563;2,5633;7,5917
-1,0527;-0,0024;0,2172;1,0748;7,6507
0,2189;0,0381;0,5504;0,5935;7,7101
0,4635;0,0181;0,3227;0,5650;7,7703
-0,1740;0,0044;0,8767;0,8938;7,8318
0,0991;0,0124;2,0889;2,0913;7,8898
-0,4564;0,4601;-0,1955;0,6769;7,9500
0,1933;0,0391;0,5225;0,5585;8,0164
1,3331;-0,0708;-1,2462;1,8262;8,0699
0,3109;-0,0337;1,4627;1,4957;8,1298
0,1406;0,0183;1,8344;1,8399;8,1956
-2,5886;0,2392;-6,0079;6,5462;8,2492
0,1201;0,2302;0,4523;0,5215;8,3117
1,6528;0,1569;-3,2558;3,6547;8,3772
0,2492;-0,0949;1,3907;1,4160;8,4314
0,1994;-0,0779;1,7953;1,8081;8,4897
-1,1425;0,0166;-4,1498;4,3043;8,5496
0,2326;0,1857;0,4505;0,5400;8,6119
1,5540;0,1062;-2,8290;3,2294;8,6711
0,2155;-0,0732;1,3016;1,3213;8,7305
0,2187;0,0818;0,9470;0,9753;8,7897
0,1237;-0,1713;1,0358;1,0572;8,8515
0,0268;-0,0918;0,8266;0,8322;8,9103
0,1172;-0,1818;0,9301;0,9549;8,9717
0,1006;-0,0945;1,2325;1,2402;9,0303
0,2519;0,2165;1,1520;1,1989;9,0900
0,1374;-0,0654;0,9897;1,0013;9,1521
0,1962;-0,1074;0,9924;1,0173;9,2095
0,1176;0,0254;1,0902;1,0969;9,2703
0,1904;0,0095;0,9850;1,0033;9,3299
0,1125;-0,0598;0,9211;0,9299;9,3899
0,3270;-0,0063;1,1015;1,1490;9,4498
0,1657;-0,0915;0,9885;1,0064;9,5200
0,1542;-0,0383;0,9911;1,0038;9,5704
0,0771;-0,1213;1,3275;1,3352;9,6319
0,2494;-0,6866;1,8334;1,9736;9,6908
0,1291;0,0171;0,4588;0,4770;9,7504
-0,0415;0,0049;0,3239;0,3266;9,8104
1,3597;-0,1352;-1,1862;1,8094;9,8721
0,3234;-0,0520;1,5154;1,5504;9,9297
0,4784;-0,0022;1,8978;1,9572;9,9904
0,1530;-0,0264;0,4537;0,4796;10,0496
-0,6548;0,0862;0,8235;1,0556;10,1098
1,0956;-0,2646;-0,7083;1,3312;10,1755
0,4393;-0,0781;1,7575;1,8133;10,2292
-0,4034;0,3119;0,7361;0,8955;10,2901
0,0974;-0,0122;0,4347;0,4456;10,3511
-0,2079;0,0054;-0,1582;0,2613;10,4093
0,1787;-0,2409;3,7828;3,7946;10,4699
0,7610;-0,0283;2,1226;2,2551;10,5292
-1,0260;-0,1369;0,3910;1,1065;10,5918
0,0796;-0,0405;0,4593;0,4679;10,6487
-0,5113;-0,0132;1,1513;1,2598;10,7097
0,1316;0,0059;1,6369;1,6422;10,7742
-0,9304;0,0627;1,1979;1,5180;10,8302
0,1821;-0,0857;-1,3826;1,3972;10,8904
0,1325;0,1223;0,4359;0,4717;10,9528
-2,9754;-0,0737;4,5686;5,4526;11,0102
0,3666;0,1564;1,6230;1,6713;11,0708
0,3026;0,0617;2,2068;2,2283;11,1336
0,2406;-0,1804;-0,1982;0,3602;11,1947
-0,5045;-0,0439;-0,7110;0,8729;11,2573
0,6546;-0,4354;4,8283;4,8919;11,3099
0,6382;-0,0713;1,7229;1,8387;11,3722
-0,4832;0,1313;0,5328;0,7312;11,4302
0,0700;-0,0542;0,2458;0,2612;11,4897
-0,2568;-0,0654;-0,5809;0,6384;11,5553
0,5721;-0,1211;3,9380;3,9812;11,6105
0,7398;-0,0366;2,2881;2,4050;11,6698
-1,0075;0,2609;0,1076;1,0463;11,7357
0,0898;0,0068;0,6050;0,6117;11,7905
-0,7603;0,0112;1,3890;1,5835;11,8501
0,0464;-0,0129;1,7246;1,7252;11,9148
0,0654;-0,1989;2,4177;2,4268;11,9703
-0,3178;0,0935;-0,1162;0,3510;12,0303
0,1784;0,0093;0,5428;0,5714;12,0947
0,7617;-0,4540;3,5372;3,6467;12,1497
0,2463;-0,0112;1,3629;1,3850;12,2103
-0,3773;-0,0469;0,7754;0,8636;12,2712
0,7439;-0,0786;-1,2838;1,4858;12,3297
0,0974;0,0837;0,6063;0,6197;12,3904
-2,1556;-0,0002;3,1929;3,8524;12,4510
0,3427;0,2499;1,8598;1,9075;12,5114
-0,9055;0,4642;-0,4818;1,1258;12,5701
0,1752;0,0737;0,5357;0,5685;12,6314
-0,1994;-0,0920;0,6978;0,7315;12,6896
0,3676;-0,1743;2,3928;2,4271;12,7577
0,7390;0,1843;2,0770;2,2122;12,8110
1,3328;-0,0744;4,1428;4,3525;12,8723
0,0805;-0,0190;0,5487;0,5549;12,9299
-0,1660;0,0337;-0,4303;0,4624;12,9915
0,7705;0,2892;3,1011;3,2084;13,0502
-0,1445;0,0483;1,6706;1,6776;13,1113
0,6312;-0,2829;-0,5028;0,8551;13,1702
0,1708;0,1030;0,6353;0,6659;13,2379
-1,9928;-0,0283;-0,8191;2,1547;13,2905
0,4156;0,0835;1,9066;1,9532;13,3503
0,8408;-0,1198;2,6627;2,7949;13,4109
0,1865;0,0234;0,4078;0,4490;13,4719
-0,0571;0,0708;0,5284;0,5362;13,5338
0,3070;-0,1071;0,9697;1,0227;13,5902
0,2807;0,1774;1,7463;1,7776;13,6499
2,1412;-1,4012;4,2245;4,9391;13,7141
0,2287;0,0583;0,5108;0,5627;13,7705
-0,4288;0,1489;-1,1674;1,2525;13,8319
0,2399;-0,0522;2,2205;2,2340;13,8900
0,5645;-0,2426;2,8402;2,9059;13,9496
0,4164;0,3131;-1,9962;2,0631;14,0125
0,1667;0,0637;0,2995;0,3486;14,0695
0,8083;-0,5582;1,5078;1,7996;14,1302
0,3109;0,0686;1,8080;1,8359;14,1930
0,5826;-0,3327;1,7970;1,9182;14,2493
0,1621;0,0366;0,6041;0,6265;14,3100
-1,0746;-0,0476;1,2677;1,6625;14,3717
0,5037;-0,1586;0,7302;0,9012;14,4297
0,2585;-0,0366;1,4947;1,5173;14,4898
-3,3801;0,4449;-5,7431;6,6788;14,5504
0,0786;0,0403;0,5030;0,5107;14,6095
-0,4039;0,0310;-0,7786;0,8777;14,6749
0,7239;-0,0332;2,6393;2,7370;14,7295
1,2425;-0,1118;2,5429;2,8325;14,7906
-1,8717;0,0530;-1,3873;2,3304;14,8531
0,0151;0,0290;0,5245;0,5255;14,9090
-0,1208;0,0486;-0,8442;0,8542;14,9699
0,1196;0,0127;1,7148;1,7190;15,0297
0,7442;-0,2609;2,9066;3,0116;15,0912
-4,1252;0,6333;-7,9694;8,9961;15,1526
0,1667;0,0093;0,3151;0,3566;15,2101
-0,6243;-0,4527;7,9885;8,0256;15,2725
0,0801;-0,0166;1,3323;1,3349;15,3299
0,5211;-0,1672;1,7521;1,8356;15,3942
0,6648;0,0085;0,4986;0,8311;15,4498
-0,1215;0,0747;0,3417;0,3703;15,5093
0,8340;-0,1633;0,6909;1,0953;15,5694
0,1052;0,2548;1,8351;1,8557;15,6290
-0,1706;-0,0149;1,8488;1,8567;15,6896
0,1481;0,0520;0,4181;0,4466;15,7551
-0,9799;0,1184;0,6665;1,1910;15,8095
0,9416;-0,0256;3,7374;3,8542;15,8697
0,3990;-0,1181;2,8380;2,8683;15,9299
-2,1788;0,2738;-5,7467;6,1520;15,9893
0,2072;0,0393;0,4593;0,5054;16,0514
1,0417;-0,2463;1,1405;1,5641;16,1091
0,3942;0,0073;1,7536;1,7974;16,1696
0,0617;0,0173;2,3613;2,3622;16,2339
-0,0871;0,0425;-0,0188;0,0987;16,2932
-0,5203;0,0920;-0,1377;0,5461;16,3498
-0,1042;-0,0925;2,8211;2,8246;16,4093
0,8342;-0,1870;2,7074;2,8392;16,4718
-0,4027;-0,0325;-0,1596;0,4344;16,5292
0,2465;0,0237;0,2182;0,3301;16,5894
0,4339;-0,1352;0,2809;0,5343;16,6499
-0,0115;-0,0637;1,3890;1,3905;16,7090
0,7185;0,0293;1,7285;1,8721;16,7700
-0,0583;-0,0820;-2,8714;2,8732;16,8294
0,0103;0,1352;0,4562;0,4759;16,8892
-0,2050;-0,2814;0,7588;0,8349;16,9516
0,3048;-0,0425;1,5837;1,6134;17,0089
1,2750;0,2958;1,8832;2,2934;17,0687
0,0088;0,0381;-0,1311;0,1368;17,1293
-0,3659;-0,0010;-0,9004;0,9718;17,1890
-0,3754;-0,1479;5,5576;5,5722;17,2588
0,7400;-0,2704;2,5214;2,6417;17,3108
0,3427;0,2258;1,3565;1,4172;17,3703
0,0681;0,0132;0,4147;0,4204;17,4289
0,3275;-0,0149;-0,5335;0,6262;17,4907
-0,0059;0,0749;2,4675;2,4686;17,5490
-1,2669;-0,0256;1,4512;1,9266;17,6120
0,1745;0,0369;-0,2550;0,3112;17,6692
0,0879;0,0005;0,6758;0,6815;17,7330
0,2421;-0,3310;2,4770;2,5107;17,7892
0,1091;0,0083;1,8058;1,8091;17,8504
0,0242;0,1223;2,1400;2,1436;17,9098
0,0344;0,0879;0,4562;0,4658;17,9682
-0,1645;0,0249;0,0151;0,1671;18,0287
0,0183;-0,1806;2,0811;2,0890;18,0889
0,4405;0,1584;2,2237;2,2724;18,1514
-0,1911;0,1169;3,8211;3,8276;18,2086
-0,0164;-0,0039;0,5120;0,5123;18,2706
0,2365;-0,0022;-0,5262;0,5769;18,3321
-0,0476;-0,0376;2,2288;2,2296;18,3937
0,0002;-0,0383;2,4270;2,4273;18,4481
-0,2663;0,5372;-0,5401;0,8070;18,5118
0,1167;0,0513;0,4842;0,5007;18,5692
1,4849;-0,0730;-1,7895;2,3265;18,6311
0,1852;-0,0127;1,8783;1,8875;18,6888
-1,3599;0,0810;0,7737;1,5667;18,7502
0,5340;0,0849;-0,3053;0,6210;18,8119
-0,1689;0,1201;0,6390;0,6717;18,8736
-0,9760;-0,4264;1,3787;1,7422;18,9296
0,4242;0,0395;1,7451;1,7963;18,9915
-0,0869;0,0657;1,9020;1,9051;19,0484
0,2414;0,1113;0,2909;0,3941;19,1088
-0,3507;0,0620;-0,7488;0,8292;19,1690
0,1967;-0,1503;4,2401;4,2474;19,2305
0,6248;-0,1193;2,7423;2,8151;19,2885
-0,2145;0,0149;-0,2187;0,3067;19,3488
0,0744;0,0098;0,6116;0,6162;19,4109
0,3383;-0,0132;0,2153;0,4012;19,4681
-0,0268;0,0588;1,8666;1,8677;19,5287
0,6324;-0,0669;2,2549;2,3429;19,5910
0,7007;-0,0532;-0,1157;0,7122;19,6480
0,1401;0,1660;0,4684;0,5163;19,7088
0,2826;-0,2802;0,4688;0,6150;19,7726
0,3717;-0,0183;1,3799;1,4292;19,8283
-2,5678;0,3258;-4,5528;5,2371;19,8887
0,1765;0,1235;0,4615;0,5093;19,9533
-0,3222;-0,0400;0,5743;0,6597;20,0126
0,1398;-0,0356;1,5386;1,5453;20,0712
0,6521;0,0244;2,4973;2,5811;20,1301
-0,1123;0,2878;0,5452;0,6267;20,1905
0,0893;0,0661;0,6180;0,6279;20,2484
-0,1987;-0,0198;0,1235;0,2348;20,3084
0,4952;0,0686;2,2281;2,2835;20,3749
0,0993;-0,0535;2,4526;2,4552;20,4283
-1,4634;-0,0171;-4,9855;5,1959;20,4891
0,1960;0,1191;0,4698;0,5228;20,5483
0,7620;-0,2734;1,0946;1,3614;20,6090
0,1523;-0,0774;1,7780;1,7862;20,6684
0,1152;0,0727;1,5005;1,5067;20,7321
0,4210;0,0952;0,3083;0,5304;20,7885
-0,5460;0,0395;0,3688;0,6600;20,8483
0,0801;-0,3266;1,8700;1,9000;20,9083
0,6426;0,0979;2,1668;2,2622;20,9685
0,0693;0,3983;1,4317;1,4877;21,0303
0,0337;0,0347;0,4835;0,4859;21,0880
-0,4352;-0,1189;-0,1110;0,4646;21,1493
0,2758;0,0308;5,4727;5,4797;21,2138
0,8342;-0,2194;2,7972;2,9272;21,2753
0,6700;0,0862;0,9245;1,1450;21,3275
0,1020;0,0081;0,6719;0,6797;21,3885
-0,9533;-0,2450;1,1556;1,5180;21,4489
0,0639;0,0156;1,9152;1,9163;21,5074
0,2280;-0,0261;1,7268;1,7419;21,5677
1,0441;-0,1377;-0,2353;1,0791;21,6295
0,2270;0,2248;0,1726;0,3631;21,6880
0,0786;0,0820;-1,6240;1,6280;21,7486
0,1337;-0,0239;1,5576;1,5635;21,8085
1,8129;-0,1455;3,0789;3,5759;21,8693
0,1301;0,1059;0,5592;0,5838;21,9290
-0,7041;0,0295;-0,1367;0,7179;21,9881
-0,7195;-0,0871;1,8529;1,9896;22,0486
0,6163;-0,0615;2,0060;2,0994;22,1083
0,9189;-0,2690;3,5116;3,6398;22,1686
0,1374;0,0356;0,2931;0,3257;22,2267
-0,1772;-0,0391;0,1303;0,2234;22,2878
0,1845;0,0090;3,2129;3,2182;22,3513
-0,0027;-0,0742;2,0894;2,0908;22,4099
0,4969;0,0464;-1,8556;1,9216;22,4681
0,1198;0,0334;0,4979;0,5132;22,5476
1,0112;-0,3336;2,1490;2,3983;22,5882
0,0779;-0,1186;1,6213;1,6275;22,6482
-0,7498;0,1599;0,8923;1,1764;22,7087
0,0620;0,0242;0,0434;0,0795;22,7682
-0,0859;0,1064;0,0154;0,1376;22,8280
-0,1730;-0,3554;2,8031;2,8308;22,8880
0,2704;-0,0547;1,8178;1,8386;22,9503
0,0188;0,1145;1,3851;1,3899;23,0073
0,2963;0,0791;0,2021;0,3673;23,0682
-0,7944;-0,1987;0,4518;0,9352;23,1278
1,6450;-0,0464;3,5641;3,9257;23,1867
0,2375;-0,2702;2,8299;2,8527;23,2475
-2,3411;0,0769;-2,3323;3,3055;23,3075
0,4591;0,1191;0,3410;0,5841;23,3676
-1,0336;-0,4803;6,3367;6,4383;23,4324
0,0071;-0,0159;1,7321;1,7322;23,4872
-0,6878;0,3151;1,5830;1,7545;23,5484
-0,4632;0,2233;-0,6814;0,8537;23,6097
0,1560;0,2431;-0,0691;0,2970;23,6692
-0,7359;-0,3493;1,9696;2,1314;23,7281
0,1943;-0,0220;1,7168;1,7278;23,7946
-0,1247;0,0818;1,4131;1,4210;23,8480
0,4698;0,0952;0,1264;0,4958;23,9091
-0,7381;-0,1225;0,3927;0,8450;23,9673
-0,1403;-0,1220;2,1324;2,1405;24,0283
1,1678;-0,3012;3,1663;3,3882;24,0889
0,2943;-0,1967;1,1691;1,2215;24,1470
0,2956;0,0632;0,4383;0,5324;24,2078
0,3549;-0,0635;-0,1320;0,3839;24,2673
0,3170;0,0517;2,2400;2,2629;24,3270
-0,2433;-0,1049;2,4280;2,4424;24,3869
-0,2109;0,0666;-4,8298;4,8349;24,4555
0,1381;0,1093;0,5872;0,6131;24,5083
-0,4227;-0,5413;6,5429;6,5788;24,5695
0,0581;-0,0347;1,4519;1,4535;24,6269
0,5125;-0,1696;2,6996;2,7531;24,6888
0,5469;0,1306;0,4552;0,7235;24,7496
0,0034;0,1550;0,1750;0,2338;24,8069
0,8703;-0,1169;-1,0199;1,3459;24,8673
0,3712;-0,0732;1,8466;1,8850;24,9313
0,2436;-0,0735;1,9925;2,0087;24,9876
0,3073;0,0952;0,3436;0,4707;25,0473
0,0813;0,3493;-2,4170;2,4434;25,1107
-0,0932;-0,4352;7,9885;8,0009;25,1688
1,0671;-0,1840;2,4272;2,6578;25,2344
-0,8000;0,1157;0,8069;1,1421;25,2869
0,2802;0,0732;0,2836;0,4053;25,3496
-0,4923;0,0041;-0,5648;0,7492;25,4066
0,8198;-0,0200;2,9310;3,0435;25,4671
0,4608;-0,3698;2,6645;2,7292;25,5305
0,1743;0,1008;0,3549;0,4080;25,5871
0,2277;0,0322;0,3795;0,4438;25,6480
0,7485;-0,0984;0,0093;0,7550;25,7097
-0,1057;-0,0747;1,7419;1,7467;25,7677
0,0415;0,0085;2,0655;2,0660;25,8274
0,1511;0,1264;-0,9726;0,9923;25,8899
-0,2538;-0,0342;0,8540;0,8916;25,9493
-4,7244;0,3539;2,5039;5,3586;26,0067
0,0832;-0,0161;1,4588;1,4612;26,0663
-0,9172;0,2250;-0,9043;1,3075;26,1281
0,1416;-0,0466;0,4081;0,4344;26,1899
-0,2128;-0,0122;-0,4488;0,4969;26,2472
0,6787;0,1096;2,4629;2,5570;26,3065
0,1943;-0,1826;2,3826;2,3974;26,3681
-0,6421;-0,0422;-0,6844;0,9394;26,4269
0,3434;0,0881;0,5111;0,6220;26,4900
-0,0957;-0,1723;1,1344;1,1514;26,5549
0,0657;-0,1340;1,9550;1,9606;26,6076
0,2167;0,0681;2,4155;2,4262;26,6665
-0,7254;0,0061;-1,8810;2,0160;26,7263
0,2873;-0,1394;-0,5120;0,6034;26,7869
0,2716;-0,0369;-1,0805;1,1147;26,8467
-0,0032;-0,0203;1,4026;1,4028;26,9066
3,0559;-0,2145;4,1647;5,1701;26,9668
0,1855;-0,0632;0,3837;0,4308;27,0270
0,0498;-0,2062;-0,0981;0,2337;27,0867
0,7434;0,0583;2,6864;2,7880;27,1481
0,4305;-0,1857;2,1156;2,1669;27,2098
-0,8608;-0,3270;-2,1273;2,3180;27,2681
0,1711;-0,0063;0,6053;0,6290;27,3297
-0,2128;-0,2101;6,8878;6,8942;27,3878
0,1611;-0,0813;1,5083;1,5191;27,4470
0,3956;-0,1586;2,2066;2,2474;27,5094
0,7800;0,0849;-0,1301;0,7954;27,5669
-0,1672;0,0347;-0,5875;0,6118;27,6293
0,9231;-0,4205;1,9096;2,1622;27,6866
0,8991;-0,0893;2,4516;2,6128;27,7469
-0,2416;0,0549;-0,3239;0,4078;27,8105
0,1699;-0,0081;0,6102;0,6334;27,8735
-0,4471;-0,1081;0,7551;0,8842;27,9271
0,0969;0,0371;1,6335;1,6368;27,9872
0,9589;-0,0600;2,5234;2,7001;28,0505
-0,0661;0,0718;-0,9255;0,9306;28,1074
-0,3529;-0,0303;-0,2204;0,4172;28,1663
0,0976;-0,0796;1,7294;1,7340;28,2263
0,9157;0,2145;2,0924;2,2940;28,2893
-0,6548;0,1728;1,4549;1,6048;28,3586
0,0920;-0,0254;0,5562;0,5644;28,4063
0,0015;-0,0932;0,2736;0,2890;28,4667
0,9838;0,2865;2,6518;2,8429;28,5323
0,2485;-0,1909;2,5864;2,6053;28,5856
-3,5494;0,2824;-6,6198;7,5166;28,6462
0,1218;-0,0395;0,7847;0,7950;28,7110
-0,4213;-0,2241;1,5776;1,6482;28,7658
0,1606;0,0220;1,5440;1,5524;28,8269
-0,9553;-0,1198;0,6294;1,1503;28,8901
-0,9982;0,0666;-2,0841;2,3118;28,9492
0,1999;-0,0156;0,6553;0,6853;29,0067
1,2857;-0,0044;-4,3656;4,5510;29,0684
0,3412;-0,0256;1,7951;1,8274;29,1264
0,5819;-0,0840;2,2444;2,3201;29,1864
0,2377;-0,1362;0,1718;0,3234;29,2486
0,1071;0,0620;-0,2114;0,2449;29,3075
1,0212;-0,2133;0,2219;1,0665;29,3660
0,4139;-0,0386;1,6574;1,7088;29,4270
1,1356;-0,9567;2,8207;3,1876;29,4870
0,1892;0,0803;0,3256;0,3850;29,5513
0,3710;0,1230;-2,0047;2,0425;29,6064
0,1513;-0,0754;2,2796;2,2858;29,6661
0,7917;0,0076;2,0982;2,2426;29,7299
-0,6922;0,0698;1,3177;1,4901;29,7931
0,2685;0,0063;0,3536;0,4441;29,8477
0,0425;0,0110;0,0430;0,0614;29,9064
1,1037;-0,0393;3,8450;4,0005;29,9679
0,1701;0,1377;2,1934;2,2043;30,0262
-2,2212;-0,0437;-4,3963;4,9258;30,0894
0,0652;-0,0083;0,6822;0,6853;30,1472
1,4671;-0,5350;2,9371;3,3264;30,2100
0,1435;-0,0749;1,5266;1,5352;30,2661
0,3300;0,1250;1,5715;1,6107;30,3260
0,7605;-0,1067;0,3590;0,8477;30,3865
0,0049;0,1118;0,4891;0,5017;30,4459
-3,1343;0,0244;1,3272;3,4038;30,5062
0,2926;0,0005;1,5510;1,5784;30,5654
-3,2766;0,2946;-5,6391;6,5286;30,6295
0,1120;-0,0564;0,0732;0,1452;30,6857
-1,4334;-0,0007;1,2367;1,8931;30,7459
1,1432;-0,2409;2,2325;2,5197;30,8087
0,0886;-0,0561;1,8132;1,8162;30,8656
-0,5020;0,3234;0,0913;0,6041;30,9263
0,2089;0,0168;0,4835;0,5270;30,9904
0,4649;-0,1542;-0,5106;0,7076;31,0490
0,5311;0,0613;2,0218;2,0913;31,1059
-0,0415;0,0310;1,8190;1,8198;31,1661
0,8237;0,2482;1,4480;1,6843;31,2287
0,1257;0,0671;0,5186;0,5379;31,2847
0,0984;-0,2187;1,1852;1,2092;31,3452
0,0791;0,0041;1,8410;1,8427;31,4065
0,2785;-0,1254;1,8612;1,8861;31,4656
-0,1296;-0,0420;-0,7974;0,8089;31,5291
-0,0666;0,1899;0,3610;0,4133;31,5853
-0,4349;-0,0818;0,3373;0,5564;31,6468
0,2155;-0,0212;1,6892;1,7030;31,7055
0,4198;0,1992;1,4922;1,5629;31,7655
0,3463;0,0530;0,2140;0,4106;31,8257
-0,7261;0,0600;0,0742;0,7323;31,8886
-0,0984;-0,1311;4,2953;4,2984;31,9455
1,2015;-0,2521;2,4978;2,7832;32,0056
-0,7610;0,2892;0,6189;1,0227;32,0660
0,2275;0,0361;0,4872;0,5389;32,1291
0,0593;-0,0268;0,2409;0,2495;32,1894
0,9326;0,0183;3,0642;3,2031;32,2455
0,1752;-0,2338;1,9667;1,9883;32,3053
0,3000;0,4244;-0,0530;0,5224;32,3656
0,0488;0,0688;0,4852;0,4925;32,4255
2,0623;-0,0769;-4,5850;5,0281;32,4855
0,2685;-0,0322;1,8432;1,8629;32,5589
0,4427;-0,0432;1,7902;1,8447;32,6173
0,1750;-0,0493;-0,6787;0,7027;32,6690
0,0107;0,1208;0,0320;0,1254;32,7276
0,2636;-0,2712;0,9321;1,0059;32,7861
0,4078;-0,0434;1,6284;1,6793;32,8465
3,1467;-0,0984;3,8238;4,9531;32,9086
-0,0046;-0,0393;-0,0388;0,0554;32,9662
-0,0344;0,1608;-0,7073;0,7262;33,0271
1,6191;0,1518;2,4306;2,9245;33,0893
-1,1903;-0,0513;1,6789;2,0587;33,1480
0,0884;0,3732;-0,1572;0,4145;33,2064
0,2084;-0,0312;0,6770;0,7091;33,2696
0,2843;-0,1931;0,8586;0,9248;33,3304
0,2577;0,0527;1,8393;1,8580;33,3859
0,6312;-0,1042;2,1343;2,2281;33,4473
0,4030;-0,0400;0,3114;0,5108;33,5070
-0,3239;-0,0378;0,0068;0,3261;33,5660
-0,2497;-0,1028;2,2691;2,2851;33,6262
0,8545;0,0176;1,8810;2,0661;33,6901
0,4618;-0,0220;3,4589;3,4896;33,7460
0,3031;0,0344;0,3773;0,4852;33,8062
-0,2209;-0,1147;0,7388;0,7796;33,8665
0,8679;-0,0759;4,2045;4,2938;33,9273
0,4537;-0,1120;2,1639;2,2138;33,9870
-1,7290;-0,0654;-2,8287;3,3159;34,0460
0,1848;-0,0027;0,5635;0,5931;34,1064
0,3602;-0,1652;2,9981;3,0242;34,1673
0,2326;-0,0337;2,0016;2,0153;34,2261
0,6990;-0,2433;2,8160;2,9117;34,2857
0,3832;0,0183;-0,2716;0,4701;34,3468
0,1052;0,1193;0,3527;0,3869;34,4072
-0,3607;-0,2421;0,6333;0,7680;34,4666
0,2045;-0,0273;1,7931;1,8050;34,5327
-3,3452;0,5125;-4,1928;5,3882;34,5865
0,3356;0,0107;0,3629;0,4944;34,6458
0,0915;0,1662;-0,7398;0,7637;34,7072
0,0532;-0,2455;1,6682;1,6870;34,7655
0,7368;-0,1347;2,4970;2,6070;34,8256
-1,1144;0,1826;0,1032;1,1340;34,8860
0,2197;0,0535;0,5745;0,6174;34,9468
0,2704;-0,0613;-0,1355;0,3086;35,0060
0,9990;0,2179;4,0405;4,1679;35,0656
-1,8849;-0,0505;1,2320;2,2524;35,1271
-0,1176;0,0032;0,4059;0,4226;35,1880
0,1906;0,0344;0,5606;0,5931;35,2478
-0,2536;-0,0971;-0,0447;0,2752;35,3054
0,8262;0,1530;3,7083;3,8023;35,3656
0,0954;-0,0610;2,0509;2,0540;35,4263
-2,3364;0,1494;-2,8736;3,7066;35,4857
0,1782;0,0791;0,5714;0,6037;35,5453
0,3092;-0,2028;0,4998;0,6218;35,6103
0,1496;-0,0495;2,0919;2,0978;35,6661
0,3744;-0,1147;2,7753;2,8027;35,7264
0,4527;-0,1059;-2,3657;2,4110;35,7847
-0,0654;0,0683;0,5413;0,5495;35,8478
-3,6258;0,0779;1,5039;3,9261;35,9062
0,2575;-0,0893;1,3902;1,4167;35,9688
0,2585;-0,0120;1,7829;1,8016;36,0256
-0,0056;-0,0181;0,1311;0,1324;36,0875
0,0159;0,0112;0,4481;0,4485;36,1456
-0,7456;-0,0988;-0,8079;1,1038;36,2052
0,3527;-0,0234;1,6079;1,6463;36,2707
0,1655;-0,0107;1,4544;1,4638;36,3261
0,3915;0,0383;0,0825;0,4019;36,3871
-0,0530;0,0029;0,5077;0,5104;36,4456
0,3092;-0,2582;1,0607;1,1346;36,5055
0,3598;-0,0378;1,5854;1,6262;36,5667
1,4366;0,3683;2,0804;2,5549;36,6278
0,2890;-0,0432;0,0617;0,2986;36,6859
-0,4906;0,0957;-1,4285;1,5134;36,7453
0,4508;-0,1977;2,6801;2,7249;36,8081
0,8198;-0,0039;2,0584;2,2157;36,8676
-0,0657;0,1708;0,9479;0,9655;36,9254
0,1628;-0,0420;0,0898;0,1906;36,9854
-0,2014;-0,0503;0,4798;0,5228;37,0463
0,9345;0,0015;3,3225;3,4514;37,1090
-0,1081;0,0447;2,3872;2,3901;37,1665
-0,9885;0,0427;-1,2521;1,5958;37,2250
0,2885;0,1172;-0,0547;0,3161;37,2875
1,8505;-0,4347;0,1884;1,9102;37,3454
0,4320;-0,0552;1,6455;1,7021;37,4054
0,4164;0,0276;1,4463;1,5053;37,4653
0,3954;-0,0303;0,1479;0,4232;37,5277
-0,0164;0,1521;-0,8513;0,8649;37,5859
0,6258;-0,4701;1,7907;1,9543;37,6448
0,6153;-0,1267;1,8908;1,9924;37,7058
0,0639;-0,2921;1,0414;1,0835;37,7663
0,2050;0,0718;0,3258;0,3916;37,8245
-0,0639;0,0988;-0,4915;0,5054;37,8856
1,7995;-0,0027;4,0769;4,4563;37,9501
-0,4918;-0,2035;2,0187;2,0876;38,0059
-0,1635;-0,1318;0,1943;0,2861;38,0651
0,1254;0,0029;0,5489;0,5631;38,1273
0,4691;-0,3378;2,3262;2,3969;38,1850
0,6265;-0,0803;1,5745;1,6964;38,2480
0,4081;0,0884;1,9860;2,0294;38,3056
0,5989;-0,0569;-0,0969;0,6094;38,3674
-0,0696;0,0905;0,4034;0,4193;38,4262
-0,1320;-0,2665;-0,3781;0,4810;38,4853
0,5897;0,0020;1,9122;2,0011;38,5476
-0,8833;-0,1479;-0,1123;0,9026;38,6051
0,3720;-0,0225;0,3661;0,5224;38,6699
0,1230;0,0200;0,0359;0,1297;38,7261
1,0046;-0,3000;0,9699;1,4282;38,7885
0,6053;-0,0278;2,1046;2,1901;38,8454
0,3859;-0,3161;1,4090;1,4947;38,9059
0,2765;0,0300;0,5860;0,6487;38,9688
-0,6229;0,1345;0,6002;0,8753;39,0263
0,7971;-0,0471;3,9741;4,0535;39,0859
0,8281;-0,2197;2,3582;2,5090;39,1461
0,0520;0,1201;0,2326;0,2669;39,2094
0,3163;0,0622;0,4618;0,5632;39,2658
0,0832;-0,1450;0,3693;0,4053;39,3275
0,6111;0,0478;2,8885;2,9528;39,3859
0,1042;-0,0822;2,3872;2,3909;39,4453
-0,2118;-0,0347;-0,7144;0,7459;39,5065
0,2475;0,1286;0,4264;0,5095;39,5712
-0,1323;-0,2428;1,2135;1,2446;39,6260
0,4608;0,1311;2,0592;2,1142;39,6893
0,4576;0,1272;2,5534;2,5972;39,7466
-0,2304;0,3026;-0,5836;0,6966;39,8060
0,1750;0,0871;0,5211;0,5565;39,8676
1,3448;-0,0705;-2,3228;2,6849;39,9269
0,3839;-0,0754;1,2811;1,3395;39,9851
0,5911;0,1857;2,0191;2,1121;40,0457
0,8154;-0,1989;-0,3151;0,8965;40,1057
0,0986;0,1355;0,3932;0,4274;40,1666
1,6777;-0,1235;-4,0986;4,4304;40,2267
0,2153;-0,1899;1,5061;1,5332;40,2858
0,3302;0,0525;1,9122;1,9413;40,3453
0,2939;-0,0556;-0,1374;0,3291;40,4053
-0,0127;0,1071;0,3363;0,3532;40,4710
-0,4142;-0,1996;-0,4774;0,6628;40,5282
0,5003;-0,0283;1,7812;1,8503;40,5873
0,2841;0,0639;1,7470;1,7711;40,6481
0,1628;-0,0925;-0,5172;0,5500;40,7055
0,0154;0,0500;0,3400;0,3440;40,7649
-0,3353;-0,2387;-2,8939;2,9230;40,8255
0,4737;-0,0212;1,8039;1,8652;40,8857
0,0456;0,0798;1,4043;1,4074;40,9486
0,2424;0,0210;0,2504;0,3491;41,0081
-0,1455;0,1147;-1,5940;1,6047;41,0657
0,6927;-0,2514;1,5115;1,6815;41,1254
0,4813;0,0041;1,5835;1,6550;41,1850
-0,6170;0,1401;0,0176;0,6329;41,2477
0,3856;0,0942;0,3192;0,5094;41,3056
-0,1516;0,3219;-1,5208;1,5618;41,3655
1,2213;-0,2768;0,8945;1,5389;41,4278
0,3134;-0,0207;1,6260;1,6560;41,4870
0,2262;-0,3688;1,5732;1,6316;41,5514
0,3659;0,1142;0,3551;0,5225;41,6059
-1,4773;-0,0293;1,5213;2,1207;41,6689
0,7671;-0,0971;2,5534;2,6679;41,7283
0,7830;0,1333;1,8295;1,9945;41,7861
-0,6116;-0,3527;0,8911;1,1369;41,8463
0,1955;0,0432;0,3295;0,3855;41,9110
-0,0378;0,0525;0,3937;0,3990;41,9662
1,4510;0,4247;2,3106;2,7612;42,0269
0,8791;-0,2038;2,7606;2,9044;42,0863
0,4325;0,1347;0,6404;0,7844;42,1468
0,2878;0,0427;0,5042;0,5821;42,2112
-0,7932;0,1460;-0,0617;0,8089;42,2662
1,5706;0,2306;1,5574;2,2238;42,3272
0,9033;0,2094;1,8715;2,0886;42,3853
1,6055;-0,3541;0,9492;1,8984;42,4450
0,1996;-0,0747;0,3295;0,3924;42,5089
-0,3983;0,1894;-0,7381;0,8598;42,5660
1,0797;0,3366;2,7950;3,0152;42,6434
1,4968;-0,1067;2,4614;2,8828;42,6854
1,2320;0,0132;0,1752;1,2445;42,7466
0,2287;-0,0159;0,2282;0,3235;42,8127
-0,0469;-0,2035;0,6024;0,6375;42,8655
1,4263;0,2075;3,0989;3,4177;42,9318
1,1351;-0,1472;2,0682;2,3638;42,9863
-0,6011;0,1704;-1,5698;1,6896;43,0687
0,2843;0,0149;0,8225;0,8704;43,1066
-0,0491;-0,1242;1,0595;1,0679;43,1660
0,2543;-0,0935;1,0905;1,1236;43,2280
0,2519;-0,1186;1,5391;1,5641;43,2860
0,4762;-0,1135;1,0483;1,1569;43,3456
0,3295;0,0161;0,9309;0,9876;43,4053
0,3947;-0,1406;0,9660;1,0529;43,4656
0,6558;-0,1774;0,7063;0,9800;43,5092
0,4318;-0,1008;1,2211;1,2991;43,5350
0,5286;-0,1081;1,1588;1,2783;43,5456
0,3053;0,0217;1,2254;1,2631;43,5659
0,1276;0,1774;0,9033;0,9294;43,5854
0,4320;0,1791;0,6785;0,8241;43,6059
0,3793;0,0818;1,2006;1,2617;43,6272
0,2690;-0,1374;1,1305;1,1702;43,6469
0,1757;-0,0952;1,0678;1,0863;43,6658
0,1330;-0,0779;1,1732;1,1833;43,6863
0,2582;-0,0471;0,9472;0,9829;43,7065
0,3266;0,0940;0,7588;0,8314;43,7266
0,3485;0,0925;0,8762;0,9475;43,7459
0,0793;0,3527;1,2496;1,3008;43,7671
0,3480;-0,2353;0,8415;0,9406;43,7873
0,5272;-0,0617;0,7293;0,9020;43,8237
0,3322;0,1799;0,6321;0,7364;43,8276
0,2682;0,1630;1,1222;1,1653;43,8459
0,3495;0,1979;1,2049;1,2701;43,8654
0,3495;0,1979;1,2049;1,2701;43,8864
0,3495;0,1979;1,2049;1,2701;43,9093
0,3495;0,1979;1,2049;1,2701;43,9276
0,1955;0,2023;1,1703;1,2036;43,9477
0,2460;-0,0007;0,7891;0,8265;43,9646
0,2541;0,0085;0,9279;0,9621;43,9861
0,2878;-0,0034;1,0588;1,0972;44,0069
0,1777;-0,0161;1,0885;1,1031;44,0252
0,1999;0,0083;0,9899;1,0099;44,0452
0,2519;-0,0059;0,9641;0,9964;44,0660
0,2514;-0,0215;0,9065;0,9409;44,0844
0,2245;0,0193;1,0527;1,0765;44,1082
0,1645;0,1010;1,0153;1,0335;44,1268
0,2294;0,0952;0,9526;0,9844;44,1446
0,3117;0,0354;0,9728;1,0222;44,1649
0,2416;-0,0178;0,9985;1,0274;44,1856
0,1945;0,0115;0,9194;0,9398;44,2042
0,2367;0,0139;0,9907;1,0186;44,2249
0,2253;-0,0644;0,9999;1,0270;44,2459
0,2965;-0,0598;0,9660;1,0123;44,2659
0,3222;0,0600;0,9038;0,9614;44,2855
0,2777;-0,0393;0,9711;1,0108;44,3062
0,2062;-0,1560;1,2230;1,2500;44,3260
0,3192;-0,1147;1,0143;1,0696;44,3455
0,2455;-0,2780;0,2101;0,4263;44,3665
0,4393;0,1899;0,7625;0,9002;44,3851
0,6473;0,7190;1,0434;1,4229;44,4074
0,3224;0,2992;1,0639;1,1512;44,4261
0,5413;0,5091;1,1276;1,3504;44,4453
0,4449;0,3937;0,7200;0,9335;44,4661
0,4449;0,3937;0,7200;0,9335;44,4869
0,4449;0,3937;0,7200;0,9335;44,5049
0,4449;0,3937;0,7200;0,9335;44,5442
0,2870;0,0303;0,8689;0,9156;44,5456
0,2814;-0,0310;1,0622;1,0993;44,5718
0,3061;0,0254;1,1093;1,1510;44,5904
0,3390;0,0488;1,0204;1,0764;44,6064
0,3366;0,0154;0,9902;1,0459;44,6259
0,3126;0,0000;1,1137;1,1567;44,6444
0,3405;-0,0081;1,1420;1,1917;44,6643
0,3197;0,0481;1,0297;1,0793;44,6845
0,2812;0,0422;1,1376;1,1726;44,7106
0,3278;0,0020;1,0805;1,1291;44,7248
0,2116;-0,0391;0,9787;1,0021;44,7437
0,2619;-0,0598;1,0951;1,1276;44,7635
0,1865;0,0327;1,1300;1,1458;44,7850
0,1533;-0,0059;0,8625;0,8761;44,8082
0,1355;-0,0974;0,9067;0,9219;44,8264
0,0974;-0,0901;0,9606;0,9698;44,8443
0,1181;-0,0164;0,7395;0,7491;44,8645
0,1535;0,0491;0,7295;0,7471;44,8840
0,1892;0,0705;0,8867;0,9094;44,9076
0,1584;0,0078;0,7393;0,7561;44,9256
0,1025;0,0227;0,7805;0,7875;44,9436
0,0844;0,0386;0,8794;0,8843;44,9660
0,0232;-0,0010;0,7837;0,7840;44,9908
0,0561;0,0083;0,7066;0,7088;45,0116
0,1726;0,0398;0,7605;0,7808;45,0256
0,1240;0,0569;0,7341;0,7467;45,0435
0,0056;0,0859;0,8052;0,8098;45,0639
0,3351;-0,0774;1,3236;1,3675;45,0888
0,1523;-0,0266;1,0524;1,0637;45,1067
0,3163;-0,0046;1,1427;1,1857;45,1233
0,3392;-0,1294;1,0780;1,1375;45,1438
0,5269;-0,0112;1,3260;1,4269;45,1650
0,5206;-0,0029;1,5310;1,6171;45,1866
-0,7012;0,1438;0,7434;1,0320;45,2046
0,0178;-0,0244;1,6831;1,6833;45,2241
0,4671;0,0159;1,7551;1,8162;45,2436
1,1151;0,0696;3,3979;3,5769;45,2657
0,1523;0,0910;-0,1784;0,2516;45,2868
0,0117;0,0803;0,1711;0,1894;45,3092
0,0535;-0,1540;0,4030;0,4347;45,3252
0,0991;0,0588;0,5240;0,5365;45,3463
0,0325;0,0764;-0,1489;0,1705;45,3702
0,1125;-0,1162;0,7722;0,7890;45,3865
1,3848;-0,2538;2,3874;2,7716;45,4046
-1,0570;0,1809;-0,3151;1,1177;45,4246
0,7249;-0,1225;2,3701;2,4815;45,4468
0,2973;-0,0486;1,5298;1,5592;45,4698
0,4408;-0,2987;2,0894;2,1562;45,4858
0,8232;-0,1652;2,3457;2,4915;45,5049
-0,0769;-0,0822;1,1708;1,1762;45,5244
0,1467;0,0027;-0,2280;0,2711;45,5446
0,2160;-0,0290;0,2389;0,3234;45,5695
0,0888;0,0251;0,2014;0,2215;45,5854
0,1032;-0,0373;0,4676;0,4803;45,6044
0,0786;0,1391;0,5074;0,5320;45,6269
-0,1718;0,1086;-0,1264;0,2394;45,6510
0,0942;-0,1220;0,5484;0,5697;45,6683
0,1001;0,1762;-3,4811;3,4870;45,6852
1,3306;-0,2155;0,9438;1,6455;45,7041
0,7720;-0,1257;2,4809;2,6013;45,7263
0,3090;-0,1308;1,6042;1,6390;45,7503
0,3563;-0,2856;1,9698;2,0221;45,7670
-0,0588;-0,0657;1,9642;1,9662;45,7843
-0,7310;0,1677;0,7588;1,0669;45,8045
-1,7597;0,3212;-0,3883;1,8304;45,8257
-0,1499;0,3563;-0,1933;0,4322;45,8498
0,3932;0,0991;0,5167;0,6568;45,8658
0,2182;0,0320;0,6077;0,6465;45,8841
0,1940;0,0747;0,7520;0,7802;45,9038
-0,3522;0,2516;0,0337;0,4342;45,9252
-0,3612;-0,0666;0,9826;1,0490;45,9487
1,5991;-0,4217;4,2040;4,5176;45,9654
1,0368;-0,2502;1,2064;1,6103;45,9851
1,0815;-0,1218;2,1932;2,4483;46,0114
0,2077;-0,1064;1,6662;1,6825;46,0318
0,4134;-0,1010;1,7465;1,7976;46,0517
0,6009;-0,0959;2,4370;2,5118;46,0646
0,7566;0,0491;2,0189;2,1566;46,0842
-1,0107;0,3414;-0,6236;1,2357;46,1063
-0,1838;0,2475;0,1313;0,3351;46,1313
-1,4954;0,0376;-1,8529;2,3814;46,1474
0,1777;-0,0115;0,1323;0,2218;46,1651
0,2648;0,0373;0,5325;0,5959;46,1837
0,1979;0,1794;0,2426;0,3609;46,2061
-0,5479;-0,0615;0,1403;0,5689;46,2300
0,4991;-0,1452;-0,8882;1,0291;46,2470
1,6818;-0,1557;-3,8984;4,2486;46,2645
0,5423;-0,0354;1,9884;2,0613;46,2845
0,4901;0,1211;2,0570;2,1180;46,3054
0,4725;-0,0449;1,8525;1,9123;46,3296
0,8069;-0,0937;1,9945;2,1536;46,3462
0,6292;-0,0822;2,3479;2,4321;46,3646
0,9462;-0,0320;1,9064;2,1285;46,3837
0,4134;0,4979;1,7307;1,8477;46,4051
0,0527;0,2033;-0,1940;0,2859;46,4288
-0,0164;-0,1233;-0,4364;0,4538;46,4455
0,2470;-0,0376;0,6792;0,7237;46,4650
0,1462;0,1884;0,5933;0,6395;46,4836
-0,3402;0,1313;-0,3475;0,5038;46,5049
0,0471;-0,0691;0,3803;0,3893;46,5290
0,3239;0,1313;-5,0153;5,0274;46,5450
0,3507;-0,1716;3,0142;3,0394;46,5640
0,4112;0,1267;1,8222;1,8723;46,5867
0,3993;0,0207;1,8315;1,8746;46,6107
-1,1439;0,0207;1,7358;2,0789;46,6272
0,7349;-0,0181;2,1404;2,2632;46,6446
1,5815;0,1755;2,0636;2,6058;46,6636
-0,0200;0,1962;-0,3449;0,3973;46,6859
-0,7293;0,0486;-1,5078;1,6756;46,7103
0,2821;-0,0024;0,2948;0,4081;46,7262
0,3532;0,0617;0,5833;0,6847;46,7444
-0,4854;0,0832;0,5394;0,7304;46,7643
0,0718;-0,0391;0,4320;0,4397;46,7851
0,2609;-0,1247;1,0934;1,1310;46,8093
-0,0391;-0,1323;-0,3576;0,3832;46,8262
1,2254;0,1242;3,5455;3,7534;46,8440
0,1101;0,0234;1,4934;1,4977;46,8639
0,3529;-0,0495;1,7453;1,7813;46,8853
0,2026;-0,0720;2,1805;2,1910;46,9093
0,5247;-0,0693;1,8439;1,9184;46,9252
1,7792;0,0054;1,9061;2,6075;46,9453
0,3363;-0,0156;0,2133;0,3986;47,0080
0,1503;-0,0295;0,2214;0,2692;47,0648
1,4190;0,0159;3,4335;3,7152;47,1244
0,7361;-0,1350;2,6752;2,7779;47,1846
-0,1142;0,1745;0,2572;0,3312;47,2444
0,3192;0,0671;0,4025;0,5181;47,3046
-0,1525;-0,0251;-0,2050;0,2568;47,3644
-0,0649;0,0227;1,2460;1,2478;47,4245
0,6426;-0,2333;2,3650;2,4618;47,4844
0,2463;-0,0608;0,6580;0,7052;47,5443
0,2826;0,1123;0,2548;0,3967;47,6042
1,6777;-0,0622;3,7901;4,1453;47,6643
0,3929;-0,0322;1,8639;1,9052;47,7245
0,8279;-0,0276;2,3701;2,5107;47,7846
-0,0444;-0,0344;-0,5880;0,5906;47,8457
-0,0710;-0,0386;-0,1799;0,1972;47,9059
1,1893;-0,0981;3,0882;3,3107;47,9676
1,6662;-0,1665;2,6789;3,1592;48,0494
-0,6194;0,0103;1,1120;1,2729;48,0558
0,5199;0,0840;1,7394;1,8174;48,0795
0,5899;0,1464;1,8651;1,9617;48,0968
0,1972;0,4017;0,4571;0,6397;48,1129
0,4503;-0,0493;0,1826;0,4884;48,1290
0,3734;0,0593;0,3144;0,4917;48,1529
0,1787;0,1340;0,5330;0,5779;48,1730
-0,1074;-0,0574;0,0117;0,1223;48,1891
-0,0452;-0,0002;-0,1684;0,1744;48,2059
0,5570;-0,0505;1,5627;1,6598;48,2307
-0,0029;-0,1125;0,6192;0,6293;48,2588
0,9094;0,2326;3,1992;3,3341;48,2824
0,2719;-0,0881;1,5081;1,5349;48,2867
0,2712;-0,0403;1,7287;1,7503;48,3108
0,1089;-0,0449;1,8520;1,8557;48,3365
0,6953;-0,1289;1,6391;1,7852;48,3545
0,1813;0,1499;1,2042;1,2270;48,3724
-0,8479;0,1394;0,1765;0,8772;48,3896
-0,0552;0,1394;0,0864;0,1730;48,4071
-0,0439;-0,0522;0,1032;0,1238;48,4316
0,1660;-0,0849;0,4974;0,5312;48,4580
0,3139;0,0444;0,8169;0,8762;48,4820
-0,2912;-0,0029;-0,1335;0,3203;48,4866
-0,3605;-0,1152;1,1471;1,2079;48,5118
0,7747;-0,0088;2,1031;2,2413;48,5371
1,0217;-0,0156;1,9249;2,1793;48,5557
0,6526;0,1110;1,4851;1,6260;48,5732
0,4776;-0,0039;1,6001;1,6699;48,5901
-0,3161;0,0393;1,8978;1,9244;48,6145
0,7407;0,0239;2,4631;2,5722;48,6361
0,5057;0,0652;1,8444;1,9136;48,6543
0,5208;0,1623;1,7343;1,8181;48,6710
0,2975;0,0510;0,2140;0,3700;48,6873
-0,4388;-0,2709;-1,3529;1,4478;48,7134
0,2326;0,0039;0,2633;0,3514;48,7417
0,1599;0,0871;0,5914;0,6188;48,7467
-0,0888;-0,0217;0,2521;0,2682;48,7712
0,0561;-0,0852;0,4718;0,4827;48,7889
0,4098;0,0373;2,2720;2,3090;48,8143
0,8166;-0,0857;1,7055;1,8929;48,8373
0,6499;0,1816;2,4985;2,5880;48,8568
0,4564;0,0017;1,9491;2,0018;48,8742
0,6646;-0,1445;1,9440;2,0595;48,8911
0,1006;-0,0896;1,2316;1,2389;48,9074
0,6770;-0,0251;2,3372;2,4334;48,9314
0,1857;0,2014;0,1806;0,3281;48,9466
0,0747;0,0085;0,0049;0,0753;48,9665
-0,1291;0,0178;-0,3676;0,3900;48,9898
-0,1162;-0,1328;-0,1154;0,2108;49,0147
0,2558;0,0110;0,7029;0,7481;49,0324
-0,1848;0,0085;-0,0098;0,1852;49,0511
0,2358;-0,0183;-0,5323;0,5825;49,0680
0,1684;-0,1062;1,4317;1,4455;49,0925
-0,9594;0,1113;1,6923;1,9486;49,1122
0,4491;0,1616;2,2041;2,2552;49,1296
0,2197;0,0093;1,4412;1,4579;49,1467
0,4174;0,0193;1,8212;1,8685;49,1764
0,7576;-0,1030;2,7565;2,8605;49,1929
0,5509;0,0085;2,5017;2,5616;49,2114
0,2223;-0,0537;1,4756;1,4932;49,2280
0,0581;0,1625;0,6946;0,7157;49,2455
0,2653;0,0188;0,2934;0,3960;49,2691
0,5245;0,0591;0,0417;0,5295;49,2924
0,1550;0,0015;0,4613;0,4866;49,3099
0,1801;0,0339;0,6927;0,7165;49,3264
-0,8315;0,0046;1,4866;1,7034;49,3462
0,1755;-0,0408;-0,1438;0,2305;49,3672
0,0984;0,1633;2,4184;2,4259;49,3997
0,0730;-0,1362;1,4803;1,4883;49,4171
0,5365;0,0249;2,2959;2,3579;49,4324
0,2846;0,0351;1,6108;1,6361;49,4477
0,3695;-0,0703;1,7160;1,7568;49,4683
0,0120;-0,3187;1,7394;1,7685;49,4942
0,6331;0,0078;2,2412;2,3290;49,5119
-0,5916;-0,1496;-0,1755;0,6350;49,5278
-0,0561;0,1821;0,5411;0,5737;49,5462
-0,0237;0,0273;-0,0598;0,0699;49,5747
0,0395;0,0142;-0,4779;0,4797;49,5896
0,2353;0,0400;0,4632;0,5211;49,6058
0,1040;-0,0434;0,3392;0,3575;49,6263
0,1618;-0,0803;-0,5897;0,6167;49,6477
0,0215;-0,0020;0,8193;0,8196;49,6752
0,1879;0,0068;2,1744;2,1825;49,6921
0,5399;-0,1047;1,2618;1,3764;49,7091
0,5667;0,1369;1,9513;2,0365;49,7264
0,3680;0,1040;1,8788;1,9173;49,7565
0,2963;-0,0625;1,5710;1,6000;49,7669
0,3817;-0,0339;2,2388;2,2714;49,7864
0,4078;0,0251;2,1156;2,1547;49,8058
1,2003;0,2965;1,6513;2,0629;49,8263
0,3446;0,0776;0,4957;0,6087;49,8482
0,0947;0,1213;0,2546;0,2975;49,8725
0,0215;-0,0827;-0,3305;0,3413;49,8890
0,2541;0,0247;0,5213;0,5805;49,9053
0,1569;0,0225;0,1557;0,2222;49,9263
-0,6809;0,0781;0,2604;0,7332;49,9508
-0,0268;-0,0923;1,6457;1,6485;49,9798
-0,0498;0,0854;2,9053;2,9070;49,9974
0,8303;0,1076;1,6794;1,8765;50,0143
0,6992;0,0918;2,0577;2,1752;50,0318
0,3310;0,0608;1,5615;1,5974;50,0484
0,4444;-0,0212;2,0250;2,0733;50,0717
0,5328;0,0210;2,4516;2,5089;50,0903
-0,4237;-0,0691;0,5130;0,6689;50,1082
-0,0727;0,0693;0,5438;0,5530;50,1353
0,4056;0,1140;0,6541;0,7781;50,1560
0,5169;0,0005;0,4435;0,6811;50,1729
0,1755;-0,0181;0,3041;0,3516;50,1891
0,2804;0,0381;0,6934;0,7489;50,2063
0,2072;0,0586;0,0112;0,2156;50,2303
-0,0178;-0,0300;0,1682;0,1717;50,2541
0,4503;-0,0176;0,8225;0,9379;50,2711
0,7224;-0,0449;3,9468;4,0126;50,2860
0,7417;-0,1894;1,8825;2,0322;50,3075
0,4288;-0,0164;1,5422;1,6008;50,3331
0,4493;0,1084;1,4595;1,5309;50,3577
0,3395;-0,0781;1,3419;1,3863;50,3772
0,2990;-0,0188;1,7341;1,7598;50,3941
0,3192;0,0344;1,7304;1,7600;50,4107
1,1862;0,0422;2,5290;2,7937;50,4280
0,1665;0,1542;0,5294;0,5760;50,4519
-0,8979;-0,0203;-1,8068;2,0177;50,4672
0,4879;0,0386;0,3117;0,5802;50,4869
0,2765;-0,0505;0,3742;0,4680;50,5062
0,2153;0,1186;0,1623;0,2945;50,5298
-0,3261;0,1008;0,7263;0,8025;50,5523
-0,2121;-0,0315;0,5689;0,6080;50,5723
1,2635;-0,1372;3,3969;3,6269;50,5898
0,9133;-0,2831;2,1209;2,3265;50,6158
0,6800;-0,0783;2,5097;2,6014;50,6374
0,3012;-0,0625;1,8954;1,9202;50,6553
0,7898;-0,3136;2,0248;2,1959;50,6720
0,5152;-0,1494;2,1951;2,2597;50,6903
0,4913;-0,0442;1,9352;1,9971;50,7079
0,7937;0,1560;1,5003;1,7044;50,7331
0,3659;0,0369;0,5160;0,6336;50,7511
-0,5311;0,1511;-0,8257;0,9933;50,7663
0,1601;0,0000;-0,0142;0,1607;50,7869
0,2343;0,0283;0,5599;0,6076;50,8274
0,0608;0,0669;0,1852;0,2061;50,8298
-0,3317;0,0796;0,5545;0,6510;50,8508
-0,1174;-0,0569;1,3856;1,3917;50,8653
1,7487;-0,2602;-4,9972;5,3008;50,8853
0,7078;0,1252;1,9515;2,0797;50,9071
0,4564;0,1013;1,5276;1,5975;50,9357
0,4315;0,0222;1,7092;1,7630;50,9551
0,8342;-0,1745;2,2534;2,4092;50,9717
1,1093;-0,0901;2,7491;2,9659;50,9887
0,5633;-0,0805;2,0272;2,1056;51,0198
0,3483;-0,2636;1,2328;1,3079;51,0415
0,3915;0,0903;0,2306;0,4633;51,0456
-0,7141;0,1198;-1,5688;1,7279;51,0668
0,4254;0,0073;-0,0605;0,4298;51,0908
0,2011;0,1067;0,0881;0,2441;51,1157
-0,1152;-0,0146;0,1601;0,1978;51,1368
0,1359;-0,0412;-0,8281;0,8402;51,1568
0,1625;-0,0603;0,6199;0,6437;51,1749
-1,8283;0,0637;1,8637;2,6115;51,1914
0,5640;-0,0085;2,0055;2,0833;51,2089
0,4767;0,0940;1,8327;1,8960;51,2263
0,3737;-0,0273;1,4563;1,5038;51,2506
0,5679;-0,0622;2,4692;2,5344;51,2741
0,5606;-0,0342;2,3233;2,3902;51,3024
0,4937;-0,6695;1,2181;1,4751;51,3058
0,3585;0,0571;0,3788;0,5247;51,3284
-0,8933;0,2179;-1,3565;1,6388;51,3466
0,2060;0,0349;-0,2372;0,3161;51,3661
0,4703;0,0598;0,3085;0,5656;51,3918
0,0271;0,0056;-0,6216;0,6222;51,4142
-0,2660;-0,0032;-0,3419;0,4332;51,4310
0,6282;-0,0825;0,0469;0,6353;51,4483
0,3798;-0,0349;1,3382;1,3915;51,5064
0,6734;-0,0151;2,1797;2,2814;51,5654
0,2446;-0,1235;0,4967;0,5672;51,6256
0,3861;0,0473;0,4359;0,5842;51,6858
-1,1339;0,0769;2,2164;2,4908;51,7551
0,3649;-0,1379;-4,7632;4,7791;51,7920
0,7605;-0,2382;2,2151;2,3541;51,7975
0,4479;-0,0788;1,6286;1,6909;51,8218
0,4872;0,0154;1,7155;1,7834;51,8273
1,0812;-0,2304;2,1304;2,4002;51,8461
0,5084;-0,1403;2,3967;2,4541;51,8714
0,3544;-0,0703;1,7346;1,7718;51,8997
-0,1213;-0,1557;0,6624;0,6912;51,9197
-0,3683;-0,1745;-0,9702;1,0523;51,9364
0,2421;-0,0056;-0,4410;0,5031;51,9530
0,3795;0,0613;0,1564;0,4150;51,9695
0,3983;0,0495;0,2787;0,4887;51,9945
-0,1054;-0,1369;-0,9633;0,9787;52,0121
-0,1191;0,2004;-0,5316;0,5804;52,0335
0,1567;0,1621;2,5051;2,5152;52,0486
-0,1323;-0,0864;0,9428;0,9560;52,0710
1,0004;-0,0059;3,2273;3,3788;52,0919
0,4205;-0,1313;1,8632;1,9146;52,1108
0,2023;-0,1030;1,6133;1,6292;52,1276
1,2320;-0,1006;2,3172;2,6263;52,1546
-0,1865;0,0110;1,3182;1,3314;52,1776
0,7010;0,0691;2,0616;2,1786;52,1972
0,7944;0,0700;1,2250;1,4617;52,2140
0,1469;-0,1523;0,4718;0,5171;52,2305
-1,0944;-0,1516;-1,8293;2,1370;52,2473
-0,1391;-0,0732;-0,6028;0,6230;52,2720
0,4073;0,0744;0,2614;0,4897;52,2909
0,5357;-0,0046;0,0720;0,5406;52,3089
-0,3756;-0,0012;-0,6063;0,7132;52,3340
0,0144;0,0735;-0,1008;0,1256;52,3616
1,5798;-0,0351;-4,0088;4,3090;52,3802
0,4115;-0,0969;2,2473;2,2868;52,3970
0,5045;-0,0786;1,8305;1,9004;52,4133
0,9323;-0,0137;2,3008;2,4826;52,4295
0,6238;-0,1093;1,4131;1,5486;52,4534
0,5679;-0,2219;2,2369;2,3185;52,4715
0,7681;0,0476;2,0704;2,2088;52,4862
-0,0725;0,3463;0,9404;1,0047;52,5070
0,1767;0,1926;0,4784;0,5451;52,5309
-0,7085;0,1752;-0,9797;1,2217;52,5580
-0,2590;-0,1052;-0,6233;0,6831;52,5781
0,2236;0,0659;0,3947;0,4583;52,5949
0,5387;-0,0039;0,0578;0,5418;52,6119
-0,2529;0,0017;0,5028;0,5628;52,6284
-0,8042;0,2123;1,4126;1,6393;52,6536
0,8284;0,1428;3,8147;3,9062;52,6710
1,0363;-0,1726;2,1546;2,3971;52,6888
0,6707;0,0849;2,1285;2,2333;52,7132
0,3654;-0,0869;1,7221;1,7626;52,7421
0,6236;-0,1206;2,0296;2,1267;52,7602
0,6036;-0,0273;2,9044;2,9665;52,7769
0,4732;-0,0290;2,1644;2,2157;52,7931
0,5006;-0,0783;1,3780;1,4682;52,8096
0,2167;0,2023;0,4154;0,5104;52,8338
0,0752;-0,0249;-0,3224;0,3320;52,8509
0,1071;-0,0007;-0,2709;0,2913;52,8680
0,4222;0,0761;0,1916;0,4699;52,8873
-0,4815;0,0671;0,1967;0,5245;52,9106
-0,1242;0,1342;-0,6065;0,6335;52,9384
0,1369;-0,1718;1,5845;1,5996;52,9579
-0,4174;0,0127;0,8511;0,9480;52,9758
1,6452;-0,3212;5,4646;5,7159;52,9962
0,5518;-0,1618;1,5676;1,6698;53,0228
0,4027;-0,0283;1,3092;1,3700;53,0437
1,4905;-0,2023;2,3589;2,7977;53,0524
0,0669;0,0371;1,5274;1,5293;53,0684
0,6917;0,0737;2,1841;2,2922;53,0861
0,2467;-0,4264;1,1910;1,2889;53,1101
0,2033;-0,2118;0,5711;0,6422;53,1357
-0,9653;-0,0896;-2,1570;2,3649;53,1543
0,3517;0,0581;0,1189;0,3758;53,1724
0,3951;0,0705;0,4027;0,5686;53,1895
0,6214;-0,0483;0,2094;0,6575;53,2137
-0,2233;-0,0278;-0,4171;0,4739;53,2364
-0,3871;0,1438;0,0586;0,4171;53,2551
1,2169;-0,1782;5,6240;5,7569;53,2707
1,2389;-0,2726;0,9145;1,5638;53,2869
0,9746;-0,0925;2,4633;2,6507;53,3103
0,3951;-0,1103;1,7407;1,7884;53,3323
0,6587;-0,1718;1,6213;1,7584;53,3499
0,1276;-0,0034;1,7529;1,7575;53,3669
0,7307;-0,0095;2,2766;2,3911;53,3917
0,1303;0,3768;1,4065;1,4620;53,4153
0,3180;0,2260;0,3322;0,5124;53,4324
-0,5113;0,2057;-0,8122;0,9816;53,4495
0,1101;0,0239;-0,2314;0,2573;53,4668
0,1899;0,1010;0,3544;0,4145;53,4945
0,7056;-0,1359;-0,6089;0,9419;53,5175
-0,0371;-0,0454;-0,0029;0,0587;53,5371
-0,0247;-0,0942;0,7376;0,7440;53,5539
1,1369;-0,7764;-3,9687;4,2007;53,5701
0,4139;0,0405;2,3201;2,3571;53,5869
0,4618;-0,1564;2,0943;2,1503;53,6113
0,4091;-0,0930;1,8627;1,9094;53,6338
0,4723;-0,0530;1,5213;1,5938;53,6524
0,4381;-0,0654;2,0704;2,1173;53,6700
0,5801;-0,0539;1,9872;2,0708;53,6946
0,2785;-0,7361;0,9484;1,2324;53,7127
0,1674;0,1028;0,5045;0,5414;53,7292
-1,1076;0,3505;-1,3262;1,7631;53,7464
0,3105;0,0591;0,0974;0,3307;53,7694
0,4108;0,0454;0,3854;0,5651;53,7932
0,2035;-0,0761;-0,5721;0,6120;53,8098
0,0683;0,0312;-0,4562;0,4623;53,8275
-0,2631;-0,0349;0,8008;0,8436;53,8476
-0,9911;0,1425;-0,8440;1,3096;53,8755
0,7876;-0,2280;2,1199;2,2730;53,9006
0,1525;-0,0593;1,7741;1,7816;53,9185
0,6080;-0,0142;2,0206;2,1101;53,9349
1,1410;-0,1953;2,0887;2,3880;53,9516
-0,1110;0,0576;1,9903;1,9943;53,9684
0,5613;0,0491;2,0194;2,0965;53,9923
0,4989;-0,3019;1,1200;1,2627;54,0086
0,1716;0,2878;0,3087;0,4556;54,0305
0,1823;-0,0442;-0,1396;0,2338;54,0455
0,2099;-0,0715;-0,0373;0,2249;54,0685
0,1896;0,0476;0,3407;0,3928;54,0915
-0,2541;-0,2272;0,7525;0,8261;54,1088
-0,1433;-0,0647;0,3556;0,3888;54,1264
0,2624;-0,0910;-0,4542;0,5324;54,1508
-1,0212;0,1037;-0,7344;1,2621;54,1795
0,3922;0,0681;2,0882;2,1258;54,1994
0,7012;-0,1228;2,2454;2,3555;54,2182
0,5264;-0,0661;1,6557;1,7387;54,2352
0,6260;-0,1167;1,9723;2,0725;54,2513
0,5194;0,0166;2,3525;2,4092;54,2683
0,2653;-0,0046;1,4561;1,4801;54,2924
0,0329;-0,0071;0,5723;0,5733;54,3103
0,4093;0,0449;0,6568;0,7752;54,3267
0,7207;-0,0766;-0,2306;0,7606;54,3517
0,2353;-0,0154;0,3236;0,4004;54,3783
0,2873;0,0137;0,6353;0,6974;54,3972
0,0647;-0,0029;-0,4337;0,4385;54,4153
-0,5238;0,0710;0,3353;0,6260;54,4319
0,4178;-0,0725;0,0412;0,4261;54,4487
-1,6081;0,1015;0,9775;1,8846;54,4732
0,8562;-0,0144;2,1073;2,2746;54,4914
0,4391;-0,0305;1,3399;1,4104;54,5103
0,3817;-0,0046;1,5305;1,5774;54,5259
0,9863;-0,2275;2,4836;2,6819;54,5500
0,6080;0,0312;2,6413;2,7105;54,5761
0,2004;-0,0932;1,6943;1,7087;54,5956
-0,0732;0,1557;0,4525;0,4841;54,6108
-1,0143;0,0805;-1,9000;2,1553;54,6359
0,4069;0,0308;-0,0976;0,4195;54,6586
0,3048;0,0261;0,1828;0,3564;54,6768
0,4986;0,0103;0,0991;0,5085;54,6934
-0,1279;0,0308;-0,3759;0,3982;54,7098
-0,5477;0,0420;0,6695;0,8660;54,7261
1,4102;-0,1662;4,4744;4,6943;54,7519
0,7603;-0,2817;1,8476;2,0176;54,7801
0,8530;-0,0964;2,0409;2,2141;54,8023
0,3307;-0,0774;1,5576;1,5942;54,8194
0,5084;-0,1718;1,6347;1,7206;54,8383
0,6133;-0,1684;2,4382;2,5198;54,8548
0,5577;-0,1340;2,5395;2,6035;54,8714
1,1046;0,0974;2,0636;2,3427;54,8878
0,2323;-0,1564;0,4083;0,4952;54,9057
-0,3964;-0,0093;-0,6636;0,7730;54,9293
0,1589;-0,0210;-0,1635;0,2290;54,9584
0,3822;0,0473;0,3888;0,5473;54,9777
0,1445;-0,0305;-0,0259;0,1499;54,9946
-0,0386;-0,0071;0,2592;0,2621;55,0115
0,0515;-0,0735;0,4144;0,4240;55,0289
1,2813;0,0332;-0,8022;1,5121;55,0527
1,3677;-0,1384;0,9763;1,6861;55,0671
0,9050;-0,0371;2,2925;2,4649;55,0869
0,4239;-0,0491;1,7436;1,7951;55,1103
0,4876;-0,1342;1,4895;1,5731;55,1347
0,4278;-0,0974;2,0794;2,1252;55,1525
0,5633;-0,1059;2,2932;2,3638;55,1701
-0,6617;0,0020;-0,9357;1,1460;55,2277
-0,0576;-0,0464;-0,0988;0,1234;55,2886
-1,0429;0,1923;-0,7071;1,2746;55,3470
0,5074;-0,0344;1,8827;1,9502;55,4073
0,5731;-0,0786;2,1551;2,2314;55,4670
0,4300;-0,0410;0,0583;0,4359;55,5269
0,0586;-0,0027;-0,1457;0,1571;55,5876
-1,0519;-0,2136;4,7610;4,8805;55,6469
0,4049;-0,1081;1,4683;1,5269;55,7071
0,6111;-0,0002;2,0038;2,0949;55,7669
-1,1425;-0,0120;-2,0533;2,3498;55,8277
0,0266;0,0044;-0,0444;0,0520;55,8877
-0,8003;0,1535;1,3838;1,6059;55,9500
0,6775;0,0032;1,4793;1,6271;56,0076
0,7334;0,0935;2,2786;2,3955;56,0668
0,2880;-0,1130;-0,1040;0,3264;56,1284
0,0227;-0,0625;-0,1128;0,1309;56,1866
-0,0942;0,0923;0,4191;0,4393;56,2467
0,5191;-0,0791;1,5034;1,5925;56,3071
0,7241;0,0225;2,1844;2,3014;56,3669
-0,8955;0,1403;-0,8196;1,2220;56,4296
0,5826;-0,1347;0,3392;0,6875;56,4863
0,0901;-0,3187;0,8315;0,8951;56,5467
1,0097;-0,0574;2,0599;2,2948;56,6069
0,9316;-0,0737;2,3750;2,5522;56,6675
0,0115;0,1120;-0,0137;0,1134;56,7270
0,2631;-0,0010;0,5306;0,5922;56,7863
0,4042;-0,0637;4,8420;4,8593;56,8468
0,3944;-0,1328;1,5596;1,6141;56,9086
0,6956;0,1150;2,1959;2,3063;56,9662
-0,8930;0,2751;-1,4222;1,7017;57,0287
0,1782;0,0493;0,5477;0,5780;57,0867
0,4674;0,0410;2,1058;2,1574;57,1474
0,4884;-0,0166;1,5854;1,6590;57,2079
0,7354;-0,0410;2,4575;2,5655;57,2714
0,2363;-0,2118;0,5157;0,6055;57,3280
0,4413;0,0627;0,5233;0,6874;57,3904
-0,2572;-0,1455;0,7791;0,8332;57,4477
0,9843;-0,0715;2,8949;3,0585;57,5079
0,3990;-0,0037;2,1976;2,2335;57,5710
0,3990;0,0657;0,6316;0,7500;57,6286
0,2607;0,0098;0,5567;0,6148;57,6878
0,2675;-0,0752;1,8190;1,8401;57,7473
0,1381;0,0430;1,4061;1,4135;57,8074
0,0913;-0,0508;2,2962;2,2985;57,8680
0,3959;-0,1381;0,5545;0,6952;57,9287
0,0617;0,1452;0,3761;0,4079;57,9883
0,7227;-0,0373;0,3095;0,7870;58,0478
0,5887;-0,2575;1,7966;1,9080;58,1087
-0,1237;-0,6304;2,1409;2,2353;58,1691
0,1572;-0,2511;0,1318;0,3243;58,2284
0,4000;0,0405;0,4630;0,6132;58,2876
0,0278;-0,0195;-0,5335;0,5346;58,3478
0,3488;-0,0561;1,7641;1,7991;58,4121
1,1593;-0,1377;2,4841;2,7447;58,4669
-0,0061;0,0044;0,3990;0,3991;58,5276
0,3312;0,0378;0,4784;0,5831;58,5901
-0,1081;0,0234;0,4169;0,4313;58,6476
1,2267;-0,1386;2,4448;2,7388;58,7078
0,8069;-0,1528;2,1141;2,2680;58,7673
-0,0203;-0,3100;0,4115;0,5156;58,8274
0,2860;0,0688;0,2775;0,4044;58,8903
-0,3195;0,0232;0,1289;0,3453;58,9468
1,0309;-0,1477;3,3232;3,4826;59,0075
0,3690;-0,4994;2,1129;2,2022;59,0727
-0,0464;0,1904;0,7088;0,7353;59,1275
0,3195;0,0129;0,4420;0,5455;59,1868
-0,1684;-0,0088;-0,1974;0,2597;59,2471
0,5860;-0,0088;3,0906;3,1457;59,3073
0,7695;-0,0630;2,2903;2,4169;59,3673
0,1118;-0,2179;0,3446;0,4228;59,4274
0,3214;0,0244;0,4339;0,5406;59,4870
-0,0544;-0,0107;-0,2511;0,2572;59,5474
-0,5030;-0,2802;1,2035;1,3341;59,6077
0,8762;-0,0722;2,3911;2,5476;59,6671
-0,2253;-0,1760;0,2892;0,4066;59,7296
0,2204;0,0137;0,4149;0,4700;59,7867
-0,2167;0,1062;-0,1128;0,2664;59,8472
1,2062;-0,0569;2,4067;2,6927;59,9082
1,1481;-0,1767;1,6816;2,0438;59,9672
0,7451;0,1806;2,3242;2,4474;60,0341
-0,2336;-0,0625;-0,5111;0,5654;60,0888
0,2887;0,0513;0,8379;0,8877;60,1481
0,1662;0,0171;0,9648;0,9791;60,2067
0,6639;-0,0879;1,9503;2,0621;60,2659
0,5079;-0,0473;0,9306;1,0613;60,3279
0,3261;-0,0010;0,8979;0,9553;60,3911
0,2209;-0,0505;0,9660;0,9922;60,4468
0,2851;-0,0273;1,0146;1,0542;60,5077
0,0061;0,0439;2,0011;2,0016;60,5680
-1,9105;0,4361;-1,2796;2,3405;60,6268
0,3905;0,0220;0,5299;0,6586;60,6872
-0,2394;-0,4122;2,2261;2,2766;60,7491
0,7244;-0,0832;1,2137;1,4159;60,8081
0,5216;-0,0493;1,2379;1,3442;60,8669
-0,2331;-0,0315;1,1683;1,1918;60,9267
-0,6658;0,1286;0,4252;0,8004;60,9894
0,2685;0,0822;0,4906;0,5652;61,0477
0,0537;0,1411;-0,2480;0,2903;61,1081
1,8539;-0,2675;7,5931;7,8207;61,1669
0,5118;-0,0090;1,0419;1,1609;61,2299
-0,0093;0,2245;1,2965;1,3158;61,2868
0,1372;-0,1694;1,2362;1,2553;61,3466
0,4972;0,0744;0,2319;0,5536;61,4068
-0,5933;-0,0110;0,3571;0,6926;61,4681
2,5976;-0,5587;7,9885;8,4188;61,5279
0,5613;-0,0244;1,1200;1,2531;61,5887
0,4754;0,1545;1,9725;2,0349;61,6460
-2,4333;-0,1435;-2,2908;3,3451;61,7066
0,3441;0,0749;0,6626;0,7504;61,7708
-1,0026;-0,2802;0,0122;1,0411;61,8268
0,1560;0,0090;2,3899;2,3950;61,8870
0,5489;0,0095;1,1020;1,2311;61,9485
0,4339;0,0732;1,7414;1,7961;62,0083
1,3367;0,0710;1,9071;2,3300;62,0685
0,2768;0,0632;0,5387;0,6089;62,1265
0,0237;0,0229;0,4581;0,4593;62,1868
0,6861;-0,1560;4,9443;4,9941;62,2475
-0,0383;-0,0862;1,3731;1,3763;62,3065
0,4640;-0,1965;1,7853;1,8551;62,3665
3,5531;-1,3550;5,1747;6,4217;62,4278
0,2482;0,0007;0,4664;0,5283;62,4864
0,1772;0,1977;0,6236;0,6777;62,5465
0,0430;-0,1328;1,0278;1,0372;62,6063
0,7017;-0,0554;2,7411;2,8300;62,6667
0,9455;-0,1992;1,3260;1,6407;62,7262
0,3002;0,0293;1,6992;1,7257;62,7866
-0,3031;0,0491;-1,4766;1,5082;62,8483
0,2053;0,0273;0,8064;0,8326;62,9065
-0,4227;0,0962;0,4100;0,5967;62,9671
0,2214;-0,0178;1,6172;1,6324;63,0346
0,8689;-0,0959;1,4815;1,7201;63,0865
0,6619;0,1132;1,8088;1,9294;63,1467
-0,3793;-0,2777;-2,7079;2,7484;63,2058
0,2611;0,0349;0,6702;0,7201;63,2665
-0,7351;0,0769;-0,1601;0,7563;63,3316
0,3851;-0,0586;1,6340;1,6798;63,3866
0,6355;-0,1852;1,3699;1,5215;63,4482
-0,0888;0,3288;1,2145;1,2613;63,5074
-2,5861;0,4593;-3,7235;4,5566;63,5661
0,1852;0,0718;0,7420;0,7681;63,6271
-0,1135;0,1276;-1,7929;1,8010;63,6884
0,8340;-0,0925;0,8481;1,1931;63,7523
0,3488;-0,0742;1,3648;1,4106;63,8060
0,1550;-0,0332;1,5564;1,5645;63,8671
-1,6382;0,4454;0,1357;1,7031;63,9265
0,2973;0,0637;0,5103;0,5940;63,9861
-0,8864;-0,2280;-0,1045;0,9212;64,0462
0,4325;-0,1479;1,3382;1,4141;64,1070
0,5435;-0,0535;1,2660;1,3787;64,1658
0,6509;0,0884;1,9862;2,0920;64,2253
-0,8989;-0,2765;-3,9148;4,0262;64,2859
0,1494;0,0376;0,6812;0,6984;64,3462
-0,6092;0,2675;-1,0221;1,2196;64,4083
0,2109;0,1228;3,0511;3,0608;64,4659
0,7036;-0,1120;1,5584;1,7135;64,5257
0,6092;0,2241;1,6465;1,7698;64,5870
0,6675;-0,1989;-0,3768;0,7919;64,6469
0,1550;0,0388;0,7771;0,7934;64,7057
-0,6014;0,2245;-0,2675;0,6954;64,7659
0,2014;-0,0559;3,3356;3,3422;64,8291
0,5509;-0,0749;1,3397;1,4504;64,8852
0,4859;0,2763;1,9840;2,0612;64,9459
0,8557;0,0139;-1,3365;1,5870;65,0050
0,1569;0,1028;0,6053;0,6337;65,0659
0,2323;0,0217;0,3251;0,4002;65,1424
0,7229;-0,0652;3,1770;3,2589;65,1866
1,4366;-0,3954;2,5754;2,9753;65,2462
0,1530;0,2238;1,2972;1,3252;65,3074
0,3310;0,0869;0,4654;0,5777;65,3666
-0,0530;0,1023;0,6246;0,6351;65,4257
0,2187;-0,3873;0,3886;0,5906;65,4857
0,3876;-0,0801;1,7109;1,7561;65,5457
-0,9560;0,0617;1,2686;1,5897;65,6055
-0,5150;0,0002;0,0183;0,5153;65,6655
0,2172;0,0761;0,6639;0,7026;65,7269
-0,1440;0,1638;-0,0166;0,2187;65,7863
0,0456;0,0117;0,8957;0,8970;65,8462
0,5103;-0,0193;2,1392;2,1993;65,9078
0,5772;-0,0898;2,4773;2,5452;65,9656
0,4698;0,0185;-1,0607;1,1602;66,0254
0,0527;0,0769;0,8057;0,8110;66,0873
0,1838;0,2243;-0,5909;0,6582;66,1466
0,7244;0,0810;2,9712;3,0593;66,2055
0,4435;-0,0959;1,4922;1,5597;66,2655
2,3901;-1,2230;2,7745;3,8609;66,3261
0,2536;0,0659;0,2777;0,3818;66,3906
-0,0176;0,1108;0,9562;0,9628;66,4469
0,2048;-0,2065;0,6907;0,7494;66,5052
-0,3009;-0,0730;1,1776;1,2176;66,5715
0,7344;-0,1877;2,6286;2,7357;66,6253
0,5084;0,3646;1,7338;1,8433;66,6858
0,2748;0,0808;0,5587;0,6278;66,7474
-0,0615;0,1096;0,6309;0,6433;66,8056
-0,3639;0,0683;1,0270;1,0917;66,8652
0,6587;-0,0686;2,3167;2,4095;66,9255
0,4776;-0,0061;2,0819;2,1360;66,9868
-0,5540;-0,1830;-3,1375;3,1912;67,0451
0,0915;0,0605;0,7664;0,7742;67,1055
-0,1521;0,0000;-0,1230;0,1956;67,1652
1,2379;0,0747;1,8266;2,2078;67,2253
0,7898;-0,2553;1,3463;1,5816;67,2856
1,3875;0,5491;2,5705;2,9722;67,3460
0,4054;0,1025;0,3031;0,5165;67,4062
-0,0844;0,0998;0,4552;0,4736;67,4650
1,0966;-0,0198;-1,7070;2,0290;67,5276
0,6365;-0,1206;2,2325;2,3246;67,5850
0,4169;-0,1037;2,3369;2,3761;67,6451
-1,4353;0,0356;-3,7278;3,9948;67,7054
0,3800;0,0593;0,5128;0,6410;67,7656
-0,5897;0,0979;-0,5826;0,8347;67,8251
0,9645;0,1328;2,7533;2,9204;67,8855
1,3995;-0,3292;2,2185;2,6436;67,9505
0,2035;-0,5728;0,8850;1,0737;68,0060
0,1342;0,0513;0,2775;0,3125;68,0657
0,0591;0,0215;0,6063;0,6095;68,1259
0,2385;0,0039;1,0226;1,0501;68,1850
0,3051;-0,0796;1,8129;1,8401;68,2449
-0,1176;-0,0405;1,7416;1,7461;68,3052
-0,0669;0,0232;0,6841;0,6878;68,3656
0,2499;0,1084;0,6717;0,7248;68,4282
-0,3307;0,1530;-0,3878;0,5322;68,4850
0,4964;-0,1135;1,1317;1,2410;68,5450
0,4020;-0,0439;1,3665;1,4251;68,6083
0,4193;0,1618;2,1578;2,2041;68,6661
-1,6064;-0,0627;-1,8903;2,4815;68,7252
0,1503;0,0747;0,9121;0,9274;68,7850
-0,1089;0,1855;0,2653;0,3415;68,8451
0,4747;0,0002;2,0026;2,0580;68,9050
-1,1183;0,0076;1,5098;1,8789;68,9681
-0,9455;0,1481;1,0522;1,4223;69,0248
0,2633;0,0742;0,6678;0,7216;69,0851
0,0112;0,1281;0,5177;0,5334;69,1458
-0,2765;-0,2194;1,0639;1,1209;69,2046
0,3434;-0,0615;1,5728;1,6110;69,2643
0,5377;-0,1650;2,2574;2,3264;69,3250
-3,0652;0,3473;-3,1238;4,3902;69,3900
0,3844;0,1272;0,5584;0,6898;69,4451
0,2209;0,1294;1,0910;1,1206;69,5045
0,2936;-0,1450;1,9176;1,9454;69,5647
0,4659;-0,0024;1,5012;1,5719;69,6248
0,2895;0,3410;1,9667;2,0169;69,6840
0,1198;-0,1730;-0,7341;0,7637;69,7444
0,2397;0,1464;0,5904;0,6538;69,8041
0,4164;-0,2070;0,5001;0,6829;69,8690
0,9282;-0,0076;1,9542;2,1635;69,9253
0,5199;-0,1535;1,8302;1,9088;69,9842
3,0681;-0,8581;3,2082;4,5213;70,0471
0,4757;0,0469;0,2507;0,5397;70,1047
-0,2831;0,1325;0,0727;0,3209;70,1663
-0,8071;-0,1259;0,9345;1,2412;70,2241
0,4732;-0,0849;1,5047;1,5796;70,2850
0,4342;-0,0056;1,9096;1,9583;70,3483
0,4454;0,0732;-0,2333;0,5081;70,4043
0,4032;0,0691;0,6973;0,8084;70,4637
0,1430;0,0000;0,6980;0,7125;70,5296
1,0678;-0,0559;1,8249;2,1151;70,5848
0,4708;-0,0713;1,3687;1,4492;70,6438
2,3281;-0,0915;2,6134;3,5012;70,7042
0,1594;0,0059;-0,2092;0,2630;70,7639
0,1132;0,0063;-0,0217;0,1155;70,8272
-0,0090;-0,0764;-1,7324;1,7341;70,8846
0,5213;-0,0571;1,4297;1,5229;70,9441
0,7293;-0,0503;2,0955;2,2194;71,0049
-0,3776;0,1550;-0,2389;0,4729;71,0714
0,4615;0,0791;0,6475;0,7991;71,1240
0,1045;-0,0288;-1,0829;1,0883;71,1871
1,9864;-0,1228;2,7347;3,3823;71,2438
1,3189;-0,2641;1,7685;2,2219;71,3050
0,7732;-0,2416;1,3897;1,6086;71,3693
0,1298;0,0544;0,2814;0,3147;71,4275
0,3407;0,0508;0,1892;0,3930;71,4839
-0,1298;-0,0962;0,4767;0,5033;71,5448
1,0097;-0,0698;1,3914;1,7206;71,6034
-0,0657;0,3810;1,0959;1,1620;71,6640
0,2321;-0,0452;1,2272;1,2497;71,7282
0,3693;0,0434;0,2094;0,4267;71,7842
-0,0383;0,0930;0,4374;0,4488;71,8440
0,0347;0,0215;3,6185;3,6187;71,9043
0,1857;-0,2275;1,3072;1,3398;71,9718
-0,5140;-0,3619;2,0084;2,1045;72,0233
-1,5664;0,1235;-1,1493;1,9467;72,0835
-0,3012;0,0081;0,0342;0,3032;72,1455
0,4642;0,0700;0,5252;0,7045;72,2035
0,0483;0,0615;0,4591;0,4657;72,2639
2,4165;-0,2570;3,9570;4,6436;72,3238
1,2208;-0,1989;1,7944;2,1794;72,3835
6,0042;-0,1442;4,4061;7,4489;72,4452
0,3905;0,0664;0,2926;0,4925;72,5040
-0,1779;0,0503;-0,0610;0,1947;72,5638
0,2943;0,0400;0,5704;0,6431;72,6256
0,9611;-0,1196;1,1569;1,5088;72,6835
0,2516;0,1325;1,4351;1,4630;72,7457
0,3920;-0,1245;1,0241;1,1036;72,8041
0,4652;0,0969;0,2172;0,5225;72,8651
-0,5821;0,3358;-1,3875;1,5417;72,9228
0,5626;-0,1528;1,7485;1,8431;72,9844
1,0485;-0,0793;1,2728;1,6510;73,0490
0,5816;0,0920;1,5051;1,6162;73,1035
-1,3751;0,4632;-0,1791;1,4620;73,1629
0,3231;0,0320;0,5904;0,6738;73,2244
-0,0639;-0,1323;1,1444;1,1538;73,2840
1,1942;0,0454;3,6978;3,8861;73,3433
0,6680;-0,1579;0,9597;1,1799;73,4036
0,3126;0,0078;0,8694;0,9239;73,4645
0,2607;0,0732;0,8930;0,9332;73,5232
0,1699;-0,0517;0,9135;0,9306;73,5849
0,2387;-0,1445;0,9677;1,0071;73,6427
0,2297;0,0090;0,7900;0,8228;73,7040
0,3546;-0,0593;1,3050;1,3536;73,7639
0,3859;-0,0783;1,1444;1,2103;73,8237
0,2895;-0,0600;0,9218;0,9681;73,8836
0,2792;-0,0469;1,0385;1,0764;73,9443
0,2902;-0,0161;0,9191;0,9640;74,0035
0,2543;-0,0364;0,8572;0,8948;74,0636
0,2353;-0,0691;0,9414;0,9728;74,1237
0,3475;-0,2651;1,0068;1,0976;74,1838
0,5304;-0,1857;1,1952;1,3207;74,2438
0,3839;-0,1694;1,7434;1,7931;74,3032
0,5272;0,0954;1,0383;1,1683;74,3636
0,4330;0,1479;0,2890;0,5412;74,4229
-0,2250;-0,2053;4,9008;4,9103;74,4830
0,4710;-0,1748;1,4605;1,5445;74,5439
-1,4868;-0,0615;1,4524;2,0794;74,6032
-0,9714;-0,2411;-1,9035;2,1506;74,6655
0,2687;0,0337;0,0173;0,2714;74,7233
-0,2860;-0,0574;1,8739;1,8965;74,7833
1,0778;-0,0510;1,3792;1,7511;74,8432
0,8623;0,0681;1,8268;2,0213;74,9045
0,0915;-0,4261;-1,3860;1,4530;74,9625
0,0442;0,2014;-0,2306;0,3093;75,0230
0,0576;0,1189;0,7088;0,7210;75,0894
0,7107;-0,0581;1,5996;1,7513;75,1428
-0,2316;0,1191;1,5418;1,5636;75,2069
-0,5340;-0,0071;-0,7991;0,9611;75,2655
0,3148;0,0586;0,4530;0,5548;75,3252
-0,4103;0,1552;1,8032;1,8557;75,3824
0,3478;-0,2206;1,7106;1,7595;75,4440
-0,2350;0,2077;1,6296;1,6595;75,5028
-2,1351;0,0276;-3,1706;3,8226;75,5627
0,1445;0,0010;0,5299;0,5492;75,6238
0,1728;-0,2941;1,0912;1,1433;75,6828
0,7061;-0,1525;3,8064;3,8744;75,7421
0,5623;-0,1662;1,2333;1,3656;75,8029
0,2961;-0,0498;0,9392;0,9860;75,8618
0,1079;-0,0256;1,0639;1,0696;75,9268
0,2814;0,0515;0,7349;0,7886;75,9815
0,3695;0,2787;0,4874;0,6721;76,0418
0,3868;-0,1179;0,8054;0,9012;76,1026
0,3471;-0,0244;0,9946;1,0537;76,1618
0,2985;0,0300;0,9682;1,0136;76,2217
0,3417;-0,0132;0,9821;1,0399;76,2818
0,2809;-0,0578;0,9514;0,9937;76,3417
0,2904;-0,0378;0,8886;0,9357;76,4016
0,2270;-0,0124;0,9641;0,9905;76,4616
0,3048;0,0032;0,9065;0,9563;76,5216
0,3158;0,0068;0,7751;0,8370;76,5816
0,3737;-0,2504;1,2318;1,3114;76,6415
0,0969;-0,0698;1,5418;1,5464;76,7029
0,6204;0,5089;1,3172;1,5424;76,7629
0,3168;0,0400;0,1586;0,3566;76,8221
0,1162;-0,0691;-0,4413;0,4615;76,8830
-0,0127;0,0012;1,1173;1,1174;76,9439
0,3417;-0,0647;1,2269;1,2752;77,0019
0,2033;0,0227;1,4966;1,5105;77,0675
0,4728;0,0185;0,1147;0,4868;77,1237
-0,2358;-0,0122;0,5072;0,5594;77,1851
0,5919;-0,0093;0,9367;1,1081;77,2447
0,6336;0,0093;1,9052;2,0078;77,3032
0,1906;0,6795;1,0038;1,2271;77,3648
0,2843;0,0610;0,3971;0,4922;77,4232
-0,2070;0,2075;-1,1066;1,1447;77,4829
0,3910;-0,0539;1,6706;1,7166;77,5421
0,6604;-0,2382;1,4043;1,5701;77,6044
2,7533;-0,7246;3,2217;4,2994;77,6619
0,1574;0,0281;0,3700;0,4031;77,7232
0,0161;0,1974;-0,4164;0,4611;77,7819
0,2787;-0,1098;0,1613;0,3403;77,8427
0,4449;-0,0691;1,3148;1,3897;77,9030
0,3405;-0,0171;1,3655;1,4075;77,9625
0,5001;0,0315;-0,1003;0,5110;78,0223
0,1337;0,1926;0,2751;0,3614;78,0834
0,9035;-0,1411;-2,3821;2,5516;78,1420
0,4457;-0,1003;1,3758;1,4496;78,2034
0,6404;-0,2670;1,9262;2,0473;78,2619
-0,5086;0,0217;-1,3590;1,4512;78,3219
0,1994;-0,0193;0,6153;0,6471;78,3836
0,0095;-0,0095;0,7288;0,7289;78,4419
0,1618;-0,1323;1,7480;1,7604;78,5030
-0,2807;-0,5379;2,4331;2,5076;78,5628
0,2902;0,4288;1,2403;1,3441;78,6219
0,2997;0,0556;0,5016;0,5869;78,6829
-0,0227;0,2089;-0,1540;0,2605;78,7416
1,2513;-0,3288;2,8682;3,1465;78,8027
1,2174;-0,3598;2,3589;2,6788;78,8688
0,0271;0,0493;0,8457;0,8476;78,9235
0,1123;0,0171;0,5194;0,5316;78,9832
-0,3331;-0,2875;0,7290;0,8515;79,0420
0,3334;-0,1569;1,9132;1,9484;79,1028
0,7991;-0,1452;1,5625;1,7610;79,1671
-0,0786;0,6758;1,1273;1,3167;79,2223
-0,0400;-0,0093;0,2753;0,2784;79,2815
0,3053;0,0173;0,4535;0,5470;79,3427
0,6163;-0,1191;-0,4903;0,7965;79,4038
0,3585;-0,1711;1,7499;1,7945;79,4618
-0,0261;0,1696;1,6899;1,6986;79,5218
-0,3331;-0,2365;-0,0107;0,4087;79,5826
0,1655;0,0554;0,5843;0,6098;79,6472
0,0671;0,2707;0,7075;0,7605;79,7019
0,2858;-0,0779;0,3673;0,4719;79,7621
0,6282;-0,2023;2,1251;2,2252;79,8268
0,6099;-0,0520;1,1752;1,3250;79,8817
0,2331;-0,0059;1,0954;1,1199;79,9414
1,2840;-0,1093;3,0054;3,2700;80,0028
0,5252;0,1030;0,3353;0,6316;80,0694
0,1704;0,0469;0,7808;0,8005;80,1228
0,0134;0,1796;-0,3563;0,3993;80,1846
0,7317;-0,3876;7,3459;7,3924;80,2411
0,7149;0,0085;1,2586;1,4475;80,3018
0,1862;-0,1230;1,4327;1,4499;80,3619
-2,9544;-0,1438;-3,1721;4,3372;80,4252
0,2255;0,0644;0,5552;0,6028;80,4814
0,0081;0,1291;0,5679;0,5825;80,5418
0,3485;-0,1564;0,9811;1,0529;80,6061
-0,1630;-0,0783;1,7826;1,7918;80,6613
1,0312;-0,3097;1,7499;2,0546;80,7214
-2,5556;-0,0085;-3,0969;4,0152;80,7828
0,9294;0,0286;-0,3610;0,9974;80,8452
0,2245;0,0376;0,6783;0,7154;80,9027
-0,3424;-0,1791;1,0458;1,1149;80,9635
0,3600;0,0503;1,1244;1,1817;81,0219
0,8340;-0,1496;1,3350;1,5812;81,0835
0,4215;0,0210;1,8417;1,8894;81,1418
-0,1879;-0,0791;-2,1585;2,1681;81,2012
0,1633;0,0393;0,7561;0,7745;81,2635
-0,0632;0,1191;-0,7891;0,8005;81,3219
0,0037;0,1716;0,2731;0,3226;81,3816
0,6314;-0,1135;1,2272;1,3847;81,4443
-0,2609;0,3102;1,2184;1,2840;81,5016
0,0935;0,2001;1,3414;1,3594;81,5622
0,1540;0,0305;0,8193;0,8342;81,6218
-0,1001;0,0300;0,1533;0,1855;81,6820
0,8245;0,0027;-1,8537;2,0287;81,7450
0,3544;-0,0473;1,5342;1,5753;81,8019
0,9406;-0,1677;2,0733;2,2829;81,8614
0,7827;-0,4718;1,9459;2,1498;81,9218
0,2590;0,0371;0,6075;0,6614;81,9839
-0,0671;0,1110;-0,0268;0,1325;82,0414
-0,1689;-0,5079;4,7864;4,8162;82,1018
-0,0142;-0,0117;1,4598;1,4599;82,1624
0,8069;-0,1533;1,5427;1,7477;82,2237
1,2059;0,1118;2,4621;2,7439;82,2809
0,3310;-0,0986;0,0417;0,3478;82,3421
0,3283;0,0925;0,5745;0,6681;82,4015
0,1706;-0,0954;0,6324;0,6619;82,4618
-0,0459;0,1269;1,5828;1,5885;82,5235
0,6128;-0,1303;1,1022;1,2678;82,5816
0,3429;-0,0151;1,6975;1,7318;82,6407
0,1023;-0,0449;0,7507;0,7590;82,7020
0,1677;0,0342;0,5963;0,6203;82,7614
-0,2751;0,0742;0,3888;0,4820;82,8211
-1,2757;-0,2172;1,4688;1,9575;82,8847
0,7315;-0,3156;1,5325;1,7272;82,9418
0,5823;-0,0293;1,4907;1,6007;83,0018
-0,1377;0,3873;1,7211;1,7696;83,0620
0,0649;-0,0852;0,1003;0,1467;83,1213
0,2319;0,0190;0,6924;0,7304;83,1812
0,5274;-0,0327;-0,1655;0,5537;83,2453
1,3914;-0,3209;5,1500;5,3443;83,3054
0,5984;-0,0786;1,3150;1,4469;83,3622
0,6829;0,0373;1,7021;1,8344;83,4211
0,1865;0,2189;-0,3829;0,4789;83,4813
0,1643;0,0244;0,4889;0,5163;83,5409
-0,3773;0,2502;-2,1026;2,1508;83,6013
0,6175;-0,2211;1,2147;1,3805;83,6639
0,6019;-0,1279;0,9804;1,1575;83,7210
0,5665;0,0915;1,3995;1,5125;83,7813
0,2267;-0,2092;1,2391;1,2769;83,8411
0,2846;0,0434;0,6248;0,6879;83,9036
0,2577;0,0410;0,6673;0,7165;83,9607
0,6734;0,0329;-0,0247;0,6746;84,0236
0,9482;-0,0964;2,9278;3,0790;84,0876
0,4420;-0,0188;1,3336;1,4050;84,1414
0,3761;0,0620;1,5940;1,6389;84,2030
-1,8146;0,3866;-2,2730;2,9341;84,2611
0,1381;0,0222;0,5716;0,5885;84,3208
0,1054;0,0115;0,0884;0,1380;84,3817
-0,8718;-0,2397;1,9013;2,1053;84,4419
0,1115;-0,0300;1,1034;1,1094;84,5018
0,7922;-0,1765;1,8415;2,0124;84,5676
-0,6763;0,3812;0,6983;1,0442;84,6226
0,6282;-0,0320;0,4749;0,7882;84,6818
0,1137;-0,0029;0,5889;0,5998;84,7410
0,5965;-0,1567;0,4366;0,7556;84,8011
0,2831;-0,1538;1,8173;1,8456;84,8612
0,6331;-0,0515;1,1395;1,3046;84,9221
0,5496;0,0874;1,8202;1,9034;84,9811
-2,2632;0,2629;-2,6203;3,4723;85,0407
0,1645;0,0049;0,5584;0,5822;85,1073
0,0347;0,0749;-1,1603;1,1632;85,1613
-0,4920;0,0932;-0,0017;0,5008;85,2235
0,2563;0,0037;1,2701;1,2957;85,2817
0,9065;-0,2599;1,8427;2,0700;85,3420
-1,1993;-0,0598;0,1650;1,2121;85,4007
0,4710;-0,1150;0,0674;0,4895;85,4610
0,2616;0,0395;0,6519;0,7036;85,5210
0,3112;-0,0391;0,7739;0,8351;85,5825
0,5733;0,0098;2,4785;2,5439;85,6408
0,5570;-0,0364;1,3438;1,4551;85,7010
0,5477;0,0195;2,0257;2,0986;85,7651
-1,2062;0,2443;-0,9423;1,5500;85,8218
0,1704;0,0447;0,7734;0,7932;85,8816
-0,6024;0,0744;-0,6153;0,8643;85,9415
0,7381;-0,2707;1,9576;2,1096;86,0012
0,5106;-0,0940;1,4803;1,5687;86,0667
0,3695;0,1804;2,2447;2,2820;86,1238
-1,0866;0,1074;-0,1804;1,1067;86,1808
0,1989;0,1342;0,6712;0,7128;86,2409
-0,2385;-0,0227;0,4947;0,5497;86,3089
0,8471;0,1657;-2,4829;2,6286;86,3609
0,4066;-0,0905;1,4905;1,5476;86,4215
0,1850;0,1352;1,8407;1,8549;86,4814
-0,3898;-0,5479;-0,4161;0,7908;86,5440
0,2033;0,0779;0,5855;0,6247;86,6002
-0,2404;0,0056;0,4967;0,5518;86,6610
1,0436;-0,2428;-2,2183;2,4635;86,7234
0,2475;-0,0386;1,4131;1,4352;86,7808
0,5601;-0,0603;2,3996;2,4649;86,8413
-0,2145;0,0007;0,6326;0,6680;86,9008
0,4086;-0,0103;0,4725;0,6247;86,9613
0,0222;-0,0132;0,4786;0,4793;87,0205
0,9643;0,0559;3,4323;3,5656;87,0825
0,6141;0,0505;1,6384;1,7504;87,1407
0,1647;0,0932;1,4263;1,4388;87,2003
0,1447;0,0976;0,7822;0,8015;87,2606
0,3690;-0,0027;0,4852;0,6096;87,3219
0,0737;0,2624;-0,0915;0,2875;87,3803
-0,0801;0,0888;0,2643;0,2901;87,4406
0,5687;-0,0020;1,7841;1,8726;87,5007
-0,3151;-0,0803;1,5784;1,6115;87,5606
-0,6656;0,2302;-0,6636;0,9676;87,6204
0,3151;0,0588;0,5977;0,6782;87,6833
-0,4513;0,3344;1,0287;1,1721;87,7436
0,3783;-0,2099;1,8488;1,8987;87,8008
0,3698;-0,0774;1,4180;1,4675;87,8605
0,5506;0,0032;1,6079;1,6996;87,9244
0,0520;-0,1213;-0,0857;0,1573;87,9806
0,1623;0,0862;0,8096;0,8302;88,0401
0,1101;0,0115;-0,7485;0,7567;88,1002
-0,2099;-0,0759;0,1045;0,2464;88,1628
0,5550;-0,0356;1,4166;1,5218;88,2235
0,4117;0,1123;1,7897;1,8399;88,2798
0,3829;-0,0857;0,9643;1,0411;88,3405
0,1830;0,0249;0,5762;0,6051;88,4040
-0,0115;0,1423;-0,6329;0,6488;88,4605
0,0251;-0,0854;1,2567;1,2598;88,5202
0,2221;-0,0527;1,4646;1,4823;88,5807
0,4964;-0,0576;2,1014;2,1600;88,6429
-0,3776;-0,3912;-0,5333;0,7616;88,7005
0,2575;0,0085;0,4923;0,5556;88,7605
-0,4266;0,1028;-0,2853;0,5234;88,8204
0,4379;-0,1323;1,1578;1,2449;88,8858
0,5577;-0,0234;1,4839;1,5854;88,9414
0,4911;0,0322;1,6984;1,7683;89,0005
-2,7252;0,2092;-3,4301;4,3859;89,0603
0,3095;0,1128;0,5945;0,6797;89,1198
-0,2582;0,1879;0,1142;0,3392;89,1799
0,5557;-0,2133;1,4820;1,5970;89,2397
0,6824;-0,1193;1,2928;1,4667;89,3002
0,5164;0,0644;1,8749;1,9458;89,3651
-0,3671;-0,0596;0,4086;0,5525;89,4203
0,2314;0,0369;0,6055;0,6493;89,4801
-0,1865;0,2250;-0,3585;0,4625;89,5394
0,4940;-0,2306;0,7600;0,9353;89,6005
0,8140;-0,1652;1,3643;1,5972;89,6634
0,0869;0,1755;0,8842;0,9057;89,7252
0,4230;0,0271;0,9536;1,0435;89,7800
0,0862;0,0500;0,8991;0,9046;89,8394
-0,1193;0,1169;0,0207;0,1683;89,9000
0,8120;0,1196;-1,3087;1,5448;89,9640
-0,3900;-0,1535;1,5366;1,5928;90,0193
0,7075;-0,0744;1,9901;2,1135;90,0803
-0,1874;0,1008;0,4122;0,4639;90,1405
0,0949;0,0908;-0,5047;0,5215;90,1993
0,1455;-0,0056;0,6866;0,7018;90,2604
0,5201;-0,0783;0,3544;0,6342;90,3240
0,7737;-0,1486;4,2199;4,2928;90,3805
0,6797;-0,1913;1,4590;1,6209;90,4399
-0,0791;-0,0591;0,9789;0,9839;90,4999
0,6587;0,0259;-0,5360;0,8496;90,5613
0,1789;0,0046;0,7712;0,7917;90,6193
0,0749;0,0173;0,5440;0,5494;90,6792
0,3356;-0,1518;1,0348;1,0984;90,7392
0,5377;-0,0161;1,2411;1,3526;90,8044
0,3483;0,0822;1,4000;1,4450;90,8605
0,1313;0,1306;1,3414;1,3541;90,9197
0,2236;0,0405;0,7058;0,7415;90,9802
-0,0805;0,0986;-0,7266;0,7377;91,0403
0,2714;-0,1362;1,6477;1,6754;91,1062
0,4208;-0,0286;1,4195;1,4808;91,1602
-0,5692;0,0495;0,9877;1,1411;91,2224
-0,0827;-0,1267;0,5650;0,5849;91,2798
0,0945;0,0178;0,7881;0,7939;91,3400
0,0210;0,0742;-0,1767;0,1928;91,3997
0,0583;-0,1294;-0,1098;0,1794;91,4596
0,2777;-0,0427;1,5523;1,5775;91,5210
0,2934;0,0085;1,9401;1,9621;91,5806
-0,7102;-0,0813;0,1979;0,7418;91,6395
0,1911;0,0144;0,7166;0,7418;91,6997
0,1159;0,0849;0,5618;0,5799;91,7595
0,2970;-0,0559;0,9711;1,0171;91,8194
0,8735;-0,1406;2,6444;2,7885;91,8801
0,9709;-0,1782;1,8617;2,1072;91,9414
1,6213;0,0281;3,5204;3,8759;91,9992
0,2968;-0,0171;0,0503;0,3015;92,0621
0,2631;0,0300;0,6024;0,6580;92,1213
0,4332;-0,0664;0,4723;0,6443;92,1797
0,7251;-0,2404;2,7836;2,8865;92,2429
0,8628;-0,2865;1,4219;1,6877;92,2990
-0,2675;0,0369;0,3583;0,4486;92,3689
0,1467;0,0810;-0,1638;0,2343;92,4197
0,2250;-0,0232;0,7437;0,7773;92,4841
0,4803;0,1345;-0,2568;0,5610;92,5393
0,6219;-0,0583;2,1077;2,1983;92,5990
0,6214;-0,0205;1,3499;1,4862;92,6619
-0,1899;0,2568;1,5715;1,6037;92,7219
-0,7107;0,1835;-0,3756;0,8246;92,7792
0,1657;0,0159;0,7327;0,7514;92,8393
-0,2641;0,2082;-0,8574;0,9210;92,9017
0,0281;-0,2680;2,0855;2,1029;92,9609
0,6988;-0,1110;1,1312;1,3343;93,0193
-0,9831;0,1035;0,6126;1,1630;93,0837
1,0092;0,1613;1,8127;2,0809;93,1414
0,3266;0,0525;0,5936;0,6795;93,1988
0,1650;-0,0493;0,3004;0,3463;93,2598
1,3150;0,1240;-1,5056;2,0029;93,3228
0,1369;-0,0134;1,3197;1,3268;93,3806
0,8254;-0,0700;1,7768;1,9604;93,4395
-0,5340;0,1933;-1,0282;1,1747;93,4994
0,3278;-0,0300;-0,1391;0,3573;93,5597
0,2114;0,0132;0,7651;0,7939;93,6195
0,2475;0,1157;0,1469;0,3102;93,6789
1,5420;0,0242;3,4730;3,8000;93,7386
0,4581;0,0051;1,1759;1,2620;93,7992
0,4593;0,0020;1,6086;1,6729;93,8601
-2,2444;0,0100;-2,2207;3,1574;93,9187
0,1625;0,0149;0,6875;0,7066;93,9793
-0,2267;0,0664;-1,5125;1,5308;94,0387
0,6624;-0,0483;0,9450;1,1551;94,0984
0,5794;-0,0974;1,0871;1,2357;94,1607
0,3795;0,1862;1,5559;1,6123;94,2187
0,0344;-0,0056;1,1988;1,1994;94,2800
0,1125;0,0168;0,6917;0,7010;94,3387
0,0098;-0,0176;0,2502;0,2510;94,4003
0,7532;0,0244;-1,4432;1,6281;94,4583
0,0727;-0,1152;1,3958;1,4024;94,5201
0,2841;-0,0002;1,5735;1,5989;94,5820
-0,8027;0,1225;0,4440;0,9255;94,6389
0,1240;-0,0122;0,4659;0,4823;94,7003
0,1564;0,0212;0,2529;0,2981;94,7598
0,7866;0,0535;-1,4754;1,6728;94,8188
-0,4098;-0,1784;1,2645;1,3412;94,8791
0,4718;-0,0281;2,0479;2,1018;94,9387
0,3136;0,1098;1,0622;1,1129;94,9978
0,0818;-0,0356;0,1777;0,1988;95,0587
-0,1071;0,0110;0,4540;0,4666;95,1186
0,7459;0,2511;-1,5889;1,7731;95,1785
-0,1193;-0,0156;1,2630;1,2688;95,2413
0,4027;-0,0986;2,0750;2,1161;95,2983
0,1826;-0,0139;1,1110;1,1260;95,3597
0,0581;-0,0281;0,1884;0,1992;95,4236
0,0315;0,0820;0,4930;0,5008;95,4790
0,2331;0,0730;0,4789;0,5375;95,5442
-0,2899;-0,0822;1,3773;1,4098;95,5979
0,7434;-0,1989;2,0030;2,1458;95,6595
0,4291;0,3458;1,4456;1,5471;95,7186
0,2153;-0,0456;0,1540;0,2686;95,7784
0,1211;-0,0149;0,2121;0,2447;95,8398
0,8877;0,1499;-1,8446;2,0526;95,8984
-0,1538;-0,0024;1,2296;1,2392;95,9591
0,6958;0,0054;2,0255;2,1417;96,0235
0,4874;-0,1533;1,7934;1,8647;96,0790
0,0586;-0,0820;0,1708;0,1984;96,1390
-0,2104;-0,0613;-0,2060;0,3007;96,1985
0,3043;-0,2519;1,3118;1,3700;96,2586
0,5574;-0,2482;1,3873;1,5155;96,3192
0,2297;0,1318;1,2237;1,2521;96,3796
-0,2489;0,0810;0,7986;0,8404;96,4388
0,1381;0,0151;0,3705;0,3957;96,5033
-0,1079;0,1018;-0,6397;0,6567;96,5585
-0,0256;0,3573;4,0712;4,0870;96,6194
0,4537;0,0984;1,5547;1,6225;96,6784
0,3009;-0,0168;1,5740;1,6026;96,7384
-0,0757;-0,1069;0,9645;0,9734;96,7994
0,1281;0,0264;0,4117;0,4320;96,8584
-0,0747;-0,0718;-0,3317;0,3475;96,9181
0,0515;0,1704;3,2736;3,2785;96,9809
0,4571;0,0134;1,4478;1,5183;97,0446
0,2961;0,1040;1,1566;1,1984;97,1011
-0,3041;0,2375;-0,2907;0,4831;97,1588
0,1340;0,0757;0,6970;0,7138;97,2205
0,0896;0,0198;0,6905;0,6965;97,2802
0,8359;-0,1084;3,4030;3,5058;97,3383
0,6665;-0,1809;1,9525;2,0711;97,3987
0,4684;0,2289;1,5017;1,5896;97,4581
0,3495;-0,0288;0,3392;0,4879;97,5184
-0,1086;0,1303;0,8137;0,8312;97,5775
0,1230;-0,1220;0,9172;0,9334;97,6382
-0,1340;-0,1355;1,9013;1,9108;97,6984
0,6680;-0,0166;2,5888;2,6736;97,7595
-0,5452;0,0041;0,5028;0,7417;97,8221
0,2009;0,1020;0,5567;0,6006;97,8794
0,0188;0,0149;-0,6958;0,6962;97,9379
0,2465;-0,1721;1,2028;1,2398;97,9982
0,4706;0,0085;1,4117;1,4881;98,0594
-2,4421;-0,0464;0,5975;2,5146;98,1199
-1,3148;-0,0015;-0,4581;1,3923;98,1788
0,2214;0,0483;0,6065;0,6474;98,2400
0,0740;0,0813;-0,5460;0,5569;98,3043
0,7224;-0,2277;1,2623;1,4721;98,3585
0,3624;-0,0386;1,3463;1,3947;98,4225
0,0783;0,0879;1,3201;1,3254;98,4806
-0,0852;0,0766;0,7913;0,7995;98,5380
0,3175;0,0151;0,4923;0,5860;98,5991
-1,0334;-0,2411;1,2386;1,6310;98,6639
0,5906;-0,2077;0,7478;0,9753;98,7194
0,5120;-0,0286;1,3958;1,4870;98,7791
-0,3022;0,1252;0,9953;1,0477;98,8389
0,1025;0,1801;0,5077;0,5483;98,9044
0,1791;0,0398;0,7215;0,7444;98,9585
-0,2604;-0,0232;0,1089;0,2832;99,0191
0,4444;0,0495;0,6914;0,8234;99,0879
0,3353;-0,0874;1,2989;1,3443;99,1387
0,1442;0,1184;1,6391;1,6497;99,1992
0,1640;0,1386;0,5843;0,6225;99,2641
0,2245;0,0283;0,7368;0,7708;99,3187
-0,1403;0,2162;-0,5223;0,5825;99,3791
0,2651;-0,2821;1,7197;1,7627;99,4423
0,7200;-0,2380;1,3099;1,5136;99,5025
0,1589;0,1621;1,2269;1,2477;99,5585
-0,2860;0,1286;-0,1103;0,3325;99,6194
0,1962;0,0185;0,7141;0,7408;99,6813
0,2467;-0,0049;0,5035;0,5607;99,7386
1,0373;-0,1513;1,5237;1,8495;99,7986
0,4105;-0,0769;1,3302;1,3942;99,8613
0,6299;-0,0442;1,8844;1,9874;99,9190
-0,9475;0,1735;-1,0793;1,4466;99,9783
0,2890;0,0481;0,5987;0,6665;100,0386
-0,2426;0,1789;-0,6153;0,6852;100,1000
0,8457;-0,1084;1,3529;1,5991;100,1590
0,5775;-0,0095;1,4915;1,5994;100,2186
-0,3656;0,2358;1,0622;1,1478;100,2784
-1,0336;0,1445;-0,7112;1,2630;100,3427
0,2446;0,0818;0,8140;0,8538;100,3986
-0,1633;0,0974;-0,5806;0,6110;100,4586
0,2011;-0,1396;0,5972;0,6455;100,5233
0,3451;-0,1057;1,3594;1,4065;100,5788
0,5272;-0,0171;2,1717;2,2348;100,6388
-2,0953;0,0281;-1,8417;2,7898;100,7071
0,2275;0,0637;0,5726;0,6194;100,7590
-0,1599;-0,0015;-0,0037;0,1599;100,8206
0,2878;0,1032;-2,7789;2,7957;100,8850
0,1784;-0,1081;1,6069;1,6204;100,9397
0,3942;-0,1506;2,0082;2,0520;100,9987
0,4835;-0,0337;1,4046;1,4859;101,0616
0,2304;0,0134;0,4388;0,4958;101,1184
-0,2387;-0,0076;-0,2887;0,3747;101,1795
-0,8415;-0,2038;0,0776;0,8693;101,2386
0,5843;-0,0493;1,3380;1,4608;101,2988
0,5150;0,1691;2,0699;2,1397;101,3594
-3,0550;0,5367;-4,1135;5,1518;101,4179
0,3139;0,0886;0,6609;0,7370;101,4783
-0,3134;0,1794;-1,2591;1,3099;101,5390
0,8379;-0,1796;1,7126;1,9150;101,5989
0,4901;-0,0088;1,3309;1,4183;101,6590
0,3676;0,0769;1,7211;1,7616;101,7180
1,2242;-0,0076;-0,0161;1,2244;101,7787
0,1469;0,0200;0,6931;0,7088;101,8381
0,1372;-0,0888;0,4313;0,4612;101,8982
0,4745;-0,1779;1,3585;1,4499;101,9581
0,7400;-0,1677;1,6221;1,7907;102,0183
-0,6341;0,1970;0,7371;0,9920;102,0818
0,1477;-0,0678;0,1316;0,2091;102,1386
0,2729;0,0898;0,6744;0,7330;102,1980
0,4947;-0,0976;0,6939;0,8578;102,2600
0,5423;-0,0954;1,6889;1,7764;102,3196
0,8698;-0,3800;1,5806;1,8437;102,3782
-0,4393;0,0410;1,2308;1,3075;102,4418
0,0647;-0,1186;-0,4593;0,4788;102,4982
0,3854;0,0325;0,5919;0,7070;102,5577
0,2675;0,0630;0,5345;0,6010;102,6430
1,6157;-0,1135;5,0743;5,3266;102,6785
0,9235;-0,2302;1,6020;1,8634;102,7412
0,1533;0,4244;1,1408;1,2268;102,7976
0,2575;0,0203;0,4913;0,5551;102,8577
0,2907;0,0408;0,6626;0,7247;102,9178
-0,1223;-0,1518;-0,1215;0,2297;102,9913
1,1986;-0,1557;5,7209;5,8472;103,0373
0,8725;-0,1865;1,4859;1,7332;103,0963
-0,2651;0,1101;1,2640;1,2962;103,1565
1,0419;-0,0112;-0,0544;1,0434;103,2168
0,1257;0,0610;0,5106;0,5294;103,2763
0,1438;-0,1264;0,8037;0,8262;103,3379
1,1801;-0,1289;2,6749;2,9265;103,3979
0,5718;-0,1052;0,9704;1,1313;103,4582
0,2858;-0,0015;1,0854;1,1224;103,5184
0,1462;-0,1535;0,8977;0,9224;103,5778
0,3619;0,0713;0,9460;1,0154;103,6377
0,2553;0,0373;0,8281;0,8674;103,6980
0,3148;0,0142;0,8266;0,8847;103,7578
0,2228;0,0566;1,0961;1,1199;103,8208
0,2875;-0,2485;0,8049;0,8901;103,8876
0,2987;-0,2716;1,0705;1,1441;103,9371
0,1848;0,2026;1,0163;1,0526;103,9975
0,3385;-0,0898;0,9040;0,9695;104,0573
0,1340;0,0535;0,9836;0,9941;104,1172
0,3009;-0,0127;0,8864;0,9362;104,1778
0,1272;0,0308;0,9975;1,0060;104,2372
0,3964;-0,0391;1,0041;1,0802;104,2977
0,2446;-0,0103;1,2159;1,2403;104,3570
0,4003;-0,0852;1,3602;1,4204;104,4171
0,8728;0,1071;1,7958;1,9996;104,4770
0,2363;0,0041;0,3578;0,4288;104,5369
-0,0962;-0,1474;-0,0517;0,1835;104,5970
0,5430;-0,0203;0,3917;0,6699;104,6585
0,5753;-0,0896;1,4422;1,5553;104,7177
0,6665;-0,0054;1,5208;1,6604;104,7786
0,0303;-0,1423;0,4911;0,5122;104,8428
0,2716;0,0176;0,3849;0,4714;104,8976
0,1689;0,0620;0,5033;0,5345;104,9584
0,3395;-0,0759;1,6328;1,6694;105,0184
0,3092;-0,0827;2,1114;2,1355;105,0791
0,0515;-0,3012;0,1074;0,3239;105,1382
0,2060;0,0181;0,4884;0,5303;105,2002
0,2033;0,0993;-0,0610;0,2344;105,2657
1,7587;-0,2428;5,7326;6,0012;105,3211
0,4288;0,1006;2,2403;2,2832;105,3787
-0,4269;0,3461;0,8867;1,0432;105,4400
0,1352;0,0398;0,4227;0,4456;105,4983
-0,6070;0,2250;-0,8674;1,0823;105,5584
0,2470;-0,2258;1,8298;1,8601;105,6189
0,4950;-0,0642;1,8249;1,8919;105,6808
0,2402;0,2231;1,2167;1,2600;105,7388
0,1042;0,0547;0,4027;0,4196;105,7980
-0,3519;0,0320;-0,3688;0,5108;105,8610
0,4532;-0,2458;0,9645;1,0937;105,9211
0,5545;-0,0085;1,4846;1,5848;105,9786
-0,1330;0,5665;1,4795;1,5898;106,0375
0,3829;0,0674;0,0996;0,4014;106,0986
0,3031;0,0366;0,7334;0,7944;106,1581
-0,2182;0,0620;2,7033;2,7128;106,2179
0,3656;-0,0261;3,9150;3,9322;106,2814
0,5880;-0,1511;2,7765;2,8421;106,3374
-0,8279;-0,0359;-1,9979;2,1629;106,3975
0,1796;0,0371;0,5269;0,5579;106,4602
-0,2170;0,2206;-0,4418;0,5394;106,5175
0,6636;-0,0615;2,6515;2,7340;106,5784
0,9304;-0,2348;2,3423;2,5312;106,6379
0,2946;0,1433;1,3446;1,3839;106,6980
0,2075;0,0571;0,3322;0,3958;106,7582
-0,0879;0,0051;-0,1994;0,2180;106,8191
1,0663;-0,2365;-1,3414;1,7298;106,8774
0,1940;-0,1872;1,4085;1,4341;106,9385
0,5211;0,0930;2,2225;2,2846;106,9977
0,4645;0,0676;-0,9335;1,0449;107,0586
0,2594;0,0576;0,6197;0,6743;107,1283
0,0881;-0,0327;0,5213;0,5297;107,1779
0,6927;-0,0198;1,9352;2,0555;107,2405
0,5169;-0,2092;2,3257;2,3916;107,2981
-0,0556;0,1484;0,6863;0,7044;107,3578
0,2258;0,0481;0,4559;0,5110;107,4218
0,0981;0,0952;-1,0529;1,0617;107,4787
0,2326;-0,1359;2,3674;2,3827;107,5374
0,6290;-0,2072;2,3567;2,4480;107,6008
-0,0329;-0,0029;0,7993;0,8000;107,6572
0,1279;0,0371;0,4466;0,4661;107,7186
-0,0312;0,1318;-1,3182;1,3251;107,7787
0,0737;-0,3043;1,8725;1,8985;107,8381
0,5108;-0,1142;1,4239;1,5170;107,9002
0,7224;0,4967;2,1573;2,3286;107,9577
-0,3141;-0,0183;-0,1933;0,3693;108,0181
-0,0410;0,1377;0,0303;0,1468;108,0777
0,2094;-0,0471;0,1008;0,2371;108,1370
0,3170;-0,0339;1,3541;1,3911;108,1984
0,3451;0,0315;1,9696;1,9999;108,2613
-0,0700;-0,0971;-1,0219;1,0289;108,3177
0,3180;-0,0549;0,5033;0,5978;108,3777
-0,0935;0,0578;0,7744;0,7822;108,4405
1,2369;-0,2690;4,8754;5,0371;108,4977
0,3002;-0,3058;2,7972;2,8299;108,5593
-1,2025;-0,0859;-1,0226;1,5809;108,6170
0,3392;0,0837;0,4352;0,5581;108,6775
-0,3761;0,0300;1,6911;1,7327;108,7401
0,4859;-0,2289;1,5108;1,6034;108,7976
0,6382;-0,1840;1,3428;1,4981;108,8583
0,4005;-0,2072;1,8642;1,9179;108,9174
0,4134;-0,0037;0,1176;0,4299;108,9787
-0,5860;0,1708;-0,1782;0,6359;109,0368
0,5321;-0,1923;0,5828;0,8123;109,0978
0,4349;-0,1460;1,4100;1,4827;109,1606
1,7297;-0,2529;2,5951;3,1290;109,2170
0,2643;0,0268;0,3583;0,4460;109,2774
0,3680;0,0015;0,1940;0,4161;109,3380
0,0261;-0,0881;1,5376;1,5404;109,3976
0,5828;-0,0107;1,4920;1,6018;109,4577
0,5770;-0,0444;2,3528;2,4229;109,5183
0,6751;0,0259;-0,6255;0,9207;109,5773
0,3915;0,0530;0,4393;0,5908;109,6374
0,1787;0,0884;0,1796;0,2683;109,6974
0,5013;-0,0696;2,5419;2,5918;109,7571
0,7876;-0,2089;2,9844;3,0937;109,8192
0,0847;0,0896;0,3903;0,4093;109,8777
0,3302;0,0303;0,2204;0,3982;109,9375
-0,6233;0,2241;0,5801;0,8805;109,9971
1,3780;0,1062;4,9240;5,1143;110,0573
0,9455;-0,2131;1,9281;2,1580;110,1184
0,5323;0,1152;1,6821;1,7681;110,1768
0,2060;-0,0425;0,0869;0,2276;110,2370
-0,2326;0,1401;-0,4030;0,4859;110,2990
0,7778;-0,1665;0,2524;0,8345;110,3576
0,4737;-0,0495;1,3521;1,4336;110,4171
-0,0425;-0,3541;1,0956;1,1522;110,4786
0,2873;0,0032;0,1284;0,3147;110,5379
0,3700;0,0105;0,0200;0,3707;110,5991
1,2198;0,1635;-3,5904;3,7955;110,6570
0,4493;-0,0881;1,3765;1,4507;110,7177
0,4896;0,0932;2,4216;2,4724;110,7786
0,3524;-0,0713;-0,2131;0,4180;110,8373
0,3270;-0,0486;0,2768;0,4312;110,8970
-0,2302;-0,1809;1,5635;1,5906;110,9569
-0,0412;-0,1259;1,2003;1,2076;111,0175
0,3261;0,0215;2,2847;2,3079;111,0783
-2,2400;-0,0234;-2,6283;3,4535;111,1387
0,1757;0,0054;0,5740;0,6004;111,2070
0,1320;-0,1237;1,0934;1,1083;111,2565
1,4043;-0,4071;4,7678;4,9870;111,3193
0,4957;-0,3527;2,6552;2,7240;111,3771
-0,1721;0,0120;0,1628;0,2372;111,4372
0,3627;0,0691;0,4459;0,5789;111,4969
-0,3783;0,2697;-0,7288;0,8643;111,5591
0,5311;-0,2416;1,2657;1,3937;111,6173
0,4183;-0,0381;1,3182;1,3835;111,6776
-0,5430;0,1081;0,5716;0,7958;111,7373
0,5323;0,0098;0,0830;0,5388;111,8006
0,1128;0,1003;0,1340;0,2018;111,8660
0,9326;-0,2982;3,5780;3,7095;111,9182
0,4115;0,0027;1,8588;1,9038;111,9799
0,4286;0,0520;1,3809;1,4468;112,0416
0,5323;-0,0478;0,4864;0,7227;112,0989
0,1157;-0,0596;0,6790;0,6913;112,1565
0,3519;-0,1420;1,1971;1,2559;112,2256
0,3241;-0,0207;1,0273;1,0774;112,2761
0,2416;-0,1865;1,1498;1,1896;112,3385
0,3002;-0,0671;1,0138;1,0595;112,3960
0,2990;-0,0205;0,9909;1,0352;112,4568
0,2626;-0,0537;1,0121;1,0470;112,5173
0,3109;-0,0164;0,9233;0,9744;112,5766
0,3759;0,0788;0,7420;0,8355;112,6368
0,2709;-0,0696;0,8288;0,8748;112,6989
0,2699;0,0371;0,8484;0,8911;112,7596
0,3231;-0,1384;0,8933;0,9600;112,8205
0,2182;-0,0471;0,9501;0,9760;112,8761
-0,0552;0,1076;1,6223;1,6268;112,9368
0,2055;-0,0322;1,0465;1,0670;112,9973
0,1826;-0,0308;1,0383;1,0546;113,0561
0,2770;-0,1279;1,8791;1,9037;113,1161
-0,4784;0,4471;1,0985;1,2789;113,1761
0,0891;0,0539;0,5833;0,5925;113,2372
-0,0303;0,0891;-0,2282;0,2468;113,2961
0,6097;-0,4696;0,5806;0,9640;113,3560
0,5103;-0,0581;1,4390;1,5279;113,4160
0,4491;0,1591;1,6599;1,7269;113,4760
0,3380;-0,0229;-0,2692;0,4327;113,5358
-0,1098;-0,0625;-1,1822;1,1890;113,6005
0,4298;-0,2453;1,2125;1,3096;113,6601
0,6931;-0,1384;1,7490;1,8864;113,7175
0,2228;-0,6990;0,1062;0,7413;113,7775
0,4437;0,0605;0,2511;0,5134;113,8380
0,0015;-0,0840;-0,7747;0,7792;113,8974
1,0956;-0,5640;7,1372;7,2428;113,9577
0,8511;-0,2438;2,2539;2,4216;114,0178
-0,0046;0,0381;0,2338;0,2369;114,0772
0,1896;0,0542;0,4696;0,5093;114,1382
0,0415;-0,1042;0,2009;0,2301;114,1992
0,6131;0,1079;2,1114;2,2013;114,2574
0,2724;-0,2070;2,5341;2,5571;114,3169
0,4127;0,0664;0,0593;0,4222;114,3781
-0,0049;0,1918;0,1989;0,2764;114,4378
0,1777;-0,4410;0,9409;1,0542;114,4977
0,6355;-0,1672;1,4041;1,5503;114,5602
0,6126;0,1140;1,3914;1,5246;114,6183
0,1142;-0,0083;0,2616;0,2856;114,6774
-0,1150;0,0905;0,2511;0,2907;114,7372
-0,5992;-0,1499;1,2933;1,4332;114,7968
0,3851;-0,1328;1,5415;1,5944;114,8574
0,2016;0,0115;1,5889;1,6016;114,9199
0,1294;0,0786;-0,4767;0,5001;114,9789
0,1640;-0,0127;0,2170;0,2723;115,0385
1,5383;-0,3451;-2,3020;2,7901;115,1076
0,7312;-0,0664;2,1373;2,2599;115,1573
0,0461;-0,1757;2,2383;2,2457;115,2170
-1,6452;0,4813;-1,3736;2,1966;115,2771
0,2787;0,1684;0,1020;0,3413;115,3373
-0,4256;0,1032;1,5574;1,6178;115,3973
0,2812;-0,1484;2,2215;2,2441;115,4588
-1,0092;0,5069;1,7692;2,0990;115,5173
-0,5601;-0,0669;-1,1395;1,2715;115,5774
0,0342;0,1377;0,5840;0,6010;115,6393
-0,2079;-0,0866;4,1938;4,1998;115,6966
0,2158;-0,1418;2,0299;2,0462;115,7566
0,3410;-0,0361;2,1461;2,1733;115,8210
0,4159;-0,2873;-0,5338;0,7351;115,8835
-0,0012;-0,0430;0,3136;0,3166;115,9413
1,4817;-0,2643;-1,1371;1,8864;115,9993
0,2043;-0,0176;1,6225;1,6354;116,0588
-0,2248;-0,0930;1,7468;1,7636;116,1163
-0,7837;-0,1740;-1,7438;1,9198;116,1777
0,1135;0,0107;0,6560;0,6659;116,2426
0,5181;-0,0405;0,3285;0,6148;116,2965
0,0583;-0,0347;2,8822;2,8830;116,3568
0,4366;-0,1196;2,4648;2,5060;116,4169
-0,3976;-0,1896;-1,0280;1,1184;116,4775
0,1586;0,0625;0,6331;0,6557;116,5449
0,6582;0,0486;-0,6341;0,9153;116,5968
0,6070;0,0898;5,2306;5,2664;116,6578
0,4518;-0,2097;2,3542;2,4064;116,7190
0,1906;-0,1052;0,3510;0,4130;116,7766
0,1782;0,0088;0,4908;0,5222;116,8391
-0,0371;-0,0822;0,6277;0,6342;116,9009
0,7085;0,1150;2,4821;2,5838;116,9563
0,2702;-0,2116;2,4406;2,4647;117,0169
0,6870;0,1433;1,0756;1,2843;117,0766
0,1262;0,0337;0,6182;0,6319;117,1361
-0,1401;-0,2148;1,0478;1,0787;117,1989
0,5587;-0,1130;2,1019;2,1778;117,2568
-0,5379;-0,6385;1,6740;1,8707;117,3167
-1,2423;0,9692;-0,3129;1,6064;117,3775
0,0791;-0,0493;0,5596;0,5673;117,4396
0,2726;-0,1181;0,3073;0,4274;117,4976
0,6756;-0,0495;3,1365;3,2088;117,5566
0,1196;-0,0415;2,6764;2,6794;117,6163
-1,8673;-0,0576;-2,5746;3,1810;117,6768
0,1308;0,0083;0,6829;0,6954;117,7373
0,1872;-0,1001;0,3349;0,3965;117,7958
0,3651;0,0110;1,9618;1,9955;117,8565
0,3964;-0,0688;2,5324;2,5642;117,9189
-1,7780;-0,4086;-2,9481;3,4669;117,9775
0,2419;0,0442;0,6426;0,6881;118,0364
0,1572;0,1125;0,4820;0,5193;118,0961
0,6092;-0,1172;7,9536;7,9777;118,1579
0,7917;-0,3397;2,5546;2,6960;118,2161
-0,2511;0,0564;0,4972;0,5598;118,2763
0,0295;-0,0088;0,3329;0,3343;118,3410
-0,3439;0,1547;-0,4598;0,5947;118,3974
0,7114;0,1123;1,9767;2,1038;118,4568
0,6141;-0,0703;2,4367;2,5139;118,5198
0,1987;0,0564;1,0944;1,1137;118,5773
0,0630;0,0124;0,4874;0,4916;118,6365
0,1145;0,1276;-1,5398;1,5493;118,6981
0,8894;-0,3000;1,2787;1,5862;118,7561
0,5140;-0,1352;1,2433;1,3521;118,8161
0,0183;0,0647;1,4173;1,4189;118,8774
0,2241;-0,0896;0,5108;0,5649;118,9375
0,0051;-0,0862;-1,1312;1,1345;118,9978
-0,2941;0,2248;2,1663;2,1977;119,0559
0,3043;-0,1469;2,1033;2,1303;119,1175
-1,1571;0,0388;0,5936;1,3011;119,1760
0,3690;0,0085;0,1462;0,3970;119,2356
0,0327;-0,1462;-0,5714;0,5907;119,2961
0,7732;-0,2136;-0,9641;1,2541;119,3561
0,2699;-0,0556;1,4732;1,4987;119,4167
-0,5282;0,2150;0,6548;0,8683;119,4758
0,1577;-0,0071;0,6197;0,6395;119,5363
-0,4213;0,1621;-0,7151;0,8456;119,6020
0,6961;-0,2355;1,7636;1,9106;119,6557
0,7854;-0,1281;2,2420;2,3790;119,7162
-2,1797;0,3600;0,1784;2,2165;119,7760
0,1489;-0,0212;0,4935;0,5159;119,8404
0,1782;0,0722;-1,9530;1,9624;119,8985
0,8471;-0,0571;2,0631;2,2310;119,9572
0,4186;-0,2921;2,1285;2,1888;120,0188
-1,7302;-0,0032;-0,4896;1,7981;120,0773
0,3129;-0,0661;0,3522;0,4757;120,1364
-0,1677;0,0442;-0,8076;0,8260;120,1979
0,2297;-0,0825;2,1527;2,1664;120,2567
1,0043;-0,1652;2,1946;2,4192;120,3171
-0,3915;0,2116;1,7055;1,7626;120,3783
0,0578;-0,0835;0,4081;0,4205;120,4365
-0,1298;0,2363;-1,5872;1,6099;120,4966
0,0808;-0,2070;2,1373;2,1488;120,5599
0,4186;-0,0229;1,4292;1,4895;120,6169
2,2971;-0,2431;2,6454;3,5120;120,6768
0,1430;-0,0452;0,4911;0,5135;120,7366
-0,2297;0,1445;-0,5901;0,6495;120,7969
0,2646;-0,3026;1,2987;1,3595;120,8563
0,5325;-0,1154;1,3389;1,4456;120,9171
0,2934;0,0740;0,9309;0,9788;120,9796
-0,0991;0,0971;0,9838;0,9936;121,0362
0,1521;0,0576;0,7546;0,7720;121,0966
0,2577;-0,1167;0,7434;0,7954;121,1568
0,4437;0,2131;0,9799;1,0966;121,2192
0,3846;0,0552;1,0766;1,1446;121,2767
0,3246;-0,0278;0,8218;0,8840;121,3374
