0,2199;-0,0425;0,9843;1,0095;0,1098
0,2162;-0,0447;0,9604;0,9855;0,1371
0,2162;-0,0432;0,9887;1,0130;0,3823
0,2197;-0,0447;0,9882;1,0133;0,3843
0,2204;-0,0427;0,9850;1,0103;0,3862
0,2360;-0,0432;0,9899;1,0186;0,3884
0,2284;-0,0408;0,9850;1,0120;0,4303
0,2336;-0,0393;0,9870;1,0150;0,4729
0,2294;-0,0378;0,9885;1,0154;0,5326
0,2179;-0,0400;0,9907;1,0151;0,5927
0,2114;-0,0329;1,0324;1,0543;0,6528
0,1899;-0,0332;1,5142;1,5264;0,7152
-0,5609;0,0988;-0,0935;0,5771;0,7803
0,2465;0,0205;0,5701;0,6215;0,8330
-0,0327;-0,0969;0,6734;0,6811;0,8928
0,7566;-0,1274;3,4296;3,5144;0,9528
0,8718;-0,0740;1,8254;2,0242;1,0128
-0,0815;0,1574;0,9538;0,9701;1,0726
0,1816;0,0366;0,5223;0,5542;1,1329
0,0002;0,0115;-0,0974;0,0981;1,1961
0,7393;-0,1313;1,9857;2,1229;1,2552
0,7393;-0,1313;1,9857;2,1229;1,3348
0,3800;0,0630;0,8049;0,8923;1,3939
0,1113;-0,0293;0,5909;0,6020;1,4535
0,1721;-0,0176;0,8147;0,8328;1,5134
0,1433;-0,0574;1,2752;1,2845;1,5750
0,1745;-0,0124;0,9936;1,0089;1,6332
0,2065;-0,0044;0,9631;0,9850;1,6929
0,2116;-0,0556;0,9584;0,9831;1,7539
0,2214;-0,0322;0,9758;1,0011;1,8138
0,1896;-0,0146;0,9814;0,9996;1,8736
0,1860;0,0095;0,9924;1,0097;1,9345
0,1769;-0,0051;1,0177;1,0330;1,9954
0,1970;-0,0076;1,0126;1,0316;2,0525
0,2070;0,0303;1,0282;1,0493;2,1131
0,2006;0,0015;0,9475;0,9685;2,1818
0,1782;0,0083;0,9621;0,9785;2,2774
0,1782;0,0083;0,9621;0,9785;2,3340
0,1782;0,0083;0,9621;0,9785;2,3940
0,1823;0,0666;1,0321;1,0502;2,4536
0,1894;0,0637;0,8811;0,9034;2,5138
0,1979;-0,0408;0,9631;0,9841;2,5749
0,2653;-0,0164;0,9370;0,9739;2,6522
0,2655;-0,0173;1,0085;1,0430;2,6977
0,2494;0,0000;1,0156;1,0457;2,7558
0,2470;0,0781;0,9992;1,0322;2,8150
0,3004;0,1401;0,9933;1,0472;2,8745
0,3075;0,0764;0,9533;1,0046;2,9337
0,3363;0,0862;0,9199;0,9832;2,9970
0,3612;0,0359;0,9843;1,0491;3,0532
0,3136;0,0508;0,8884;0,9435;3,1147
0,3183;-0,0344;0,9357;0,9890;3,1743
0,3827;-0,0320;0,9030;0,9813;3,2341
0,3917;0,1272;1,1903;1,2595;3,2958
0,3107;0,1081;1,0675;1,1171;3,3538
0,3107;0,1081;1,0675;1,1171;3,4173
0,2387;0,0081;1,0951;1,1209;3,4755
0,2526;0,0488;0,9409;0,9754;3,5331
0,0959;-0,0749;1,0016;1,0090;3,5930
0,1801;0,0146;0,9584;0,9753;3,6553
0,1572;0,0486;0,8974;0,9124;3,7126
0,1333;0,0286;0,9433;0,9531;3,7734
0,1501;0,0652;1,0175;1,0306;3,8332
0,1411;0,0249;0,9758;0,9862;3,8930
0,1784;0,0349;1,0351;1,0509;3,9548
0,1601;-0,0129;0,9885;1,0014;4,0126
0,1542;0,0046;0,9331;0,9457;4,0728
0,1926;-0,0061;0,9863;1,0049;4,1333
0,2077;0,0095;1,0412;1,0617;4,1934
0,1979;0,0242;1,2882;1,3035;4,2533
0,1074;-0,1506;1,4307;1,4426;4,3133
0,3358;-0,1108;0,2770;0,4492;4,3734
0,3117;0,0371;0,6914;0,7593;4,4340
-0,2097;0,1938;0,8205;0,8688;4,4932
0,2921;-0,1987;1,8219;1,8559;4,5533
-1,0075;0,1455;0,6607;1,2136;4,6132
-0,2338;0,1384;0,0308;0,2734;4,6731
0,1247;0,0134;0,6585;0,6703;4,7332
-0,5030;0,1755;1,2057;1,3181;4,7932
0,4601;-0,2197;2,2498;2,3068;4,8531
0,6373;-0,1308;2,6947;2,7721;4,9129
0,1811;0,0549;-1,0326;1,0498;4,9734
0,5396;0,0574;0,3598;0,6511;5,0333
-0,1823;0,0456;1,2128;1,2272;5,0931
0,1657;-0,1887;1,4449;1,4665;5,1531
1,5737;-0,2546;2,6510;3,0934;5,2129
0,5250;-0,0979;0,1093;0,5451;5,2731
0,2831;0,1386;0,1677;0,3571;5,3330
0,2194;-0,0954;2,8158;2,8259;5,3930
0,0966;-0,0647;1,4942;1,4987;5,4530
-0,6717;0,2985;0,9440;1,1964;5,5133
0,2497;0,0298;0,4630;0,5269;5,5732
0,0586;0,0303;-0,3270;0,3336;5,6330
0,3790;-0,1440;2,6200;2,6512;5,6931
0,6985;-0,3009;2,0919;2,2259;5,7530
-0,0930;0,1652;0,3322;0,3825;5,8131
0,3087;0,0325;0,4769;0,5690;5,8728
0,1225;-0,0798;0,3785;0,4058;5,9333
0,0422;-0,1799;1,5540;1,5649;5,9926
0,3690;-0,0713;2,1265;2,1595;6,0529
0,5640;0,1076;0,3126;0,6538;6,1130
-0,1386;0,0090;-0,4857;0,5052;6,1727
0,7603;-0,1242;3,7259;3,8047;6,2329
0,7432;-0,2475;2,2683;2,3998;6,2929
0,2067;0,1608;0,1816;0,3187;6,3529
0,4891;0,0185;0,3854;0,6230;6,4126
0,4976;0,0085;1,1910;1,2908;6,4728
0,2516;-0,1992;1,6152;1,6468;6,5327
0,1318;0,0171;1,2242;1,2314;6,5926
0,4513;-0,0154;0,2716;0,5270;6,6547
-1,2350;0,2680;0,5872;1,3935;6,7161
0,2055;-0,0020;1,9515;1,9623;6,7812
0,4828;-0,0708;1,9584;2,0182;6,8389
0,3100;0,0349;0,4501;0,5476;6,8950
-0,1896;-0,1457;-0,3007;0,3842;6,9570
0,3978;-0,0190;2,9935;3,0198;7,0158
-0,1015;-0,1115;1,9706;1,9763;7,0741
1,3406;-0,2641;-0,3485;1,4102;7,1337
-0,0056;-0,0066;-0,2238;0,2240;7,1945
-0,0210;0,0078;1,6948;1,6949;7,2531
0,6385;-0,0759;2,1766;2,2696;7,3140
-0,1870;0,1379;-0,2924;0,3734;7,3790
0,3954;-0,0315;0,3153;0,5067;7,4340
0,1835;0,1125;3,9953;4,0011;7,4943
0,2658;-0,0293;1,6228;1,6447;7,5537
-0,0635;-0,0217;1,0312;1,0334;7,6136
0,3449;-0,0293;0,1174;0,3655;7,6769
-0,6485;0,2106;0,4659;0,8258;7,7421
0,0271;-0,0332;1,3546;1,3552;7,7946
-0,0452;0,0325;1,8739;1,8748;7,8537
0,3319;0,0268;0,3705;0,4982;7,9135
-0,7273;0,1032;-0,8335;1,1110;7,9729
0,6573;-0,1401;2,9000;2,9768;8,0329
0,2345;-0,1276;2,5380;2,5520;8,0925
0,5526;0,0117;-1,0527;1,1889;8,1529
0,6163;-0,1682;0,2431;0,6835;8,2136
-0,5245;0,0383;1,0793;1,2006;8,2727
0,3749;0,0059;1,9525;1,9882;8,3375
-0,0327;-0,0120;0,6204;0,6214;8,3923
0,5203;0,0351;0,2638;0,5845;8,4538
-0,0559;0,1689;0,6936;0,7161;8,5131
0,0730;-0,1616;1,4480;1,4588;8,5737
-0,0329;0,0203;1,5357;1,5361;8,6355
0,4349;0,1074;0,4308;0,6215;8,6937
-0,3109;-0,0188;-0,4357;0,5356;8,7537
0,4025;-0,1150;2,8482;2,8788;8,8191
0,0085;-0,0342;2,1739;2,1742;8,8783
0,6399;0,0344;-0,6421;0,9072;8,9343
0,3014;-0,0727;-0,1660;0,3517;8,9961
0,4344;-0,0866;0,6358;0,7749;9,0536
0,3217;0,0276;1,9686;1,9949;9,1134
0,4034;-0,0112;0,1125;0,4190;9,1764
0,2763;0,0078;0,2912;0,4015;9,2368
-0,2055;-0,0144;2,7301;2,7379;9,2934
0,2365;-0,1223;1,4046;1,4296;9,3546
-0,0303;0,1877;1,1757;1,1909;9,4151
0,5084;0,0542;0,1511;0,5331;9,4734
-0,4845;0,0015;0,7124;0,8615;9,5329
0,1547;-0,1237;1,1305;1,1477;9,5948
-0,5819;0,3546;1,9808;2,0948;9,6535
0,5228;0,0508;0,5282;0,7449;9,7137
0,1496;-0,1057;-0,6387;0,6645;9,7762
0,9367;-0,4330;3,9253;4,0587;9,8330
0,3964;0,0266;2,4563;2,4882;9,8944
-0,4105;0,3864;-2,1158;2,1896;9,9582
0,3661;-0,0617;0,0942;0,3830;10,0152
-0,4239;0,2255;0,6348;0,7960;10,0774
0,3854;-0,1433;1,9374;1,9805;10,1344
0,2406;0,0007;0,4015;0,4681;10,1958
0,3251;0,0305;0,0888;0,3384;10,2533
-0,0588;-0,1955;3,1284;3,1351;10,3144
0,3322;-0,1364;1,3743;1,4205;10,3748
0,0398;0,0420;0,9738;0,9755;10,4349
0,3993;-0,0061;0,3568;0,5355;10,4930
0,0742;-0,0164;0,8615;0,8649;10,5546
0,0691;-0,0535;1,5083;1,5108;10,6141
0,5992;-0,0925;1,8473;1,9443;10,6761
0,7088;0,1652;0,4359;0,8483;10,7337
0,0322;-0,0774;-0,5145;0,5213;10,7964
0,6194;-0,4647;2,9239;3,0247;10,8533
0,4161;-0,1987;2,3435;2,3884;10,9138
-0,1596;0,2550;-0,9985;1,0428;10,9769
0,3846;-0,0041;0,2648;0,4670;11,0334
0,1306;-0,1572;2,1622;2,1718;11,0983
0,1650;-0,0744;1,3614;1,3734;11,1537
0,0351;0,0078;0,8838;0,8845;11,2157
0,4876;0,0830;0,1001;0,5047;11,2767
0,2724;0,0059;0,9799;1,0171;11,3328
0,1896;-0,1294;1,2604;1,2811;11,3934
0,0957;0,1809;1,7243;1,7364;11,4559
0,4935;0,0388;0,2882;0,5728;11,5139
-0,0132;-0,1316;-0,3170;0,3435;11,5739
-0,1560;-0,0002;1,6465;1,6538;11,6333
0,3183;-0,2035;2,5322;2,5602;11,6942
0,3454;0,3419;-1,0607;1,1667;11,7547
0,1830;-0,0586;0,4330;0,4737;11,8144
0,3568;0,1335;3,3430;3,3646;11,8750
0,4837;-0,0947;1,7131;1,7826;11,9331
0,2375;-0,0852;0,8115;0,8498;11,9965
0,2529;-0,0766;0,4584;0,5291;12,0529
0,0195;0,0759;0,6956;0,7000;12,1130
0,1508;-0,0288;1,4771;1,4850;12,1749
0,1391;0,1206;1,3902;1,4023;12,2340
0,3405;0,0286;0,5506;0,6480;12,2928
-1,1071;0,0427;0,5369;1,2312;12,3583
0,9616;-0,3583;3,7442;3,8823;12,4125
0,0005;0,0971;2,3459;2,3480;12,4723
0,6890;-0,0100;0,1606;0,7075;12,5361
-0,0722;-0,0959;-0,6436;0,6547;12,5930
-0,5160;0,1350;0,5345;0,7551;12,6537
0,6507;-0,1716;2,4682;2,5583;12,7163
-0,7920;0,3744;-2,3028;2,4638;12,7745
0,8508;-0,0740;-0,0913;0,8589;12,8331
-0,0095;0,0691;1,4878;1,4895;12,8969
0,3385;0,0383;1,3919;1,4330;12,9539
-0,1523;0,0222;0,9035;0,9165;13,0136
0,2123;-0,0666;0,1150;0,2505;13,0729
-0,2677;0,1518;0,2394;0,3899;13,1364
-0,0769;-0,0832;1,5264;1,5306;13,1924
0,6128;-0,2365;2,4467;2,5334;13,2532
0,4679;0,0266;0,8393;0,9613;13,3182
0,6329;-0,2680;-1,1225;1,3161;13,3740
-1,2452;0,3214;2,2971;2,6326;13,4352
0,5335;-0,3910;2,9161;2,9902;13,4979
0,9658;-0,0115;0,5367;1,1049;13,5613
0,4645;-0,1103;-0,5933;0,7615;13,6137
0,3698;-0,1308;1,9406;1,9798;13,6750
0,2345;-0,0864;2,4087;2,4216;13,7355
0,6970;0,0232;-0,6966;0,9857;13,7934
0,2492;0,0683;0,2262;0,3434;13,8547
1,1412;-0,1274;1,2816;1,7208;13,9136
0,4364;0,0095;1,7209;1,7754;13,9744
-0,4076;0,0681;0,5111;0,6572;14,0336
0,5304;0,0603;0,1132;0,5456;14,0949
0,2238;0,0220;1,1244;1,1467;14,1605
0,2697;-0,1760;1,3145;1,3534;14,2126
0,0615;0,0452;1,3694;1,3716;14,2732
0,5462;0,0461;0,3500;0,6504;14,3359
-0,6392;0,1477;0,0369;0,6571;14,3929
0,0732;-0,0066;2,0545;2,0559;14,4561
0,6834;-0,3283;2,6025;2,7106;14,5144
0,5035;-0,0212;-0,0300;0,5048;14,5744
-0,6097;0,2531;-0,4496;0,7987;14,6344
0,0278;-0,2233;1,7744;1,7886;14,6969
0,1679;0,1377;2,7133;2,7219;14,7539
0,3766;0,1162;0,4554;0,6023;14,8151
-0,0412;0,0476;-0,7517;0,7544;14,8770
1,3673;-0,1125;3,8718;4,1077;14,9337
0,3929;-0,2267;2,8792;2,9148;14,9935
0,5406;0,1137;0,3473;0,6525;15,0539
0,0852;-0,1796;-0,6321;0,6627;15,1145
0,3410;-0,1621;-0,1904;0,4228;15,1728
-0,4435;-0,2655;2,0731;2,1366;15,2332
0,7429;0,0398;0,0261;0,7445;15,2970
0,8628;-0,1189;-0,1650;0,8864;15,3549
-0,1462;0,0405;-0,5794;0,5989;15,4137
0,7588;-0,1230;2,2642;2,3911;15,4741
-0,8716;0,8518;-1,7809;2,1580;15,5346
0,3927;0,0093;0,3090;0,4998;15,5934
0,5921;0,0444;3,9658;4,0100;15,6529
0,2873;-0,0090;1,5547;1,5810;15,7152
0,1023;-0,0813;0,2843;0,3129;15,7728
-0,0259;-0,0010;-0,0559;0,0616;15,8333
0,9179;-0,2089;3,6971;3,8151;15,8986
0,2514;0,0356;1,5915;1,6117;15,9536
0,2184;-0,2284;0,1909;0,3692;16,0129
0,3629;0,1474;-0,0642;0,3969;16,0755
-0,0930;-0,5074;5,2698;5,2950;16,1332
0,6844;-0,0205;1,7578;1,8864;16,1941
-0,0532;-0,1555;-0,2917;0,3348;16,2544
0,1813;-0,0366;0,3475;0,3937;16,3148
0,4615;0,0830;1,4602;1,5337;16,3720
0,3131;-0,2865;1,4327;1,4942;16,4330
-0,0971;0,9123;-1,0553;1,3984;16,4925
-0,2572;-0,1311;0,3749;0,4732;16,5567
0,6692;-0,1877;3,1084;3,1852;16,6130
0,3676;-0,1577;1,3592;1,4168;16,6732
-0,8203;1,0170;-1,6938;2,1392;16,7355
0,1701;-0,0974;-0,2011;0,2808;16,7925
0,3500;0,0029;0,1828;0,3949;16,8550
0,4757;-0,3888;1,9996;2,0919;16,9132
0,7483;0,1835;0,5257;0,9327;16,9742
0,3029;-0,1359;-0,8210;0,8856;17,0325
0,4857;-0,0949;1,4246;1,5081;17,0930
-0,1762;-0,2636;1,2918;1,3302;17,1578
0,6582;0,1025;0,2653;0,7171;17,2136
0,5499;-0,0976;-0,7566;0,9404;17,2723
0,7393;-0,0735;2,1185;2,2450;17,3332
0,5008;-0,2685;2,6686;2,7284;17,3945
0,6287;0,1040;0,0466;0,6390;17,4521
0,3356;0,1352;-0,6197;0,7176;17,5127
-0,1484;0,0547;3,7649;3,7683;17,5744
-0,3676;-0,1191;1,6950;1,7385;17,6353
1,4600;0,1896;-0,7334;1,6448;17,6923
0,2265;0,0203;0,1935;0,2986;17,7527
0,6194;-0,1760;0,8391;1,0577;17,8170
0,3720;-0,1645;1,3006;1,3627;17,8734
-0,0932;-0,0730;0,2741;0,2986;17,9334
0,1367;-0,1425;1,0068;1,0260;17,9935
0,1738;-0,1579;0,9955;1,0229;18,0525
0,1962;-0,2289;1,0024;1,0467;18,1198
0,3087;-0,1284;0,9843;1,0396;18,1727
0,1628;-0,0124;0,9907;1,0040;18,2327
0,1721;-0,0466;0,9396;0,9564;18,2970
0,1638;-0,0747;0,9706;0,9872;18,3533
0,2223;-0,0342;1,1144;1,1369;18,4130
-0,1052;-0,1220;1,4942;1,5028;18,4752
-0,5016;0,1325;0,3949;0,6520;18,5324
0,1738;-0,0149;0,2472;0,3026;18,5929
-0,9487;0,2795;1,1456;1,5135;18,6516
-0,7036;0,0061;1,4468;1,6089;18,7134
-0,5550;0,0281;1,3921;1,4990;18,7717
0,7620;0,0120;0,0112;0,7621;18,8324
0,4706;0,0120;-0,1418;0,4916;18,8917
0,9709;-0,1960;3,2444;3,3922;18,9524
0,4298;-0,0700;2,0758;2,1210;19,0118
-0,3251;0,1013;-0,9077;0,9694;19,0729
0,3422;0,0007;0,1953;0,3940;19,1320
0,1982;0,1298;1,0439;1,0704;19,1922
0,1774;0,0085;1,4278;1,4388;19,2549
0,1667;-0,0718;0,4796;0,5128;19,3126
-0,1430;-0,0364;0,1201;0,1903;19,3721
-0,2338;0,0659;1,0109;1,0397;19,4348
0,2836;-0,0510;1,1212;1,1577;19,4946
0,3051;-0,1320;0,9811;1,0359;19,5530
0,0473;-0,1069;0,4415;0,4567;19,6125
0,2790;0,0520;0,4757;0,5539;19,6732
0,2219;-0,0722;1,1574;1,1806;19,7316
-0,2372;0,0232;1,2701;1,2923;19,7921
0,3649;-0,0686;0,1877;0,4160;19,8521
0,0761;0,1513;1,1200;1,1328;19,9120
0,2714;-0,2035;1,6391;1,6739;19,9782
-0,5718;0,0083;0,9333;1,0946;20,0354
0,2521;-0,0525;0,3532;0,4371;20,0950
0,2626;0,0232;0,7500;0,7950;20,1522
0,2521;-0,1250;1,3985;1,4265;20,2130
0,0976;-0,0708;0,4918;0,5064;20,2722
0,1860;-0,0337;0,3471;0,3952;20,3324
0,2821;-0,0342;1,0883;1,1248;20,3929
0,3314;-0,0583;1,4424;1,4812;20,4578
0,1089;-0,0542;-0,4112;0,4288;20,5128
-0,0935;-0,0547;0,1279;0,1676;20,5720
-0,2236;0,0081;1,3670;1,3852;20,6345
0,1913;-0,1328;2,2552;2,2672;20,6921
0,3698;0,0686;-0,0588;0,3806;20,7521
-0,1513;-0,1032;-0,6094;0,6364;20,8123
0,8191;0,0244;3,2512;3,3529;20,8717
0,6675;-0,3488;2,1268;2,2562;20,9339
0,2548;-0,0093;0,3690;0,4485;20,9931
-0,0471;-0,1196;0,3663;0,3882;21,0543
0,4891;0,0400;1,9376;1,9988;21,1115
1,6675;0,0520;3,5948;3,9631;21,1718
0,1438;-0,0022;0,3519;0,3802;21,2322
0,0356;-0,0786;0,5125;0,5197;21,2916
0,2895;-0,0332;1,6565;1,6819;21,3569
0,0110;0,1728;1,9225;1,9303;21,4126
0,2094;-0,0178;0,2755;0,3465;21,4727
-0,0005;0,0617;0,7500;0,7525;21,5317
0,2721;-0,0688;1,8014;1,8232;21,5918
-0,0325;0,1316;1,5940;1,5997;21,6554
0,2016;-0,0071;0,3859;0,4354;21,7118
0,1208;-0,0652;1,1159;1,1243;21,7720
0,1577;-0,0639;1,5278;1,5373;21,8343
0,0603;-0,2233;0,3856;0,4497;21,8953
0,2624;-0,0830;0,5457;0,6112;21,9523
0,3017;0,0225;1,1923;1,2300;22,0120
0,1223;-0,0930;1,4968;1,5047;22,0719
0,3571;-0,1413;0,8171;0,9029;22,1371
0,1979;-0,0137;0,3158;0,3730;22,1921
0,4815;-0,2668;1,2186;1,3372;22,2516
0,4950;0,0176;1,5110;1,5901;22,3143
0,3275;-0,1386;0,5203;0,6303;22,3744
0,2116;-0,0652;0,4383;0,4911;22,4331
0,5560;-0,2323;1,4039;1,5277;22,4915
0,2177;-0,0598;1,5054;1,5222;22,5525
-0,2067;-0,0005;-0,4083;0,4577;22,6123
0,2040;0,0293;0,0447;0,2109;22,6713
0,7066;-0,1974;3,3022;3,3827;22,7316
0,2870;-0,0493;1,5749;1,6016;22,7927
-0,1120;0,0085;-0,2875;0,3087;22,8514
0,2580;0,0603;-0,5731;0,6313;22,9120
1,0087;-0,2897;3,2461;3,4115;22,9753
0,3856;-0,0642;1,8388;1,8799;23,0314
-0,3673;0,0420;-1,3770;1,4258;23,0914
-0,9233;-0,3170;2,0538;2,2740;23,1514
-0,0630;0,3017;1,2150;1,2534;23,2111
0,4432;-0,0976;2,4416;2,4834;23,2716
0,5040;0,1545;-0,5967;0,7962;23,3308
-1,4624;-0,2892;2,9463;3,3020;23,3914
0,8589;-0,1806;3,2334;3,3504;23,4535
0,3554;-0,1769;2,2657;2,3002;23,5113
0,1606;-0,0159;0,2682;0,3130;23,5735
-0,0525;-0,1472;0,1396;0,2095;23,6349
0,8018;0,0535;2,7189;2,8351;23,6942
1,0578;-0,2001;2,9341;3,1254;23,7516
0,3205;0,0085;0,2975;0,4374;23,8122
-0,1926;-0,2282;0,9577;1,0032;23,8715
0,4784;-0,0207;1,7888;1,8517;23,9309
1,4022;-1,1596;2,5122;3,1019;23,9915
0,2863;-0,0234;0,5301;0,6029;24,0551
0,2104;-0,0532;0,7927;0,8219;24,1112
0,6560;0,0320;1,9288;2,0376;24,1712
-0,9235;-0,0791;1,0839;1,4262;24,2368
0,1086;-0,0247;0,6085;0,6186;24,2910
0,0927;-0,1159;0,9599;0,9713;24,3506
0,5284;-0,0195;1,7285;1,8075;24,4126
0,1547;0,0617;0,7917;0,8091;24,4784
0,2682;0,0632;0,2924;0,4018;24,5312
0,2048;-0,1777;1,1366;1,1685;24,5931
0,3051;-0,0395;1,4934;1,5248;24,6512
-0,2050;0,1672;0,6302;0,6834;24,7112
0,2748;0,0644;0,3385;0,4408;24,7737
0,1762;-0,2140;0,9453;0,9851;24,8309
0,6165;-0,0486;1,5627;1,6807;24,8913
0,0024;-0,0598;1,1654;1,1669;24,9514
0,2753;0,0312;0,3351;0,4348;25,0119
0,3095;-0,1003;0,7068;0,7781;25,0753
0,3456;-0,0571;1,3970;1,4403;25,1308
-0,1457;0,0852;0,5365;0,5624;25,1936
0,2448;0,0044;0,3527;0,4293;25,2505
0,2006;-0,0305;0,8511;0,8749;25,3117
0,4640;-0,0864;1,4065;1,4836;25,3782
0,3541;-0,0120;1,2406;1,2902;25,4309
0,2372;-0,0085;0,4803;0,5358;25,4911
0,1296;0,0308;0,9367;0,9461;25,5544
0,1442;-0,1057;1,5186;1,5291;25,6147
0,5430;-0,0966;1,4446;1,5463;25,6709
0,2526;-0,0286;0,5167;0,5758;25,7331
0,1350;-0,0239;0,7219;0,7348;25,7901
0,3090;-0,1306;1,4068;1,4462;25,8517
0,0700;0,0354;1,2994;1,3018;25,9107
0,0051;-0,0190;0,2275;0,2283;25,9713
0,0559;-0,0469;0,8120;0,8153;26,0313
0,7507;-0,0688;1,3236;1,5232;26,0909
0,0056;0,2021;1,2782;1,2941;26,1530
0,0527;-0,0581;0,4415;0,4484;26,2107
0,1738;-0,1630;0,8903;0,9217;26,2706
0,6065;-0,0015;1,4558;1,5771;26,3360
0,3422;-0,0376;1,2799;1,3254;26,3913
-0,1135;0,0481;0,1428;0,1886;26,4522
0,2365;-0,0195;1,2201;1,2429;26,5105
0,3629;0,0535;1,0509;1,1131;26,5703
0,2446;0,1455;0,4471;0,5300;26,6305
0,2358;-0,2077;1,2921;1,3297;26,6908
0,2326;-0,1769;0,9104;0,9561;26,7516
0,6685;0,0771;1,6882;1,8174;26,8102
0,2729;0,0359;0,7954;0,8417;26,8706
0,2060;-0,0532;0,6143;0,6501;26,9353
0,3080;-0,1062;1,1188;1,1653;26,9946
0,3031;-0,0593;1,1110;1,1531;27,0505
0,2370;-0,2631;0,0520;0,3579;27,1127
0,0884;-0,0205;0,5560;0,5633;27,1709
0,2651;-0,1499;1,3402;1,3743;27,2301
0,6848;-0,1047;1,6709;1,8088;27,2907
-0,2277;-0,0459;-0,1840;0,2964;27,3555
0,1635;0,0705;0,2985;0,3476;27,4120
0,3175;-0,1503;1,3497;1,3947;27,4703
-0,1128;-0,0449;1,4529;1,4580;27,5310
-0,1855;0,0788;0,0705;0,2135;27,5947
0,2404;0,0613;0,2929;0,3838;27,6504
0,4371;-0,2485;1,4475;1,5324;27,7104
0,1364;-0,0410;1,4224;1,4295;27,7713
-0,7280;-0,0015;-1,5205;1,6858;27,8303
0,1608;0,1499;0,3112;0,3810;27,8907
0,6109;-0,1259;3,9670;4,0158;27,9513
0,3331;0,0022;1,7082;1,7404;28,0105
-0,9799;0,0107;-1,8068;2,0555;28,0724
0,0349;-0,0757;-0,2014;0,2179;28,1298
0,8606;0,0024;-0,6468;1,0765;28,1905
0,3849;0,0747;1,9852;2,0236;28,2551
-0,6316;0,2302;-2,0148;2,1240;28,3133
-0,4615;0,0351;0,4681;0,6583;28,3708
1,0082;-0,0808;3,0493;3,2127;28,4328
0,4876;-0,0642;1,8842;1,9473;28,4899
0,5279;0,1452;-1,0170;1,1550;28,5503
0,2316;-0,0600;-0,8105;0,8451;28,6101
-0,0781;0,0298;-0,4935;0,5005;28,6695
0,5823;0,0088;2,3110;2,3833;28,7301
0,0473;0,2097;-1,2389;1,2574;28,7913
0,2995;-0,2719;1,0204;1,0977;28,8494
0,8481;-0,0434;2,2134;2,3707;28,9100
0,4127;-0,0825;1,9891;2,0332;28,9701
0,3937;-0,0127;-0,6490;0,7591;29,0331
0,0095;0,0481;-0,1284;0,1374;29,0902
-0,2636;-0,0137;1,1493;1,1792;29,1501
0,4020;-0,0998;1,8764;1,9215;29,2099
-0,6397;0,3451;-1,7358;1,8818;29,2690
0,0844;0,0815;-0,7771;0,7859;29,3302
-0,4496;-0,0771;1,5252;1,5919;29,3924
0,4657;-0,0264;1,9889;2,0428;29,4506
0,4686;-0,0539;-1,4102;1,4870;29,5099
-0,5235;-0,2158;1,3912;1,5020;29,5715
-0,3124;-0,0749;1,2977;1,3369;29,6294
0,4139;-0,0369;1,8515;1,8975;29,6921
0,3871;-0,0837;-1,6921;1,7378;29,7510
0,1852;0,1325;-1,0129;1,0382;29,8102
0,7847;0,0466;2,4265;2,5506;29,8726
0,3358;-0,0801;1,7914;1,8244;29,9338
-0,6036;0,0871;-2,3706;2,4478;29,9897
0,0278;0,1181;-0,9892;0,9966;30,0505
1,0207;-0,0674;2,3250;2,5400;30,1149
0,6917;-0,0532;2,4258;2,5230;30,1696
-1,0585;0,3878;-2,8724;3,0857;30,2347
0,1987;0,1425;-0,7395;0,7789;30,2901
-0,1374;-0,0310;1,2191;1,2272;30,3525
0,3807;-0,0676;1,8817;1,9211;30,4110
0,9665;-0,0146;-1,6421;1,9054;30,4696
0,0722;0,3246;-0,5350;0,6299;30,5296
-0,1091;-0,3517;1,7002;1,7396;30,5892
-0,0788;-0,1054;1,5979;1,6033;30,6499
-0,2372;0,0588;-0,7112;0,7520;30,7119
0,1655;0,2665;0,0796;0,3236;30,7714
0,4235;-0,1899;1,1908;1,2780;30,8295
0,6280;-0,0793;1,3323;1,4751;30,8902
0,5162;0,0361;0,5318;0,7420;30,9499
0,2465;0,0740;0,5721;0,6273;31,0136
0,4278;-0,1120;1,5249;1,5878;31,0722
0,5350;0,1057;1,3831;1,4867;31,1298
-0,9663;0,0659;-2,4048;2,5925;31,1895
0,1882;-0,0017;-0,0649;0,1991;31,2502
0,7432;-0,1172;2,1941;2,3195;31,3101
0,9113;-0,0254;2,3223;2,4948;31,3852
0,4296;0,1455;-0,0903;0,4624;31,4289
-0,5567;-0,0085;0,8972;1,0559;31,4916
-0,0061;0,0608;1,1842;1,1858;31,5490
0,6377;-0,0129;1,3748;1,5156;31,6092
0,3239;-0,0469;-0,4837;0,5840;31,6730
0,2472;-0,0527;0,6592;0,7060;31,7306
0,7598;0,0635;1,9818;2,1234;31,7891
-0,1645;0,0949;2,0260;2,0349;31,8498
0,4293;0,0361;0,2621;0,5043;31,9127
0,2260;-0,0322;0,5299;0,5770;31,9691
0,8581;-0,0674;2,6400;2,7768;32,0294
0,6473;-0,0898;1,7063;1,8271;32,0902
0,2343;-0,0410;0,3192;0,3981;32,1493
-0,1872;-0,0749;0,7520;0,7785;32,2095
1,1395;0,3227;2,3586;2,6393;32,2691
0,5753;0,0071;1,5601;1,6628;32,3294
0,2726;-0,1384;0,5077;0,5926;32,3944
-0,1081;-0,0522;-0,1818;0,2179;32,4492
0,9589;-0,2004;2,1761;2,3864;32,5093
-0,2260;-0,0420;0,9052;0,9340;32,5717
0,4547;0,0525;0,4049;0,6111;32,6288
-0,2140;0,0864;-0,1486;0,2745;32,7054
1,2906;-0,5579;2,6076;2,9625;32,7496
1,1801;-0,1606;2,5639;2,8270;32,8097
0,6949;0,0366;0,3161;0,7642;32,8693
0,3019;-0,2502;1,2438;1,3041;32,9300
1,5544;-0,0041;3,0645;3,4362;32,9891
0,1848;0,2236;1,2379;1,2714;33,0495
0,4889;0,0164;0,7610;0,9046;33,1095
0,5389;-0,2199;0,9321;1,0989;33,1706
0,3639;-0,0866;1,2547;1,3093;33,2292
0,2031;0,2716;0,1294;0,3630;33,2885
-0,0185;0,0347;1,1300;1,1307;33,3493
0,3763;-0,1899;1,3167;1,3826;33,4131
0,5196;-0,1093;1,4385;1,5334;33,4696
-0,2755;-0,0017;0,0405;0,2785;33,5286
0,0818;0,0903;0,4710;0,4865;33,5927
0,4127;-0,1779;1,1669;1,2504;33,6496
0,3580;-0,1169;1,3792;1,4297;33,7098
-1,6072;0,1677;-2,5693;3,0352;33,7724
0,1215;-0,1535;0,1135;0,2263;33,8292
0,0383;-0,1196;1,6850;1,6897;33,8897
0,3507;-0,0949;1,3663;1,4138;33,9507
-1,4290;0,2485;-2,6186;2,9934;34,0094
0,0329;0,0437;0,1118;0,1245;34,0738
0,9462;-0,0447;-1,6772;1,9262;34,1291
0,5665;-0,0947;1,8180;1,9066;34,1894
0,1032;0,2521;-1,7033;1,7250;34,2504
-0,0608;0,0981;0,0156;0,1165;34,3097
-0,0381;-0,2736;2,6937;2,7079;34,3697
0,6878;-0,0671;1,9003;2,0220;34,4292
0,5460;0,5462;-1,0519;1,3050;34,4886
-0,0923;0,1435;-0,0964;0,1960;34,5534
0,1323;0,1213;0,6097;0,6355;34,6083
0,5689;-0,0888;1,6308;1,7295;34,6693
-0,9580;0,5887;-2,0113;2,3043;34,7286
0,1601;0,0866;0,4383;0,4746;34,7891
0,9030;-0,0090;1,9657;2,1632;34,8507
1,0856;-0,1213;1,9227;2,2114;34,9099
0,5055;-0,0976;0,0574;0,5180;34,9684
0,3375;0,0381;0,7449;0,8187;35,0295
0,2821;-0,0918;0,7075;0,7672;35,0884
0,5604;-0,0447;1,7368;1,8255;35,1490
-0,4081;0,2084;-1,6740;1,7356;35,2082
0,1633;0,0137;0,4864;0,5133;35,2691
0,8410;-0,0029;-1,9271;2,1027;35,3351
1,0151;-0,1018;1,9850;2,2318;35,3909
0,4876;-0,0398;-0,5562;0,7408;35,4498
0,3429;-0,0105;0,7500;0,8248;35,5084
0,8193;-0,0610;2,0035;2,1654;35,5681
0,9882;0,0144;1,8485;2,0962;35,6298
-0,1762;0,0469;-0,2050;0,2744;35,6888
-0,0505;0,2553;0,0588;0,2668;35,7517
1,0185;-0,0537;-0,9443;1,3899;35,8083
-0,2267;-0,0813;1,7931;1,8092;35,8690
-0,1542;-0,1647;-1,0414;1,0656;35,9297
0,0696;0,0466;0,1684;0,1881;35,9908
-0,0373;-0,3849;2,4463;2,4766;36,0574
0,4830;-0,0913;1,5318;1,6087;36,1097
-0,2541;-0,1030;-0,8806;0,9223;36,1718
0,0613;-0,0217;0,0139;0,0665;36,2326
0,3270;-0,0813;2,3398;2,3640;36,2898
0,9270;-0,1665;2,0091;2,2189;36,3485
-0,9872;0,1154;-1,8786;2,1253;36,4105
0,2663;-0,1003;0,7605;0,8120;36,4695
-0,1931;-0,0874;2,0528;2,0637;36,5282
0,2585;0,0012;1,5549;1,5763;36,5892
-0,8223;0,4315;-1,9921;2,1979;36,6502
0,3075;-0,0266;0,7583;0,8187;36,7085
0,5535;0,0110;1,5469;1,6430;36,7692
0,9860;-0,1984;1,9203;2,1678;36,8299
0,1045;0,0090;0,2446;0,2661;36,8925
0,2626;-0,0525;0,7581;0,8040;36,9506
0,3510;-0,0268;0,8220;0,8942;37,0088
0,4684;-0,0649;1,5923;1,6610;37,0690
0,3134;0,0940;-0,0300;0,3285;37,1285
0,4059;0,0000;0,9306;1,0153;37,1895
0,5677;0,0329;1,7194;1,8110;37,2501
0,6421;0,3583;1,3768;1,5608;37,3081
0,2736;0,0452;0,4935;0,5661;37,3736
-0,2267;-0,0715;-0,0129;0,2381;37,4295
1,3826;-0,2614;3,7681;4,0223;37,4916
0,5369;-0,0727;1,4383;1,5370;37,5502
0,3368;-0,0874;-0,0134;0,3482;37,6106
0,4149;0,0029;0,8049;0,9056;37,6693
0,4928;0,1191;1,2935;1,3893;37,7312
0,0173;-0,0605;1,6399;1,6411;37,7892
0,4486;0,0020;-0,5670;0,7230;37,8504
0,1987;0,0286;-0,3895;0,4382;37,9097
0,5565;0,0085;0,7402;0,9261;37,9730
0,4554;-0,1730;1,4903;1,5679;38,0289
0,3805;-0,2077;1,3016;1,3719;38,0889
0,2663;-0,0718;0,2709;0,3866;38,1489
0,5208;-0,0554;1,0846;1,2045;38,2141
0,3561;-0,0093;1,5012;1,5429;38,2690
0,6124;-0,0710;1,2970;1,4360;38,3293
0,2982;-0,0207;0,1062;0,3173;38,3912
0,0200;0,0608;0,6397;0,6429;38,4487
0,5235;-0,2590;1,7546;1,8492;38,5105
0,1118;-0,1359;1,6567;1,6660;38,5684
0,1733;-0,1279;0,3058;0,3740;38,6289
0,3048;-0,0949;0,1518;0,3535;38,6908
0,9265;-0,0803;1,0854;1,4293;38,7486
0,7424;-0,2836;2,3789;2,5081;38,8094
0,2570;-0,0598;0,2475;0,3618;38,8679
-0,0508;-0,0781;0,1723;0,1959;38,9289
1,3621;-0,2211;2,8380;3,1557;38,9969
1,7897;-0,4686;2,9913;3,5171;39,0482
0,2302;0,0002;-0,1855;0,2956;39,1085
0,2045;-0,0361;-0,1225;0,2411;39,1694
0,5657;-0,2724;2,1976;2,2855;39,2281
0,5755;-0,1477;1,4407;1,5584;39,2904
0,2109;-0,0278;-0,2131;0,3011;39,3542
-0,3100;0,0234;-0,3344;0,4565;39,4137
1,0199;-0,2419;3,4909;3,6448;39,4688
0,4933;-0,1813;2,0706;2,1363;39,5301
-0,8918;0,2834;-1,7385;1,9743;39,5910
-0,0935;-0,1123;0,0495;0,1543;39,6484
0,8413;-0,0605;2,9852;3,1020;39,7087
0,2799;-0,0730;1,7399;1,7638;39,7692
0,0517;0,0205;-0,7241;0,7263;39,8284
-0,0212;0,0256;-0,1398;0,1438;39,8882
1,4187;-0,4957;5,1498;5,3646;39,9496
-0,8049;-0,2377;1,1469;1,4212;40,0102
0,3349;0,0893;-0,6480;0,7348;40,0695
-1,1530;0,0247;-0,4032;1,2217;40,1336
0,1025;-0,0630;1,5479;1,5525;40,1901
0,2441;-0,1870;2,0479;2,0709;40,2503
-0,2441;0,0039;-0,3634;0,4378;40,3129
0,1198;-0,1003;0,1206;0,1974;40,3736
0,3493;0,0083;1,7636;1,7979;40,4304
0,3227;-0,0107;1,5918;1,6242;40,4912
0,0081;-0,1062;-0,0122;0,1072;40,5536
0,0691;-0,0783;1,3939;1,3978;40,6099
0,7837;-0,0688;1,0834;1,3389;40,6703
-0,9379;-0,4911;0,5177;1,1785;40,7313
0,1901;-0,0869;0,6473;0,6802;40,7903
0,2123;-0,2079;3,8023;3,8139;40,8503
0,7744;-0,0905;1,0658;1,3206;40,9108
-0,3112;-0,0498;0,1650;0,3557;40,9760
-0,0298;0,1069;0,4715;0,4844;41,0304
-0,1562;-0,4832;1,9262;1,9920;41,0899
0,5928;0,0164;2,1029;2,1849;41,1529
-0,5228;0,0957;-1,3140;1,4175;41,2104
0,1740;0,1008;-0,4642;0,5059;41,2705
-0,3522;0,0017;1,6523;1,6894;41,3328
0,8342;-0,3683;1,8337;2,0479;41,3907
0,4271;0,0744;0,2785;0,5153;41,4498
0,0598;0,0596;0,4379;0,4459;41,5102
0,1979;0,0178;1,5798;1,5923;41,5726
0,5653;-0,2858;1,7041;1,8180;41,6298
0,1923;0,1084;0,5450;0,5880;41,6900
0,1867;-0,0286;0,5389;0,5710;41,7525
0,4654;-0,2182;1,0524;1,1712;41,8100
0,5523;-0,0630;1,3226;1,4347;41,8704
0,2458;0,0654;1,9794;1,9956;41,9345
0,2458;0,0227;0,5452;0,5985;41,9943
-0,1931;-0,0061;0,9016;0,9220;42,0499
0,5745;0,0264;1,7326;1,8256;42,1122
0,7771;0,2079;1,9010;2,0642;42,1710
0,1006;-0,0510;0,7161;0,7249;42,2302
0,1621;-0,0891;0,2045;0,2757;42,2931
1,2911;-0,2902;2,6884;2,9964;42,3496
0,6438;-0,0727;1,9999;2,1022;42,4101
-0,8269;0,6099;-1,7258;2,0085;42,4722
-0,0154;0,0525;-0,0288;0,0618;42,5297
0,9157;-0,1750;3,4545;3,5781;42,5906
1,1347;0,0142;1,5957;1,9580;42,6501
-0,7551;-0,1316;0,0154;0,7667;42,7101
0,1316;-0,0530;0,2797;0,3136;42,7698
0,7361;-0,0481;-0,0691;0,7409;42,8291
0,9763;-0,2619;1,5518;1,8519;42,8895
-0,3061;0,0024;0,6258;0,6966;42,9530
0,1701;-0,0476;0,7036;0,7255;43,0105
0,1574;-0,0156;0,5687;0,5903;43,0721
0,5079;-0,1167;1,4056;1,4991;43,1341
0,5162;0,0361;1,6123;1,6933;43,1917
0,2194;-0,0129;0,5638;0,6051;43,2498
0,0566;0,0376;0,9724;0,9747;43,3148
0,8286;-0,1218;1,5125;1,7289;43,3696
-0,4957;0,0974;0,7712;0,9220;43,4295
-0,3195;-0,1215;0,1984;0,3952;43,4904
-0,2433;-0,0539;-0,0344;0,2516;43,5493
0,0327;-0,1174;1,3697;1,3751;43,6099
-0,2582;-0,1477;1,6550;1,6815;43,6733
-0,0434;-0,0525;-0,0212;0,0714;43,7299
-0,0766;-0,0061;-0,3234;0,3324;43,7897
0,2719;-0,0259;1,7695;1,7904;43,8497
0,2663;-0,3541;2,7311;2,7668;43,9141
-0,2319;-0,0976;-1,0287;1,0590;43,9704
-2,0035;0,4559;0,2167;2,0661;44,0362
0,3778;-0,5264;2,2520;2,3434;44,0890
0,8698;-0,2280;2,1778;2,3561;44,1519
-0,4625;-0,0647;-0,8030;0,9289;44,2095
0,1118;0,0137;0,5416;0,5532;44,2696
0,1316;-0,0100;0,8454;0,8557;44,3306
0,4610;-0,0896;1,9276;1,9840;44,3939
-0,0481;0,0942;0,1430;0,1779;44,4490
0,1367;0,0373;0,3458;0,3737;44,5130
0,2670;-0,1098;0,9614;1,0038;44,5747
0,4347;-0,0718;1,3895;1,4576;44,6300
-0,1855;0,0242;0,6189;0,6466;44,6894
0,1533;-0,0747;0,7930;0,8111;44,7494
0,2231;-0,0422;1,0602;1,0843;44,8092
0,7095;-0,1633;1,6455;1,7994;44,8692
0,3895;-0,0930;1,6020;1,6513;44,9336
0,1513;-0,0366;0,5491;0,5708;44,9893
0,1850;0,0459;0,0671;0,2021;45,0492
1,2569;-0,1408;1,2394;1,7708;45,1196
0,2829;0,0295;1,7150;1,7385;45,1697
0,0315;-0,0852;0,6426;0,6490;45,2292
-0,1279;0,0535;0,3700;0,3951;45,2916
0,2726;0,0364;1,9930;2,0119;45,3487
0,4854;0,0300;0,8010;0,9371;45,4098
0,1203;-0,0430;0,8227;0,8326;45,4728
0,0498;-0,0225;1,0268;1,0282;45,5310
0,7874;-0,1513;1,2362;1,4734;45,5894
1,2130;-0,0315;2,8236;3,0733;45,6508
0,2333;-0,0332;0,2968;0,3790;45,7097
-0,1381;-0,0627;-0,3085;0,3438;45,7702
0,5789;-0,2314;2,5009;2,5775;45,8300
-0,8825;0,1213;0,3834;0,9698;45,8902
0,1333;0,0085;0,0798;0,1556;45,9530
-0,1948;-0,0964;0,0935;0,2366;46,0100
0,1037;0,1589;2,0226;2,0314;46,0712
0,0178;-0,1943;1,4114;1,4248;46,1317
0,3949;-0,0039;0,0754;0,4021;46,1900
-0,4127;-0,0483;-0,3568;0,5477;46,2501
0,7961;-0,0164;2,8233;2,9335;46,3136
2,2300;-0,2943;3,8318;4,4432;46,3829
0,2367;-0,0073;0,5006;0,5538;46,4302
-0,1870;0,0705;-0,1662;0,2599;46,4901
0,3395;-0,1018;2,2027;2,2310;46,5501
1,1534;-0,0088;2,7077;2,9431;46,6110
0,2912;0,0151;0,5931;0,6609;46,6701
-0,3873;-0,0627;0,4945;0,6312;46,7292
0,5972;-0,0593;2,1656;2,2472;46,7921
-2,4897;-0,0705;1,0297;2,6952;46,8501
-0,2553;0,1028;-1,1264;1,1595;46,9090
-0,3632;0,0613;-0,1723;0,4066;46,9701
0,9724;0,0293;1,5320;1,8148;47,0306
0,1191;-0,0691;1,7075;1,7130;47,0907
-0,5677;0,3800;-1,9486;2,0649;47,1498
-0,2211;0,1291;-0,2480;0,3564;47,2094
0,4754;-0,1501;2,1190;2,1768;47,2700
0,3966;0,0002;1,8117;1,8546;47,3310
0,1189;0,0164;0,1828;0,2187;47,3935
0,0859;0,0237;0,4091;0,4186;47,4522
0,3107;0,0515;1,1718;1,2133;47,5116
0,3151;0,0517;1,0846;1,1306;47,5695
0,2143;0,0366;0,9194;0,9447;47,6302
-0,1835;-0,0603;1,1830;1,1987;47,6918
0,1591;0,0022;0,5770;0,5985;47,7506
-0,2770;-0,0386;-0,0879;0,2932;47,8096
-0,0217;-0,1257;1,3399;1,3460;47,8718
-0,1499;0,0266;2,0008;2,0066;47,9287
-0,2101;-0,1150;0,1391;0,2770;47,9892
0,0903;-0,0051;0,4708;0,4794;48,0525
0,5028;0,0569;0,4142;0,6539;48,1128
0,2902;-0,0051;1,7636;1,7873;48,1694
0,0705;0,0154;-0,4571;0,4628;48,2302
-0,0020;0,1862;0,2790;0,3354;48,2898
-0,1928;-0,0674;2,3245;2,3334;48,3494
0,7761;-0,0842;1,9157;2,0686;48,4096
0,1030;0,0251;-0,3314;0,3480;48,4723
-0,1989;0,0325;-0,0647;0,2117;48,5294
0,4989;-0,2460;2,7184;2,7747;48,5897
0,5040;-0,1052;1,8883;1,9573;48,6519
0,2470;0,0881;-0,8528;0,8922;48,7093
-0,4335;-0,0237;0,0901;0,4433;48,7694
1,0141;-0,0603;2,2454;2,4645;48,8320
-0,6983;-0,1189;1,1325;1,3357;48,8893
-0,2653;0,0535;-1,3397;1,3667;48,9490
-0,2372;0,0098;-0,0066;0,2375;49,0132
1,0370;-0,1286;2,4031;2,6204;49,0694
0,3061;-0,2038;1,8910;1,9264;49,1289
-0,0351;0,0085;-0,9072;0,9079;49,1930
-0,1037;-0,0220;0,1645;0,1957;49,2509
-0,3734;0,1909;1,5701;1,6251;49,3103
0,3881;-0,0979;1,9679;2,0082;49,3693
-0,5672;0,1193;-1,9320;2,0171;49,4299
-0,0085;0,1098;0,2831;0,3038;49,4904
0,7986;-0,3812;2,1102;2,2882;49,5524
0,5372;-0,1611;1,7119;1,8014;49,6101
-1,3511;0,1340;-2,3355;2,7015;49,6690
0,0266;-0,0185;0,3800;0,3814;49,7292
1,1534;-0,2436;3,3268;3,5295;49,7951
0,3058;-0,1201;1,5418;1,5764;49,8488
-0,5672;0,0310;-1,0358;1,1813;49,9099
0,2912;-0,1372;0,5577;0,6439;49,9693
-0,0351;0,1074;1,4375;1,4420;50,0283
0,2604;-0,1645;1,4778;1,5096;50,0895
0,2026;-0,0852;1,6028;1,6178;50,1492
0,1208;-0,0266;0,5826;0,5956;50,2107
-0,4254;0,0603;-0,2050;0,4761;50,2692
0,9628;-0,2921;2,6483;2,8330;50,3362
-0,7481;0,0959;1,5083;1,6864;50,3923
0,2270;-0,0054;0,6111;0,6519;50,4494
-0,1242;0,0059;-0,2243;0,2565;50,5114
0,4327;0,0061;1,7807;1,8325;50,5687
0,2660;-0,0588;1,4397;1,4653;50,6295
0,2055;-0,0571;-0,7612;0,7906;50,6902
0,3317;0,0542;-0,4547;0,5654;50,7488
1,1427;-0,2389;3,2170;3,4223;50,8099
0,0515;-0,2126;1,6980;1,7120;50,8690
0,3700;-0,0093;0,1137;0,3872;50,9299
-0,5167;-0,1291;1,6291;1,7140;50,9920
-0,1647;-0,0583;1,1952;1,2079;51,0491
0,3934;-0,1208;1,2787;1,3433;51,1102
0,4735;0,0112;1,0746;1,1744;51,1695
0,0544;-0,0556;0,7891;0,7929;51,2306
0,4354;-0,0564;0,7805;0,8955;51,2896
0,6661;-0,1901;1,7485;1,8807;51,3502
-0,1189;0,0688;0,9033;0,9137;51,4104
0,2448;-0,0403;0,7273;0,7685;51,4749
0,0569;0,0696;0,4483;0,4573;51,5295
0,3878;-0,1064;1,5771;1,6276;51,5906
0,5906;0,0740;1,9838;2,0711;51,6499
0,2355;0,0037;0,6695;0,7097;51,7113
-0,0181;-0,0395;0,3141;0,3171;51,7689
0,3153;-0,1150;1,9371;1,9660;51,8295
2,1138;0,0273;3,2331;3,8629;51,8896
0,2089;-0,0010;0,5157;0,5564;51,9511
-0,1511;0,1230;-0,1960;0,2763;52,0103
0,9331;-0,1767;2,1651;2,3642;52,0699
0,1918;-0,0408;1,2694;1,2844;52,1297
0,1801;0,1245;-0,2360;0,3219;52,1899
-0,2431;0,0073;0,1333;0,2773;52,2494
1,2350;-0,1457;2,1871;2,5159;52,3095
0,4249;-0,0810;1,7841;1,8358;52,3697
-0,7581;0,0261;-1,8883;2,0350;52,4296
-0,2436;0,0276;0,4042;0,4727;52,4947
0,7097;-0,0981;2,5139;2,6140;52,5498
-0,1560;0,1403;1,6091;1,6227;52,6099
-0,0156;0,0395;-1,4907;1,4914;52,6694
-0,3990;0,0015;0,9355;1,0171;52,7292
-0,4181;0,0347;3,3710;3,3970;52,7889
0,9331;-0,4083;1,9730;2,2204;52,8534
0,4893;-0,0156;0,2201;0,5368;52,9087
0,0991;0,0869;0,7673;0,7786;52,9695
0,1752;-0,2270;3,6136;3,6250;53,0327
0,4864;-0,0593;1,4485;1,5292;53,0971
0,4120;0,0051;1,7272;1,7757;53,1491
0,2458;-0,0085;0,6282;0,6746;53,2119
0,3244;-0,0430;1,2496;1,2917;53,2689
0,7049;-0,0818;1,5659;1,7192;53,3298
0,1567;0,0149;1,4712;1,4796;53,3923
0,3288;0,0586;0,7161;0,7901;53,4506
0,1970;-0,0566;1,0751;1,0945;53,5119
0,8198;-0,0742;1,2125;1,4655;53,5702
0,9338;-0,2040;2,4638;2,6427;53,6314
0,1894;-0,0054;0,7273;0,7516;53,6896
0,0486;-0,0415;-0,0010;0,0639;53,7493
0,3773;-0,0669;1,7109;1,7533;53,8087
-0,4798;0,3529;1,4195;1,5394;53,8708
0,0466;-0,0310;-0,3273;0,3320;53,9306
-0,2763;0,0884;-0,1503;0,3267;53,9893
1,2965;-0,3190;2,4514;2,7914;54,0505
-0,3793;0,0935;1,0370;1,1082;54,1108
-0,6724;-0,0383;-1,1493;1,3321;54,1687
-0,3497;-0,0513;0,2475;0,4315;54,2292
-0,4108;0,0090;2,3655;2,4009;54,2916
0,6560;-0,2253;1,6111;1,7541;54,3491
-0,4842;-0,1145;-1,1481;1,2513;54,4095
0,2992;-0,0207;0,6180;0,6869;54,4723
0,6966;-0,0515;0,3190;0,7679;54,5334
0,8137;-0,1906;1,4029;1,6330;54,5894
0,4171;-0,0976;1,1430;1,2206;54,6525
0,1723;-0,1630;0,5848;0,6311;54,7099
0,2136;-0,0591;1,0397;1,0631;54,7692
0,4681;-0,1462;1,5156;1,5930;54,8310
0,9116;-0,7359;2,3784;2,6513;54,8892
0,3517;0,0283;0,4874;0,6017;54,9484
-0,3136;-0,0391;0,0793;0,3258;55,0087
0,5819;-0,1269;2,4145;2,4869;55,0718
0,7947;-0,1516;2,0157;2,1720;55,1300
0,3156;0,0142;-0,8808;0,9358;55,1927
-0,5099;0,0093;0,9116;1,0445;55,2486
0,3007;-0,1159;1,8952;1,9224;55,3109
0,2538;-0,0749;1,6850;1,7057;55,3689
-1,3487;0,3544;-2,3974;2,7735;55,4292
0,1713;0,1613;-0,2978;0,3795;55,4909
0,5384;-0,1782;-0,6089;0,8321;55,5487
0,8801;-0,2919;1,9547;2,1635;55,6085
0,0818;0,2472;0,9641;0,9986;55,6687
0,1857;-0,0056;0,7395;0,7625;55,7334
-0,0456;0,0776;1,0673;1,0711;55,7886
0,5943;-0,0237;1,3870;1,5092;55,8489
0,7551;0,0991;2,3560;2,4760;55,9123
0,2045;-0,0134;0,1196;0,2373;55,9693
0,1779;-0,0144;0,4540;0,4878;56,0287
0,5243;-0,1730;0,2626;0,6113;56,0884
1,3775;0,0652;2,4211;2,7863;56,1486
0,2570;0,0022;0,1286;0,2874;56,2131
0,0078;0,0469;-0,3683;0,3713;56,2732
0,5511;-0,0937;2,4975;2,5593;56,3290
0,9274;-0,1062;1,9755;2,1849;56,3907
0,4918;-0,0542;0,2031;0,5348;56,4488
0,2111;0,1030;0,5081;0,5598;56,5082
0,1093;0,0022;2,2769;2,2795;56,5711
0,4815;-0,0581;1,2169;1,3100;56,6293
-0,4984;0,0854;0,8596;0,9973;56,6885
0,3048;-0,1206;0,6814;0,7562;56,7538
0,1618;-0,1213;1,0329;1,0525;56,8114
0,4972;-0,1716;1,6084;1,6922;56,8685
0,3878;-0,1452;1,2289;1,2968;56,9306
0,2104;-0,0854;0,7210;0,7559;56,9889
-0,0283;-0,0068;-0,1347;0,1378;57,0496
1,0868;-0,1604;2,6293;2,8496;57,1089
-0,2118;-0,0537;1,3426;1,3603;57,1695
-0,4154;0,2099;-0,5880;0,7499;57,2289
0,1950;0,0020;0,6761;0,7036;57,2920
0,5008;0,0020;0,6582;0,8271;57,3531
0,5084;-0,1301;1,5305;1,6180;57,4121
1,3543;-0,2802;2,6488;2,9881;57,4704
0,2743;0,0261;0,4669;0,5422;57,5292
0,1074;-0,0700;0,3412;0,3645;57,5901
0,0422;-0,0110;0,6975;0,6989;57,6490
0,0879;-0,1867;1,5186;1,5325;57,7088
0,2358;0,0122;-0,0264;0,2375;57,7695
0,1289;-0,0535;0,7930;0,8051;57,8346
0,6536;-0,1923;0,6682;0,9543;57,8886
0,6536;-0,0376;1,1386;1,3134;57,9496
1,1678;-0,1569;1,9657;2,2918;58,0132
0,2536;-0,0493;0,6768;0,7244;58,0692
0,1069;-0,0239;-0,0893;0,1413;58,1289
1,0302;-0,3410;4,3736;4,5062;58,1924
0,8188;-0,1843;1,9330;2,1073;58,2519
-0,7637;0,3690;-1,2462;1,5074;58,3109
0,1079;0,0905;0,2704;0,3049;58,3731
0,6138;-0,1996;1,7014;1,8197;58,4290
0,6043;-0,0425;1,1742;1,3213;58,4892
0,0686;-0,1154;1,0258;1,0346;58,5512
0,2677;-0,0449;0,6748;0,7274;58,6094
-0,3268;0,0498;1,0922;1,1411;58,6692
0,6397;-0,0879;1,9691;2,0723;58,7292
1,8276;-0,0962;3,1023;3,6019;58,7911
0,1894;-0,0405;0,3778;0,4246;58,8488
0,1899;-0,0493;0,7644;0,7892;58,9086
0,9548;-0,1115;2,9385;3,0918;58,9689
-0,3695;-0,0273;1,0671;1,1296;59,0289
-0,0549;0,1181;-0,0793;0,1525;59,0916
0,1093;0,0378;0,7258;0,7350;59,1489
0,3302;-0,0942;3,1582;3,1768;59,2088
0,6111;-0,0962;1,3314;1,4681;59,2738
-0,3249;0,2089;0,7937;0,8827;59,3298
0,1877;-0,0898;0,6026;0,6375;59,3882
-0,1867;0,0803;-0,4149;0,4620;59,4506
0,6104;-0,2865;1,7065;1,8349;59,5117
0,4784;0,2477;2,1112;2,1788;59,5746
-0,0171;-0,0891;-0,0971;0,1329;59,6297
-0,0559;-0,0720;0,1601;0,1842;59,6920
-0,0295;-0,0298;1,1632;1,1640;59,7487
0,8977;-0,1303;1,7822;1,9997;59,8109
0,2184;-0,0259;1,1268;1,1481;59,8693
0,3195;-0,1259;0,8930;0,9568;59,9310
0,2053;-0,0273;0,3429;0,4006;59,9885
0,5592;-0,0681;1,4903;1,5932;60,0495
0,3041;0,0232;1,2818;1,3176;60,1158
0,2443;-0,0415;0,6636;0,7084;60,1705
-0,2780;0,0085;-0,3461;0,4440;60,2383
0,5535;-0,1913;2,0894;2,1700;60,2880
0,4527;0,0691;1,6799;1,7412;60,3531
0,1062;-0,0776;0,0583;0,1439;60,4161
-0,2997;0,0234;-0,7517;0,8096;60,4693
0,8569;-0,1086;1,9755;2,1560;60,5281
-0,0334;0,1835;1,5374;1,5486;60,5906
0,2040;-0,1845;-0,9919;1,0293;60,6523
0,1396;0,1330;-0,9572;0,9765;60,7085
0,6680;0,0759;2,5158;2,6041;60,7687
1,0600;-0,0586;2,1341;2,3836;60,8333
0,1447;0,1135;-0,3424;0,3887;60,8882
-0,1413;0,0544;-0,0251;0,1535;60,9480
-0,3300;-0,0830;1,4344;1,4742;61,0122
0,7429;-0,2001;1,9020;2,0517;61,0685
-0,5230;-0,0268;-1,3838;1,4796;61,1284
0,2038;-0,0386;0,6177;0,6516;61,1894
0,9999;-0,0332;-1,3375;1,6703;61,2483
1,0273;-0,1362;1,5632;1,8755;61,3083
0,2824;0,0112;1,0383;1,0760;61,3742
0,2531;-0,0783;0,7586;0,8035;61,4336
0,0117;-0,0315;1,0710;1,0715;61,4895
0,7529;-0,0132;1,6660;1,8283;61,5510
0,0742;-0,0215;0,5550;0,5604;61,6090
0,0522;0,0142;0,0168;0,0567;61,6678
0,1699;-0,1203;0,4686;0,5128;61,7290
0,5743;-0,1093;1,9098;1,9973;61,7887
0,7122;-0,1228;1,8402;1,9771;61,8494
-0,4808;0,1430;-0,7673;0,9168;61,9080
0,0749;-0,0298;0,2389;0,2522;61,9694
-0,4171;-0,1006;1,4580;1,5199;62,0344
0,7908;-0,2367;1,3467;1,5796;62,0886
0,5135;-0,0024;1,2059;1,3107;62,1480
0,2868;-0,1001;0,9252;0,9738;62,2111
-0,0905;-0,0132;-0,0649;0,1122;62,2685
0,3783;-0,0742;1,3619;1,4154;62,3360
0,6983;-0,0337;1,4883;1,6443;62,3884
0,1306;0,0422;0,2458;0,2815;62,4494
0,2287;0,0166;0,6726;0,7106;62,5094
0,5203;-0,0176;3,2966;3,3374;62,5693
0,7603;-0,2187;1,6284;1,8104;62,6290
0,3781;0,0713;1,1242;1,1882;62,6874
0,1813;-0,0422;0,6846;0,7095;62,7471
-0,7124;0,0942;0,3185;0,7860;62,8084
0,9594;-0,0251;2,5551;2,7294;62,8724
0,6365;-0,1345;2,0118;2,1144;62,9293
-0,5836;0,2848;-0,9714;1,1684;62,9914
0,1992;0,0166;0,7312;0,7580;63,0561
0,5848;-0,0359;0,6438;0,8705;63,1083
0,5457;-0,0500;1,5696;1,6625;63,1693
0,4051;0,0083;1,6430;1,6923;63,2293
0,3205;-0,0854;0,3358;0,4720;63,2959
-0,3934;-0,0937;0,0044;0,4045;63,3474
0,7193;-0,0273;2,9573;3,0437;63,4175
0,7459;-0,1045;1,7890;1,9411;63,4681
0,3361;0,0085;1,0202;1,0742;63,5275
0,2089;-0,0525;0,8306;0,8580;63,5873
-0,0764;-0,0918;1,2208;1,2266;63,6518
0,4898;-0,0500;1,2389;1,3331;63,7127
-1,0724;-0,4701;1,5349;1,9306;63,7683
0,2438;-0,0447;0,3990;0,4698;63,8273
-0,2179;0,0124;-0,1120;0,2454;63,8895
0,9118;-0,1779;2,2952;2,4761;63,9471
0,2675;-0,0290;1,5454;1,5687;64,0073
-0,5631;0,1538;-1,4185;1,5339;64,0700
0,1435;-0,0188;0,5628;0,5811;64,1276
0,6224;0,0454;-0,6560;0,9054;64,1869
0,9074;-0,1233;1,6875;1,9199;64,2486
0,2934;0,0720;1,0239;1,0675;64,3066
-0,8381;-0,2450;1,0370;1,3557;64,3680
0,1211;-0,0454;0,8864;0,8958;64,4313
0,1420;-0,0166;1,4871;1,4939;64,4872
0,1059;0,1298;1,4334;1,4432;64,5486
0,1611;-0,0608;0,1006;0,1994;64,6093
0,1518;-0,0783;0,6155;0,6388;64,6666
0,1955;0,0173;0,0808;0,2122;64,7272
0,7893;-0,1562;1,5188;1,7188;64,7910
0,3483;0,0146;1,3228;1,3680;64,8471
0,1162;-0,0781;0,6985;0,7124;64,9068
0,0810;-0,0046;0,6080;0,6134;64,9669
0,4034;-0,0942;1,2726;1,3383;65,0279
0,3202;0,2358;1,6352;1,6829;65,0883
-0,3590;-0,0874;-0,6065;0,7102;65,1470
-0,2450;0,0190;-0,0830;0,2594;65,2107
1,0680;-0,0844;2,7836;2,9826;65,2670
0,8340;-0,1518;1,9779;2,1519;65,3275
-0,5582;-0,0588;-1,1910;1,3167;65,3876
0,1735;-0,0408;0,8393;0,8581;65,4483
1,0236;-0,0049;-0,6219;1,1977;65,5075
0,8010;-0,1076;1,1749;1,4261;65,5686
0,2133;-0,1245;1,5339;1,5537;65,6320
0,2709;-0,0022;0,6787;0,7308;65,6868
-0,3475;-0,1316;0,2033;0,4236;65,7469
0,5264;-0,0430;1,6609;1,7428;65,8079
0,4872;0,0901;1,6809;1,7524;65,8690
0,1613;-0,0498;-0,0874;0,1901;65,9281
-0,0749;-0,0691;-0,8205;0,8268;65,9874
1,0375;-0,2128;2,6017;2,8090;66,0470
-0,4330;-0,0874;0,9260;1,0259;66,1065
-1,1683;0,2189;-2,5346;2,7995;66,1668
-0,2367;0,0432;-0,0798;0,2535;66,2294
1,0878;0,0351;5,2237;5,3359;66,2910
-0,1686;0,1291;1,3941;1,4102;66,3470
0,1586;-0,0940;-1,6931;1,7031;66,4116
-1,0671;-0,1289;1,7519;2,0553;66,4678
1,0675;-0,1838;5,6621;5,7647;66,5285
0,0473;0,0049;1,4173;1,4181;66,5904
-0,1689;0,4652;-1,6777;1,7492;66,6490
-0,1272;-0,3449;0,5826;0,6888;66,7086
1,4986;0,1557;4,9640;5,1876;66,7715
1,0834;-0,1335;2,0809;2,3498;66,8279
-1,7651;0,9789;-2,7943;3,4470;66,8883
-1,1085;0,0769;0,7503;1,3408;66,9506
0,1662;-0,0327;0,5267;0,5533;67,0081
0,7830;-0,0615;1,3604;1,5708;67,0678
0,4183;0,0122;0,7483;0,8574;67,1305
0,2153;-0,1660;0,7222;0,7716;67,1877
0,3414;-0,1052;0,6844;0,7720;67,2471
1,0031;-0,0471;1,2799;1,6268;67,3083
1,7897;0,1791;2,6657;3,2157;67,3718
0,3234;-0,0217;0,4127;0,5248;67,4287
-0,0696;-0,0041;0,1503;0,1657;67,4906
0,6248;0,1206;2,7667;2,8390;67,5480
1,0910;-0,0188;2,0221;2,2977;67,6083
-0,7166;-0,0593;0,0852;0,7241;67,6672
0,0422;0,0051;0,5650;0,5666;67,7319
0,1479;0,0447;1,0156;1,0272;67,7871
0,7725;-0,0312;1,7285;1,8935;67,8474
-0,3495;-0,0793;0,8018;0,8782;67,9089
0,2702;-0,0071;0,7373;0,7853;67,9668
-0,0369;-0,0217;-0,0444;0,0617;68,0271
0,5379;-0,0581;1,7997;1,8793;68,0926
-1,5374;0,1550;0,5325;1,6344;68,1474
-0,5687;-0,1381;-1,1437;1,2847;68,2070
-0,0134;-0,0788;0,4178;0,4254;68,2702
0,2809;0,0920;0,8423;0,8926;68,3270
0,6751;-0,1499;1,5872;1,7313;68,3884
0,6026;-0,0657;1,1129;1,2673;68,4526
0,2306;0,0059;0,6602;0,6993;68,5068
0,2133;0,0100;0,8179;0,8453;68,5676
0,5643;-0,0178;1,7229;1,8130;68,6271
0,2101;-0,0827;1,7558;1,7703;68,6865
0,3009;0,0464;0,5316;0,6126;68,7484
-1,0873;0,1503;0,9343;1,4414;68,8092
1,2364;-0,2209;2,3560;2,6698;68,8673
-0,3663;-0,0117;1,7089;1,7478;68,9267
-0,6002;0,0857;-1,6657;1,7726;68,9870
-0,5526;0,0703;0,9262;1,0808;69,0508
-0,3397;-0,0803;1,4126;1,4551;69,1071
0,9345;-0,0515;1,9911;2,2001;69,1668
0,3824;0,0786;1,0500;1,1202;69,2284
-0,0334;-0,0713;0,9767;0,9799;69,2883
0,1147;0,0098;0,5279;0,5403;69,3470
1,0317;-0,0603;2,2703;2,4944;69,4080
4,5950;-0,7883;4,8952;6,7601;69,4664
0,3036;0,0110;0,6412;0,7095;69,5280
-0,3942;0,1049;-0,4667;0,6198;69,5870
0,6072;-0,1691;1,8827;1,9854;69,6472
-0,4130;0,0351;1,7499;1,7984;69,7103
0,3246;0,0088;-0,0073;0,3248;69,7680
-0,1120;0,0535;-0,0676;0,1413;69,8287
1,1815;-0,2380;4,3121;4,4774;69,8881
0,8213;-0,1569;2,4006;2,5421;69,9488
0,2704;0,0569;-0,9209;0,9614;70,0080
0,1684;0,0737;-0,7725;0,7940;70,0684
0,2184;-0,0693;-1,1503;1,1729;70,1315
1,1247;-0,1511;1,9613;2,2659;70,1880
0,6612;0,0322;0,8398;1,0693;70,2479
0,2712;0,0124;0,7283;0,7772;70,3113
-0,2319;-0,0039;1,3480;1,3678;70,3714
0,8772;-0,0444;1,2962;1,5658;70,4282
1,1037;-0,0693;2,1514;2,4190;70,4883
0,1381;-0,0556;0,6946;0,7104;70,5483
-0,3722;0,0393;-0,5709;0,6826;70,6080
0,4134;-0,0905;1,9962;2,0406;70,6694
0,8813;0,0408;2,0370;2,2198;70,7282
-0,1386;-0,0198;-0,5850;0,6015;70,7910
-0,2568;0,0696;-0,4242;0,5007;70,8480
0,9692;0,0569;2,6749;2,8457;70,9079
0,8467;-0,1096;2,3237;2,4756;70,9695
-0,4645;-0,0073;-0,6431;0,7933;71,0314
0,0700;-0,0227;0,2477;0,2584;71,0884
0,0598;0,0444;0,4213;0,4278;71,1483
-0,2946;-0,0481;1,7504;1,7757;71,2108
-0,6150;0,0600;-0,6226;0,8772;71,2719
0,2382;0,0517;0,8237;0,8590;71,3291
0,2646;-0,0273;0,8118;0,8542;71,3880
0,5186;-0,0881;1,5156;1,6043;71,4496
2,1795;-0,3102;3,9443;4,5171;71,5107
0,3746;0,0159;0,5389;0,6565;71,5673
-0,1084;0,0327;0,0505;0,1240;71,6275
0,4774;0,0076;0,9226;1,0388;71,6914
0,5328;0,0015;1,6162;1,7018;71,7516
-2,1932;0,0737;-0,5572;2,2640;71,8082
0,3595;-0,1035;0,8264;0,9071;71,8692
0,1992;-0,0242;0,9111;0,9329;71,9285
0,6092;-0,0215;1,1632;1,3133;71,9869
1,6491;-0,0896;3,2341;3,6314;72,0481
0,2865;-0,0168;0,1215;0,3117;72,1087
-0,1735;0,1035;0,3217;0,3799;72,1674
0,4364;-0,1137;2,1348;2,1819;72,2271
0,3656;-0,1892;1,9264;1,9699;72,2880
-1,7980;0,6297;-2,6210;3,2402;72,3502
0,3488;0,0078;0,7925;0,8659;72,4084
0,6805;-0,1535;0,6087;0,9258;72,4690
0,5953;-0,1269;1,1705;1,3193;72,5290
-0,7913;0,2277;0,7725;1,1290;72,5884
-0,6314;-0,5257;0,3720;0,9019;72,6477
-0,3373;0,1106;-0,4376;0,5635;72,7068
1,4207;-0,2819;2,6171;2,9912;72,7667
0,5394;0,0339;1,8744;1,9508;72,8267
-1,3890;-0,0847;-2,0087;2,4436;72,8874
0,0500;0,2507;0,1401;0,2915;72,9477
0,9860;-0,1513;0,8962;1,3410;73,0085
0,9233;-0,2358;1,1283;1,4769;73,0671
1,0177;0,0300;1,3746;1,7106;73,1272
0,2741;-0,0188;0,7974;0,8434;73,1871
-0,1013;-0,0088;-0,2714;0,2898;73,2476
0,7632;-0,3244;2,1051;2,2625;73,3074
0,5465;0,0366;1,5381;1,6327;73,3708
0,0452;0,0317;-0,1996;0,2071;73,4372
0,1667;0,1215;0,5489;0,5864;73,4868
0,7488;-0,1103;-1,2054;1,4234;73,5485
0,9536;-0,0583;1,5986;1,8623;73,6071
0,5267;-0,0391;1,3836;1,4810;73,6679
0,2341;-0,0342;0,7156;0,7537;73,7267
-0,1494;-0,0710;0,1247;0,2071;73,7870
0,5160;-0,0405;1,9171;1,9858;73,8488
1,0468;-0,0844;2,3308;2,5565;73,9070
-0,0681;-0,0757;-0,3659;0,3797;73,9669
0,1359;0,0200;0,4984;0,5170;74,0272
0,4203;-0,0442;3,7886;3,8121;74,0869
0,9091;-0,1303;1,6779;1,9129;74,1487
0,5025;0,0466;1,1317;1,2392;74,2065
0,2082;-0,1101;0,8745;0,9056;74,2669
0,0537;-0,0888;0,0652;0,1226;74,3328
0,6370;-0,0303;1,3258;1,4712;74,3868
0,4625;0,0517;1,2132;1,2994;74,4468
-0,6617;0,0022;-1,2718;1,4336;74,5076
-0,0483;0,0669;0,2865;0,2982;74,5666
0,6582;-0,2148;0,2724;0,7440;74,6266
0,9645;-0,0066;1,5584;1,8327;74,6917
-0,2790;0,0117;0,6024;0,6639;74,7470
0,3131;-0,0139;0,6121;0,6877;74,8071
0,1289;-0,0366;0,0683;0,1504;74,8664
0,7044;-0,0071;1,4939;1,6517;74,9267
0,7712;-0,0520;2,0670;2,2068;74,9884
-0,4906;-0,0837;-1,4229;1,5074;75,0466
0,2065;0,0754;0,5696;0,6106;75,1066
0,3495;0,0752;1,0392;1,0990;75,1684
0,4808;-0,0081;1,3460;1,4293;75,2264
1,7099;-0,2673;2,0780;2,7043;75,2870
-0,2350;-0,0886;-0,3610;0,4398;75,3464
-0,4296;-0,0930;-0,0688;0,4449;75,4067
0,3883;0,1935;1,2708;1,3429;75,4669
0,6465;-0,0566;1,5266;1,6589;75,5309
0,5321;-0,0290;1,2403;1,3500;75,5941
0,5999;0,0369;0,2511;0,6514;75,6468
0,3053;0,0085;0,7991;0,8555;75,7125
0,9079;0,0051;1,2337;1,5318;75,7671
0,5577;-0,0940;1,2977;1,4156;75,8266
1,6452;-0,2978;2,2286;2,7860;75,8870
0,1059;-0,0842;0,1716;0,2185;75,9514
0,2414;0,1621;-0,2997;0,4176;76,0065
0,1906;0,0007;0,8420;0,8633;76,0664
0,4964;-0,0735;1,4024;1,4895;76,1298
0,8447;0,0837;2,0387;2,2083;76,1877
0,0100;-0,0632;-0,3663;0,3719;76,2467
-0,7053;0,0278;0,8186;1,0809;76,3068
0,5704;-0,0791;3,2558;3,3064;76,3665
0,4640;-0,0683;1,0319;1,1335;76,4270
0,3253;-0,0310;1,1000;1,1475;76,4867
0,3214;-0,0603;0,5077;0,6039;76,5469
-0,3473;-0,0164;-0,3607;0,5010;76,6077
0,9516;0,0085;3,5016;3,6286;76,6750
0,8242;-0,1718;1,5623;1,7747;76,7274
0,3195;-0,0288;1,1940;1,2363;76,7866
0,1884;-0,0915;0,6385;0,6720;76,8463
0,3749;-0,0881;0,5762;0,6931;76,9077
0,1318;-0,0730;1,3746;1,3828;76,9660
-0,3173;-0,1211;1,4605;1,4994;77,0263
0,1172;-0,0683;0,2284;0,2657;77,0910
-0,0473;-0,0281;0,1369;0,1476;77,1474
-0,3558;-0,0325;0,1228;0,3778;77,2080
0,4186;-0,0525;1,4905;1,5490;77,2661
-0,1418;0,0425;0,2870;0,3229;77,3262
0,1955;-0,0430;0,7566;0,7826;77,3891
0,5294;-0,2399;0,6238;0,8526;77,4472
0,6324;-0,0718;1,2089;1,3662;77,5098
0,7781;-0,0759;1,6055;1,7857;77,5692
0,2880;-0,0222;0,6268;0,6901;77,6260
-0,1901;-0,0874;-0,1452;0,2547;77,6863
0,5099;-0,1089;2,4128;2,4685;77,7459
0,8767;-0,2538;2,4536;2,6178;77,8059
-0,1874;-0,0940;-0,2878;0,3560;77,8669
0,1233;-0,0261;0,1320;0,1825;77,9285
1,2040;0,0918;1,2132;1,7117;77,9888
0,2016;-0,2611;1,2308;1,2743;78,0463
0,6168;-0,1059;1,3936;1,5277;78,1055
0,1665;-0,0666;0,5018;0,5329;78,1660
-0,0386;0,0520;1,5632;1,5646;78,2275
0,6290;-0,1235;1,6108;1,7337;78,2940
0,3973;-0,0071;1,7094;1,7550;78,3459
0,1037;-0,0532;0,1716;0,2074;78,4069
0,0305;0,0369;0,0495;0,0689;78,4658
0,0366;-0,0417;1,6172;1,6181;78,5279
0,8943;-0,2797;2,0016;2,2100;78,5869
-1,3538;0,2492;-2,0997;2,5107;78,6453
-0,1296;-0,0805;0,2499;0,2928;78,7064
0,2951;0,0283;1,0080;1,0507;78,7664
0,4327;-0,0456;1,3206;1,3905;78,8262
1,2438;-0,0835;1,5239;1,9688;78,8855
0,2799;-0,0185;0,6546;0,7122;78,9452
-0,0891;0,0391;-0,3668;0,3795;79,0065
1,4834;-0,2450;4,1386;4,4033;79,0665
0,1279;-0,0532;1,0671;1,0760;79,1293
-0,1228;0,0288;0,5006;0,5162;79,1854
0,3319;-0,0405;0,7612;0,8314;79,2458
0,2685;-0,0781;1,1020;1,1369;79,3103
0,5953;-0,2075;1,6181;1,7366;79,3676
2,8121;0,1218;2,6737;3,8822;79,4309
-1,4017;0,1723;0,6700;1,5631;79,4861
0,1567;-0,0010;0,2172;0,2678;79,5479
0,4486;-0,0537;1,4278;1,4976;79,6085
0,8374;-0,1345;1,7592;1,9530;79,6666
0,2245;0,0530;0,7969;0,8296;79,7339
0,2782;-0,0381;0,6250;0,6852;79,7867
0,2170;-0,1433;1,1032;1,1334;79,8455
0,7010;-0,0771;1,3097;1,4874;79,9057
-0,0037;-0,0952;1,9818;1,9841;79,9664
0,3641;-0,0073;0,6966;0,7860;80,0253
0,1174;-0,0183;0,3439;0,3638;80,0853
0,5667;0,1691;1,5574;1,6659;80,1499
0,1477;-0,1933;1,5205;1,5399;80,2051
0,5225;0,0556;0,5213;0,7402;80,2660
0,2699;-0,0708;0,6978;0,7515;80,3250
0,3388;-0,0908;0,9738;1,0350;80,3858
0,7202;-0,0286;1,1615;1,3670;80,4589
-0,2782;-0,0569;0,8716;0,9167;80,5095
0,3270;-0,0617;0,7639;0,8333;80,5661
0,0400;-0,0461;1,4710;1,4722;80,6301
0,6617;0,0078;1,1727;1,3465;80,6852
0,8120;-0,1640;2,0255;2,1883;80,7474
0,2521;-0,0107;0,7293;0,7717;80,8054
-0,3083;0,0625;-0,4850;0,5780;80,8651
1,2611;-0,4464;2,3198;2,6779;80,9260
0,4584;0,0398;1,2684;1,3493;80,9853
-1,4019;0,3139;-2,5263;2,9062;81,0453
0,0869;0,0051;0,2016;0,2196;81,1097
0,6726;-0,1113;0,4942;0,8421;81,1666
1,0890;-0,1125;1,2547;1,6652;81,2265
0,8030;0,1045;1,1037;1,3688;81,2860
0,3824;-0,0361;0,7088;0,8062;81,3457
0,4586;-0,1184;0,8535;0,9761;81,4061
0,5345;-0,1430;1,7326;1,8188;81,4698
0,3305;0,0774;0,8579;0,9226;81,5277
0,3666;-0,0532;1,0465;1,1102;81,5905
0,2646;-0,0500;1,1898;1,2199;81,6469
0,7383;-0,0942;1,6247;1,7871;81,7066
-0,9728;-0,0927;0,8149;1,2725;81,7678
0,3685;-0,0022;1,3241;1,3744;81,8248
-0,2519;0,0596;0,0286;0,2604;81,8855
1,8559;-0,1069;2,5327;3,1417;81,9490
0,2504;-0,0271;1,1159;1,1439;82,0144
-0,3019;0,2519;-0,1965;0,4395;82,0647
0,1625;0,0688;0,5997;0,6251;82,1261
1,5081;-0,2699;2,5422;2,9681;82,1883
0,5208;-0,0962;1,2733;1,3790;82,2450
0,1830;-0,0056;0,2524;0,3118;82,3052
0,2577;0,0832;0,5577;0,6200;82,3684
1,3060;-0,2250;3,2971;3,5534;82,4244
0,6502;-0,0254;1,8024;1,9163;82,4852
-0,0332;0,0862;0,1328;0,1617;82,5496
0,3383;-0,0681;0,7442;0,8203;82,6047
0,3502;-0,0984;0,9953;1,0597;82,6648
0,9304;-0,0535;1,8376;2,0604;82,7280
-0,3048;0,0576;0,1884;0,3630;82,7847
0,2194;-0,0278;0,6155;0,6541;82,8453
-0,1052;0,0371;-0,1433;0,1816;82,9090
-0,1843;0,1071;0,7022;0,7338;82,9689
0,6443;-0,1945;1,6011;1,7368;83,0249
0,3075;-0,0744;-0,5699;0,6518;83,0878
0,0322;0,0122;0,2411;0,2436;83,1454
1,3250;0,0588;3,6183;3,8537;83,2048
0,6424;-0,0195;1,5215;1,6517;83,2652
0,1826;0,0678;0,9043;0,9250;83,3300
0,3785;-0,0283;1,0609;1,1268;83,3845
0,3273;-0,0339;1,0468;1,0973;83,4490
0,6312;-0,1377;1,3475;1,4943;83,5050
0,5967;-0,0349;1,4529;1,5711;83,5681
-0,3956;-0,2858;1,1400;1,2401;83,6254
0,0535;-0,0273;0,2670;0,2737;83,6853
0,8196;0,1157;1,4439;1,6643;83,7521
-0,2814;-0,0569;1,0729;1,1107;83,8050
0,2592;0,0105;-0,0835;0,2725;83,8664
0,0190;-0,0295;0,4842;0,4855;83,9246
-0,1250;0,2677;-2,9859;3,0005;83,9883
0,9724;-0,2253;1,8957;2,1424;84,0467
0,0774;0,0678;0,9235;0,9293;84,1062
0,2421;-0,0461;0,7983;0,8355;84,1652
0,0722;0,0088;0,6290;0,6332;84,2260
0,4496;0,0005;1,7963;1,8517;84,2849
1,9452;-0,1716;3,3210;3,8526;84,3465
0,1596;-0,0149;0,2477;0,2951;84,4045
-0,0132;0,1106;0,2421;0,2665;84,4680
0,0818;0,2402;-1,5161;1,5372;84,5248
0,4906;-0,0830;1,9457;2,0083;84,5850
-0,3759;0,1079;-0,5782;0,6980;84,6475
0,1416;0,1362;0,6817;0,7094;84,7041
0,2040;-0,1045;1,6811;1,6967;84,7647
0,6700;-0,0305;1,6626;1,7927;84,8245
-0,4276;-0,0722;0,6973;0,8211;84,8840
0,2280;-0,0308;0,7798;0,8130;84,9449
0,0005;-0,0471;0,3312;0,3345;85,0058
1,5947;-0,3083;3,4669;3,8286;85,0653
0,1767;-0,0583;1,2940;1,3073;85,1274
-1,5564;0,5657;-2,3010;2,8350;85,1842
0,1862;0,0952;0,4308;0,4789;85,2459
0,2153;-0,1123;0,6687;0,7114;85,3050
0,5225;-0,1211;1,4432;1,5396;85,3643
0,8201;-0,4994;3,4635;3,5941;85,4259
0,0720;-0,0849;0,6055;0,6157;85,4838
0,1745;0,0012;0,5477;0,5748;85,5451
0,3561;-0,0305;1,4058;1,4505;85,6045
0,4574;-0,2812;1,8224;1,8999;85,6644
0,4815;0,1679;-0,5977;0,7857;85,7244
0,1628;0,0295;0,6848;0,7045;85,7846
-0,5404;0,0237;2,5497;2,6065;85,8445
0,3095;-0,0308;1,3892;1,4236;85,9049
0,5308;-0,1235;2,1383;2,2066;85,9655
-1,3853;0,4381;-1,6028;2,1633;86,0259
0,1931;-0,0420;0,5687;0,6020;86,0858
0,2377;-0,1579;0,5018;0,5773;86,1467
0,1838;-0,0991;1,2662;1,2833;86,2042
0,4325;-0,0373;1,8295;1,8803;86,2679
-0,2341;0,3400;-0,7571;0,8623;86,3282
0,1740;-0,0532;0,8694;0,8882;86,3843
0,0085;-0,0910;2,3435;2,3453;86,4508
0,9040;-0,0642;1,1683;1,4786;86,5050
-0,2128;0,2277;-0,1945;0,3674;86,5666
-0,0178;0,2309;-0,6536;0,6934;86,6235
-0,0783;0,0010;0,7576;0,7616;86,6844
-0,3744;0,3236;-0,5040;0,7063;86,7445
0,7866;-0,2614;1,5903;1,7934;86,8040
-0,0532;0,0735;0,8711;0,8758;86,8638
0,2082;-0,0283;0,7354;0,7648;86,9313
0,0693;0,0088;-0,3234;0,3308;86,9851
0,5833;-0,2275;1,7309;1,8407;87,0447
0,4071;-0,0805;1,9684;2,0117;87,1074
-0,9260;0,5467;-1,9591;2,2348;87,1644
0,1274;-0,0151;0,7549;0,7657;87,2265
0,5467;-0,0461;2,4228;2,4842;87,2841
0,4610;-0,0383;1,5191;1,5879;87,3441
0,7398;-0,2363;2,5873;2,7014;87,4046
0,2204;-0,0432;0,6912;0,7268;87,4646
-0,0261;0,0608;0,3529;0,3591;87,5243
0,3000;-0,0954;-0,0354;0,3168;87,5859
0,7088;-0,1030;2,0436;2,1654;87,6439
0,0078;0,1186;-0,7263;0,7360;87,7060
0,2787;-0,0200;0,7810;0,8295;87,7639
0,3651;-0,1132;0,8428;0,9254;87,8246
0,4237;0,0124;1,6526;1,7061;87,8843
0,2097;-0,0810;1,3272;1,3461;87,9471
-0,1845;0,0449;-1,0182;1,0358;88,0041
0,0361;0,2438;0,0452;0,2506;88,0642
0,1830;-0,1906;2,0738;2,0906;88,1244
0,6185;-0,2241;1,6225;1,7508;88,1852
0,3351;0,0337;1,2953;1,3383;88,2436
0,2726;0,0134;0,6463;0,7016;88,3045
-0,4281;0,0537;0,1464;0,4556;88,3641
0,5172;-0,0588;3,7381;3,7742;88,4242
0,7854;-0,2165;1,5305;1,7339;88,4848
0,1213;0,0657;0,9077;0,9181;88,5470
0,2077;-0,0115;0,5072;0,5482;88,6046
0,1159;0,0264;0,6365;0,6475;88,6635
-0,0012;0,1079;-0,2943;0,3135;88,7229
-0,9365;0,1904;0,8452;1,2758;88,7833
0,2206;0,0835;0,1767;0,2947;88,8427
0,1982;0,0129;0,8501;0,8730;88,9031
0,3380;-0,0432;0,7798;0,8510;88,9631
0,3356;-0,1108;1,5928;1,6315;89,0377
-0,3300;0,1028;-0,0664;0,3519;89,0988
-0,1569;0,1347;-0,7607;0,7884;89,1520
0,0332;0,2350;0,2001;0,3105;89,2026
0,0220;0,0044;0,0593;0,0634;89,2639
0,3454;0,0251;1,2032;1,2521;89,3218
0,2331;0,1274;0,7341;0,7807;89,3820
0,0544;0,0954;0,7771;0,7848;89,4462
0,3056;-0,0159;0,8964;0,9472;89,5020
0,1911;0,1377;1,4532;1,4721;89,5621
0,3405;0,1081;0,5160;0,6275;89,6215
0,3209;-0,0315;1,1422;1,1869;89,6818
0,3966;0,0759;0,9440;1,0268;89,7416
0,2899;0,1791;1,0004;1,0569;89,8017
0,3649;-0,0481;1,0949;1,1551;89,8633
0,2914;-0,0703;0,9907;1,0350;89,9220
0,2775;-0,0752;1,0192;1,0590;89,9818
-0,0398;-0,1242;1,3145;1,3210;90,0418
0,3097;-0,0964;0,8835;0,9412;90,1015
0,2262;-0,0076;0,9301;0,9573;90,1621
0,1450;0,0098;0,9675;0,9783;90,2216
0,2392;-0,0005;0,8513;0,8843;90,2816
0,2892;0,0549;0,9179;0,9640;90,3414
0,3117;-0,0115;1,0495;1,0948;90,4016
0,3112;0,0176;1,0082;1,0553;90,4616
0,1953;-0,0378;1,0258;1,0449;90,5221
0,4051;0,2131;0,9494;1,0540;90,5817
0,3588;0,1040;0,7803;0,8651;90,6424
0,3268;0,0137;0,9841;1,0370;90,7023
0,3117;0,0039;0,9282;0,9791;90,7620
0,3507;0,0007;1,0265;1,0848;90,8222
0,3000;0,0364;0,9113;0,9601;90,8821
0,3317;0,0395;1,0217;1,0749;90,9421
0,3471;0,0088;0,8767;0,9429;91,0027
0,3190;0,0410;1,0038;1,0541;91,0619
0,3161;-0,0083;0,9328;0,9849;91,1219
0,4752;0,2221;0,8340;0,9852;91,1822
0,4186;0,1006;0,8591;0,9609;91,2430
0,4186;0,1006;0,8591;0,9609;91,3098
0,4112;0,1023;0,9050;0,9993;91,3641
0,4518;0,0735;0,8096;0,9300;91,4224
0,3388;-0,0071;1,1759;1,2237;91,4830
0,3336;-0,0920;1,0095;1,0671;91,5415
0,3578;0,0976;0,8479;0,9254;91,6023
0,1940;-0,0378;0,9431;0,9636;91,6615
0,2070;0,0515;0,9348;0,9588;91,7215
0,1159;0,0237;0,9975;1,0045;91,7817
-0,0415;0,1435;0,9965;1,0077;91,8418
0,2211;0,0063;0,8291;0,8581;91,9017
0,1516;-0,0749;1,8786;1,8862;91,9646
0,3593;-0,0761;1,1105;1,1696;92,0217
0,0598;-0,0996;1,6006;1,6048;92,0822
-0,2053;0,1267;0,6548;0,6978;92,1422
0,2785;0,0757;0,4244;0,5132;92,2017
0,1955;-0,1074;1,1744;1,1954;92,2615
0,1740;-0,0393;1,3175;1,3295;92,3215
-0,0134;-0,0459;0,1560;0,1631;92,3831
0,2043;0,0083;0,5487;0,5855;92,4472
-0,0686;0,1093;0,4418;0,4602;92,5031
0,4042;-0,0940;1,7202;1,7695;92,5635
-0,1491;0,2568;0,6858;0,7473;92,6242
0,1994;-0,0010;0,5135;0,5509;92,6832
-0,9609;0,0359;0,1337;0,9708;92,7429
0,7759;-0,1167;2,0658;2,2097;92,8034
0,9626;-0,0844;2,3250;2,5178;92,8628
0,1843;0,0354;0,3951;0,4374;92,9230
-0,7895;0,1401;0,6783;1,0503;92,9819
0,2065;-0,1435;3,0437;3,0541;93,0421
0,3263;-0,0708;1,8759;1,9054;93,1030
0,3000;0,0918;0,4813;0,5745;93,1629
0,0190;0,0351;0,5499;0,5513;93,2303
0,1699;0,0205;-0,0439;0,1767;93,2841
0,2062;-0,0505;1,8832;1,8951;93,3420
-0,1769;-0,1035;-1,0346;1,0547;93,4031
0,2270;0,1481;0,0713;0,2803;93,4652
0,7776;-0,2702;2,6305;2,7563;93,5228
0,0066;-0,0537;1,4715;1,4725;93,5834
-0,0759;0,0588;-1,0612;1,0655;93,6443
0,0134;0,0037;0,4200;0,4203;93,7032
0,1374;-0,0405;2,3049;2,3094;93,7639
0,4086;-0,1748;1,7477;1,8034;93,8228
0,3541;0,0530;0,6580;0,7491;93,8828
0,2150;0,0010;0,4549;0,5032;93,9488
-0,0603;-0,1542;2,2627;2,2688;94,0032
0,1169;0,0398;1,5786;1,5834;94,0664
0,0371;0,2150;0,4376;0,4890;94,1234
0,1955;-0,0034;0,6150;0,6454;94,1838
0,2424;-0,2536;2,2649;2,2919;94,2455
0,3466;-0,0081;1,6406;1,6768;94,3035
-0,1347;0,0652;0,4832;0,5059;94,3638
0,1996;-0,0386;0,5963;0,6300;94,4251
0,3034;-0,0347;0,8938;0,9445;94,4836
0,2909;-0,1081;1,4288;1,4621;94,5434
-0,0317;0,0647;0,2624;0,2721;94,6032
0,1921;0,0615;0,6128;0,6452;94,6624
0,3378;-0,1691;4,0097;4,0275;94,7234
0,0932;-0,0578;1,5000;1,5040;94,7834
0,0569;0,0974;0,7173;0,7261;94,8439
0,2035;0,0103;0,5584;0,5944;94,9035
0,1769;-0,1882;1,4629;1,4856;94,9630
0,4332;0,0303;1,8139;1,8651;95,0230
-0,1535;-0,0088;0,8127;0,8272;95,0831
0,1892;-0,0054;0,6648;0,6912;95,1432
0,2846;0,0032;0,6211;0,6832;95,2076
0,0127;-0,0329;1,5815;1,5819;95,2632
-0,2743;0,0605;0,8586;0,9034;95,3235
0,2345;0,0193;0,5682;0,6150;95,3893
0,1247;-0,1089;0,7044;0,7236;95,4443
0,3519;-0,0073;1,6906;1,7269;95,5029
-0,2280;-0,0205;0,8391;0,8697;95,5634
0,1989;0,0210;0,6202;0,6516;95,6225
0,0981;0,0215;0,1818;0,2077;95,6838
0,3766;-0,0508;1,7360;1,7771;95,7431
-1,7805;-0,5401;1,2591;2,2466;95,8036
0,2734;0,0591;0,4725;0,5491;95,8672
-0,3659;0,0720;-0,7695;0,8551;95,9226
0,4732;0,0085;2,4453;2,4907;95,9839
0,4088;-0,3039;2,7965;2,8425;96,0471
0,3227;0,0830;0,1135;0,3520;96,1053
-0,0361;0,1335;0,3788;0,4032;96,1624
-0,1355;-0,0215;-1,4068;1,4135;96,2237
0,1953;-0,1357;2,3394;2,3514;96,2843
0,9477;0,0412;-0,7654;1,2189;96,3425
-0,0210;0,1540;-0,3053;0,3426;96,4032
0,0268;-0,0759;1,9303;1,9320;96,4647
0,0405;-0,0549;1,6723;1,6737;96,5242
-0,4200;0,1211;-2,0970;2,1421;96,5828
0,3129;0,1682;0,0781;0,3637;96,6431
0,8576;-0,5306;3,3837;3,5308;96,7067
0,3893;-0,1052;1,6794;1,7271;96,7653
-0,0757;0,1425;0,1325;0,2088;96,8226
0,1894;0,0100;0,6373;0,6649;96,8844
0,1743;-0,0037;0,5506;0,5775;96,9458
-0,1882;-0,0386;1,5879;1,5995;97,0037
0,2599;0,0120;1,7448;1,7641;97,0648
0,3312;0,0530;0,4703;0,5777;97,1310
-0,6504;-0,0964;0,7625;1,0068;97,1843
0,4437;-0,0117;1,4639;1,5297;97,2444
-0,1613;0,0884;1,6474;1,6577;97,3064
0,3000;0,0915;0,4903;0,5820;97,3646
-0,0298;0,0766;0,8057;0,8098;97,4250
0,3117;0,0420;1,8129;1,8400;97,4839
-0,1957;0,1340;2,7628;2,7730;97,5445
0,2089;0,1025;0,4654;0,5204;97,6085
-0,1128;0,1479;0,4886;0,5228;97,6645
1,0021;-0,2951;1,9083;2,1756;97,7246
0,6609;-0,1787;2,3159;2,4150;97,7897
-0,9868;0,3893;-2,1692;2,4147;97,8451
0,0417;0,0598;0,5086;0,5138;97,9068
0,4449;-0,0710;1,2462;1,3251;97,9746
0,7061;0,1372;2,1763;2,2921;98,0243
-2,1119;0,0947;-4,3129;4,8031;98,0854
0,2065;-0,0090;0,5750;0,6110;98,1441
0,7615;-0,4237;5,1827;5,2555;98,2043
0,3175;-0,0412;1,4749;1,5092;98,2669
0,1916;0,0420;0,9011;0,9222;98,3239
0,1284;-0,0761;0,6658;0,6823;98,3841
0,6556;-0,2939;4,2948;4,3545;98,4450
0,6514;-0,2338;1,6626;1,8009;98,5066
-0,1438;0,1032;1,0309;1,0460;98,5649
0,1123;-0,0081;0,8467;0,8541;98,6269
0,1179;0,0188;0,8716;0,8797;98,6845
0,2707;-0,0874;1,2247;1,2573;98,7440
0,1972;-0,0017;1,2240;1,2398;98,8043
0,2211;-0,0110;1,0319;1,0554;98,8644
0,2746;-0,0002;0,9055;0,9462;98,9245
0,1621;-0,0254;0,9951;1,0085;98,9987
0,1711;-0,0461;0,9892;1,0049;99,0437
0,2089;-0,0071;0,9702;0,9924;99,1058
0,2050;-0,0215;0,9907;1,0119;99,1669
0,2060;-0,0437;1,0170;1,0386;99,2257
0,2494;-0,0225;0,9992;1,0301;99,2852
0,1740;-0,0129;0,9521;0,9680;99,3449
0,1955;-0,0105;0,9714;0,9909;99,4099
0,2057;-0,0142;0,9609;0,9828;99,4647
0,2250;-0,0181;0,9848;1,0103;99,5251
0,2253;-0,0151;0,9890;1,0144;99,5854
0,2026;-0,0415;0,9907;1,0120;99,6446
0,2270;-0,0242;0,9746;1,0009;99,7051
0,2270;-0,0254;0,9799;1,0062;99,7661
0,2219;-0,0232;0,9885;1,0133;99,8249
0,2128;-0,0325;0,9902;1,0133;99,8850
0,1974;-0,0449;0,9838;1,0044;99,9445
0,1945;-0,0486;0,9814;1,0017;100,0048
0,1957;-0,0473;0,9758;0,9963;100,0657
0,2040;-0,0483;0,9907;1,0126;100,1270
0,1899;-0,0510;0,9907;1,0100;100,1845
0,2121;-0,0410;0,9650;0,9889;100,2458
0,2009;-0,0481;0,9904;1,0117;100,3050
0,2228;-0,0400;0,9780;1,0038;100,3649
0,2299;-0,0400;0,9775;1,0050;100,4253
0,2331;-0,0395;0,9828;1,0109;100,4863
0,2194;-0,0442;0,9907;1,0156;100,5454
0,2148;-0,0366;0,9760;1,0000;100,6060
0,2043;-0,0366;0,9775;0,9993;100,6655
0,1870;-0,0476;0,9902;1,0088;100,7264
0,1970;-0,0403;0,9836;1,0039;100,7854
0,1804;-0,0417;0,9890;1,0061;100,8459
0,1762;-0,0442;0,9816;0,9983;100,9060
0,1994;-0,0376;0,9858;1,0064;100,9776
0,2099;-0,0430;0,9924;1,0152;101,0252
0,2028;-0,0432;0,9721;0,9940;101,0849
0,2284;-0,0398;0,9750;1,0022;101,1462
0,2304;-0,0432;0,9877;1,0152;101,2086
0,2304;-0,0427;0,9885;1,0159;101,2654
0,2016;-0,0388;0,9650;0,9866;101,3263
0,2128;-0,0351;0,9721;0,9958;101,3851
0,2136;-0,0383;1,0029;1,0261;101,4465
0,2031;-0,0410;0,9875;1,0090;101,5067
0,1779;-0,0415;0,9401;0,9577;101,5701
0,1921;-0,0398;0,9963;1,0154;101,6262
0,2033;-0,0425;0,9821;1,0038;101,6850
0,2223;-0,0398;0,9821;1,0078;101,7459
0,2270;-0,0461;0,9848;1,0117;101,8078
0,2631;-0,0383;0,9843;1,0196;101,8653
0,2563;-0,0339;0,9570;0,9913;101,9255
0,3280;-0,0700;1,5269;1,5633;101,9868
-0,7971;0,0605;0,1430;0,8121;102,0452
0,7029;-0,0210;0,2563;0,7485;102,1059
-0,0034;-0,0588;1,2533;1,2547;102,1658
0,6609;-0,0183;1,4607;1,6034;102,2249
0,1733;0,0037;3,1040;3,1089;102,2851
0,1499;-0,0322;0,3527;0,3845;102,3460
-0,0020;0,0005;0,6663;0,6663;102,4047
0,8689;-0,1120;1,7258;1,9354;102,4657
-0,3158;0,2045;0,6412;0,7434;102,5260
0,3026;-0,0559;-0,0837;0,3189;102,5851
-0,4940;0,2265;-0,9450;1,0901;102,6453
0,8166;-0,0678;2,2525;2,3969;102,7051
-0,2436;-0,1433;-2,7016;2,7163;102,7663
0,0410;-0,0905;-0,9694;0,9745;102,8255
1,4793;-0,2333;2,7045;3,0914;102,8868
0,0774;-0,1640;2,2351;2,2425;102,9451
0,5909;0,1311;-0,3126;0,6812;103,0054
-0,4964;-0,1013;-0,1513;0,5288;103,0663
0,0452;-0,1418;1,9647;1,9703;103,1280
0,6287;-0,0452;3,1026;3,1659;103,1886
0,3253;0,0486;0,2921;0,4399;103,2456
0,0391;-0,0456;0,3617;0,3667;103,3054
0,5323;-0,0461;1,5274;1,6181;103,3652
-0,1445;0,2072;2,4792;2,4920;103,4251
0,1855;0,0041;0,2360;0,3002;103,4848
0,7586;-0,1823;4,3990;4,4677;103,5454
0,7842;-0,0976;1,7394;1,9105;103,6074
-0,1606;-0,0581;0,4303;0,4629;103,6675
0,2158;0,0903;0,1606;0,2837;103,7253
-1,0619;-0,1867;3,3637;3,5323;103,7854
1,1793;-0,2702;2,3403;2,6346;103,8451
-2,1646;0,0029;-4,3373;4,8474;103,9075
0,0908;0,2104;-0,5853;0,6285;103,9658
-0,1469;-0,5186;6,9763;6,9971;104,0257
-3,0259;0,1567;0,1101;3,0320;104,0845
0,9992;-0,2294;-1,3494;1,6947;104,1452
-0,6246;0,1337;-1,0927;1,2657;104,2082
0,1440;-0,1045;1,5205;1,5309;104,2661
2,1063;-1,0639;4,0944;4,7257;104,3249
0,2780;0,0085;0,3183;0,4227;104,3853
-0,0132;-0,0635;0,8362;0,8387;104,4477
0,7971;-0,0532;1,7722;1,9439;104,5050
-0,3329;0,1794;0,3119;0,4902;104,5649
0,2587;0,0327;0,0635;0,2684;104,6255
-0,8279;0,0827;-0,8323;1,1768;104,6848
1,1205;-0,3954;2,2420;2,5374;104,7503
-2,4145;0,4728;-4,3170;4,9689;104,8046
-0,1223;0,1118;-1,0944;1,1069;104,8660
2,6884;-0,2846;4,0813;4,8954;104,9244
0,0371;-0,1030;2,0372;2,0401;104,9896
0,4501;0,0373;0,3024;0,5435;105,0447
-0,3322;-0,1181;-0,0456;0,3555;105,1053
0,3578;-0,0925;1,4598;1,5058;105,1680
-0,4176;-0,0090;1,8197;1,8671;105,2244
0,1794;0,0034;0,3322;0,3775;105,2853
0,2997;-0,2936;2,3071;2,3450;105,3447
0,8210;-0,2214;1,9454;2,1232;105,4050
-3,0120;0,2414;-6,8140;7,4540;105,4650
0,1716;0,1830;-0,7388;0,7802;105,5282
0,0835;-0,1857;6,4843;6,4875;105,5858
0,8769;-0,3002;2,7784;2,9290;105,6449
0,5313;0,1008;-0,7622;0,9346;105,7051
-0,4366;0,1132;-0,4549;0,6407;105,7652
0,1601;-0,2289;1,1178;1,1522;105,8259
-0,3651;0,2109;1,7324;1,7829;105,8843
0,6124;0,0737;0,3229;0,6962;105,9448
-0,5335;0,0681;0,0908;0,5455;106,0061
0,8418;-0,0639;1,4004;1,6352;106,0654
0,3903;0,0327;1,7172;1,7613;106,1241
0,1777;0,0332;0,4303;0,4667;106,1842
0,5164;-0,4525;3,4787;3,5458;106,2444
0,7537;-0,2936;1,4861;1,6920;106,3044
-0,1972;0,1948;0,4994;0,5711;106,3650
0,1567;0,1923;0,1433;0,2865;106,4237
0,8284;-0,3512;2,2066;2,3830;106,4838
0,7241;-0,4598;2,0479;2,2203;106,5442
0,8425;0,2055;-1,8527;2,0456;106,6050
-0,1211;0,0752;-0,0884;0,1677;106,6642
1,8329;-0,3014;2,6459;3,2328;106,7240
0,5965;-0,1335;2,6654;2,7346;106,7847
0,1145;-0,0273;-0,4708;0,4853;106,8442
-0,3073;0,0095;-0,0874;0,3196;106,9049
1,9096;-0,2143;2,9351;3,5082;106,9738
1,0597;-0,1765;2,1927;2,4417;107,0237
0,0854;-0,0290;-0,2492;0,2650;107,0861
-0,4554;-0,0517;0,4879;0,6694;107,1445
0,9211;-0,0832;2,5278;2,6917;107,2042
0,3090;0,1374;1,3514;1,3931;107,2643
0,0085;-0,0139;0,5045;0,5047;107,3262
0,2936;-0,1567;0,7703;0,8391;107,3843
0,4415;-0,0469;1,4212;1,4889;107,4439
-0,0991;0,1023;1,2162;1,2245;107,5043
0,2529;0,0247;0,4625;0,5277;107,5729
0,5963;-0,1213;0,6263;0,8732;107,6240
0,6941;-0,0212;1,2645;1,4426;107,6858
1,5857;-0,2709;3,3852;3,7480;107,7491
0,2943;-0,0078;0,3910;0,4895;107,8050
-0,1521;0,0574;0,7959;0,8123;107,8640
0,9560;-0,2426;2,1478;2,3634;107,9242
0,3148;-0,0454;0,8340;0,8926;107,9847
0,2990;0,0652;0,0322;0,3077;108,0510
0,4452;-0,2939;2,6979;2,7501;108,1041
1,1488;-0,2863;1,9684;2,2970;108,1643
-0,0696;0,1198;0,1513;0,2052;108,2268
0,1696;0,0874;-0,4318;0,4720;108,2841
1,5327;-0,3649;3,0740;3,4542;108,3431
1,0246;-0,2555;1,6094;1,9249;108,4051
-0,2375;0,2355;-0,3949;0,5175;108,4676
-0,7637;-0,0696;1,5708;1,7480;108,5241
-1,0861;0,0542;1,2142;1,6300;108,5852
1,0954;-0,3571;2,4179;2,6784;108,6442
-0,0486;0,2660;-1,1420;1,1736;108,7067
-0,6980;0,2031;-0,4759;0,8689;108,7639
1,6059;-0,5284;2,9559;3,4052;108,8246
-0,6255;-0,4725;1,5457;1,7331;108,8869
0,2343;0,0376;-0,2734;0,3620;108,9439
-0,4728;0,2299;-0,4918;0,7199;109,0048
0,7820;-0,2982;1,3856;1,6187;109,0664
0,2297;0,0923;1,8603;1,8767;109,1242
0,2131;-0,0261;0,6265;0,6623;109,1846
1,6601;-0,4940;3,4357;3,8476;109,2478
1,1691;-0,3087;1,3990;1,8491;109,3040
0,0491;0,1089;0,3917;0,4095;109,3666
-0,1616;0,4903;-1,4739;1,5617;109,4244
2,6425;-0,4854;3,3246;4,2745;109,4883
1,4234;-0,2655;2,5258;2,9114;109,5437
-0,3268;0,2956;-2,2427;2,2856;109,6037
-0,5391;0,2516;-0,5921;0,8394;109,6642
0,3307;-0,2782;1,7609;1,8132;109,7249
2,0880;-0,3446;3,7911;4,3417;109,7841
0,2878;-0,0173;0,6409;0,7028;109,8441
0,1525;-0,0598;0,8686;0,8839;109,9030
1,1327;-0,2385;1,7314;2,0827;109,9688
0,1274;-0,0381;0,7734;0,7848;110,0240
-0,4452;0,3385;-0,5177;0,7621;110,0838
1,0634;-0,3829;2,0004;2,2976;110,1432
1,3250;-0,3166;2,7113;3,0343;110,2036
0,0527;-0,0054;-0,4789;0,4818;110,2626
-0,6394;0,4532;-1,2364;1,4639;110,3235
-0,2050;-0,1369;1,4148;1,4362;110,3834
0,7776;-0,3205;2,1146;2,2757;110,4437
-0,1191;0,0249;-0,0408;0,1283;110,5037
0,1259;0,1284;0,7088;0,7312;110,5627
0,4330;-0,0508;0,9848;1,0770;110,6240
0,3292;-0,0356;1,1366;1,1839;110,6831
0,2873;-0,0427;1,0068;1,0478;110,7429
0,2961;0,0754;1,0202;1,0650;110,8037
0,3107;-0,0325;1,1090;1,1522;110,8640
0,3009;0,0129;0,9838;1,0289;110,9233
0,3341;0,0779;0,8840;0,9482;110,9833
0,3349;-0,0103;0,9692;1,0254;111,0430
0,3746;0,0112;0,9643;1,0346;111,1037
0,3353;-0,0132;0,9018;0,9622;111,1632
0,3368;-0,0261;0,9458;1,0043;111,2237
0,3092;-0,1279;0,9084;0,9681;111,2829
0,3763;-0,1301;0,9262;1,0082;111,3429
0,3026;-0,1137;0,9575;1,0106;111,4044
0,3580;-0,1154;0,9162;0,9904;111,4632
0,3456;-0,0259;0,9567;1,0176;111,5234
0,3292;-0,0574;0,9689;1,0250;111,5877
0,3075;-0,0578;0,9370;0,9878;111,6429
0,3461;-0,0347;0,9209;0,9844;111,7040
0,2577;0,0093;1,0561;1,0871;111,7762
0,3898;-0,2743;2,3965;2,4434;111,8234
0,6546;0,0566;-0,0637;0,6601;111,8836
-0,9065;-0,3410;0,3749;1,0385;111,9447
2,4109;-0,6949;2,6913;3,6794;112,0052
0,5240;-0,0344;1,8185;1,8928;112,0632
0,0161;0,0337;-0,3910;0,3928;112,1241
0,9199;-0,0251;2,7069;2,8591;112,1831
1,0588;-0,0952;1,3482;1,7169;112,2435
0,5089;0,0617;-0,0561;0,5157;112,3037
0,0317;0,0273;0,3576;0,3600;112,3639
-0,8501;-0,0447;2,1263;2,2904;112,4233
1,2496;-0,1657;2,1304;2,4754;112,4848
-0,7102;-0,1301;-0,8996;1,1535;112,5457
0,0652;-0,2738;0,6204;0,6813;112,6040
1,1051;-0,0210;1,3702;1,7604;112,6644
-0,2565;0,1318;0,7913;0,8422;112,7293
0,0535;-0,0308;0,5125;0,5162;112,7857
0,7398;-0,0234;0,7332;1,0418;112,8442
1,6172;-0,0920;2,5053;2,9833;112,9045
0,0747;-0,0500;-0,9677;0,9719;112,9635
-1,0397;0,1006;-0,7800;1,3037;113,0239
2,7650;-0,5079;3,6068;4,5730;113,0840
-0,9824;0,1362;0,4474;1,0880;113,1441
0,3812;-0,0046;0,4291;0,5740;113,2091
1,6103;-0,4903;3,7266;4,0892;113,2636
1,1449;-0,2836;1,9335;2,2649;113,3245
-0,5743;0,3014;-1,4380;1,5775;113,3865
-0,7371;0,1428;-0,6731;1,0084;113,4475
2,2154;-0,2028;3,0923;3,8094;113,5042
1,2835;-0,2616;1,7233;2,1647;113,5644
0,5570;0,0754;-0,4830;0,7411;113,6251
-0,3436;0,0271;0,0566;0,3493;113,6834
0,4928;-0,2494;2,3337;2,3982;113,7437
2,3257;-0,5240;3,4547;4,1975;113,8041
0,2524;-0,0988;0,3519;0,4442;113,8688
0,2924;-0,0813;1,6672;1,6946;113,9242
1,7529;-0,5635;2,5080;3,1113;113,9875
0,1118;0,0010;-0,3922;0,4078;114,0458
-0,0464;0,1616;0,0766;0,1847;114,1069
-1,1405;-0,1965;0,8986;1,4652;114,1636
1,5820;-0,3139;2,5693;3,0336;114,2239
-0,6363;0,1606;-1,3223;1,4762;114,2841
-0,6746;0,2150;-0,4393;0,8333;114,3511
0,5296;-0,1618;3,4835;3,5273;114,4062
1,4078;-0,2097;1,9903;2,4469;114,4659
0,2604;0,0627;-0,4100;0,4898;114,5247
-0,4396;0,0503;-0,2621;0,5142;114,5849
1,3033;-0,1789;2,2161;2,5772;114,6485
-0,3078;0,0549;0,9960;1,0439;114,7050
0,2348;0,0015;0,1821;0,2971;114,7653
0,0015;-0,0093;0,1025;0,1029;114,8246
0,6719;-0,2536;1,7905;1,9291;114,8842
2,2498;-0,1779;2,5214;3,3839;114,9454
0,0168;-0,3893;0,7402;0,8365;115,0048
0,2099;-0,1962;1,4939;1,5213;115,0643
1,3846;-0,4601;1,9245;2,4150;115,1247
0,0000;0,0927;0,3195;0,3327;115,1846
0,2392;0,0012;0,6614;0,7033;115,2447
1,1825;-0,3651;2,7838;3,0465;115,3047
-1,3355;0,2155;1,1703;1,7888;115,3653
-1,4517;0,2045;-1,9210;2,4165;115,4257
-0,3822;0,3231;-0,1037;0,5111;115,4851
2,1251;-0,3329;2,9393;3,6423;115,5468
0,9260;-0,2865;2,4094;2,5971;115,6064
0,8562;0,1757;-0,7551;1,1551;115,6675
-0,1247;0,1291;0,4896;0,5215;115,7241
0,4027;-0,1079;1,9486;1,9927;115,7849
0,5955;-0,0054;1,7626;1,8605;115,8477
-0,0979;0,1333;-0,3007;0,3431;115,9037
0,0920;0,1377;0,3893;0,4230;115,9806
0,8369;-0,1938;2,0936;2,2630;116,0250
1,0107;-0,7022;3,0035;3,2458;116,0874
0,2563;0,0598;0,2089;0,3360;116,1442
-0,0986;0,1972;-0,0886;0,2376;116,2045
0,3212;-0,2619;2,0853;2,1261;116,2684
1,7692;-0,4256;3,1328;3,6230;116,3246
0,3773;0,0774;0,1274;0,4057;116,3852
0,0300;0,0544;0,2014;0,2107;116,4436
0,8694;-0,1469;1,6499;1,8707;116,5036
0,6563;-0,3234;2,4487;2,5557;116,5642
0,2460;-0,0154;0,3605;0,4367;116,6234
-0,2951;-0,0347;0,2843;0,4112;116,6834
0,6751;-0,1901;1,1727;1,3664;116,7435
-0,5042;0,1474;0,4688;0,7041;116,8037
-0,1035;-0,0454;-0,4098;0,4251;116,8639
-0,1530;0,2136;-0,5062;0,5703;116,9235
1,0807;-0,2348;2,1785;2,4432;116,9875
0,3502;0,0500;1,3592;1,4045;117,0438
0,1589;0,0461;-0,4259;0,4569;117,1043
0,0620;0,1040;0,4335;0,4500;117,1641
0,7195;-0,0574;1,2010;1,4012;117,2239
0,6675;0,0835;1,3436;1,5026;117,2843
0,4259;0,0788;0,5806;0,7244;117,3440
0,2792;0,1164;0,6177;0,6878;117,4045
0,2946;0,0549;0,9687;1,0140;117,4638
0,2170;0,0146;1,1220;1,1428;117,5241
0,3187;0,1047;0,9658;1,0224;117,5877
0,3146;-0,0720;0,8440;0,9036;117,6442
0,2614;0,0259;0,8462;0,8860;117,7033
0,2453;0,0678;1,0051;1,0368;117,7658
0,3266;0,0059;0,9440;0,9989;117,8239
0,2392;0,0713;0,9501;0,9824;117,8841
0,2851;0,0085;1,0131;1,0525;117,9448
0,2836;-0,0232;0,9116;0,9550;118,0113
0,3366;-0,0403;0,7859;0,8559;118,0633
0,2597;-0,1079;1,4107;1,4384;118,1232
0,8450;-0,1713;2,4616;2,6082;118,1837
1,1798;-0,1223;-0,6436;1,3495;118,2486
-0,8027;-0,3886;0,3329;0,9519;118,3049
2,1868;-0,4386;3,0039;3,7414;118,3629
0,6485;-0,0334;1,8278;1,9397;118,4233
-0,1003;-0,0466;-0,3029;0,3225;118,4901
-0,0710;0,0630;0,4056;0,4166;118,5440
0,8381;-0,0190;1,9759;2,1464;118,6040
0,7534;0,1604;1,1293;1,3670;118,6763
0,3234;0,0085;0,5189;0,6115;118,7235
-0,0095;-0,1291;0,7329;0,7443;118,7839
0,8303;0,0085;1,7868;1,9703;118,8438
-0,1240;0,0710;1,2733;1,2813;118,9033
0,2990;-0,0046;0,5311;0,6095;118,9663
0,1689;-0,0613;0,5723;0,5999;119,0232
0,5101;-0,0752;1,6694;1,7472;119,0832
0,2380;0,0735;0,8808;0,9154;119,1468
0,1994;0,0090;0,5418;0,5774;119,2031
0,2690;-0,1499;0,9033;0,9543;119,2628
0,8664;-0,2182;1,9432;2,1388;119,3352
0,3227;0,1086;0,3070;0,4584;119,3839
0,1557;0,0286;0,6621;0,6808;119,4424
0,4200;-0,0188;1,0373;1,1193;119,5024
0,5723;-0,0535;1,7189;1,8125;119,5634
0,3463;0,0613;0,6878;0,7725;119,6229
0,2616;0,0083;0,7298;0,7753;119,6829
0,1894;0,0227;0,6302;0,6584;119,7451
0,6873;-0,0288;1,3245;1,4925;119,8028
0,2902;-0,1001;1,3121;1,3475;119,8654
0,5948;0,0225;1,5039;1,6174;119,9227
0,1513;-0,1176;0,9699;0,9887;119,9832
0,3341;-0,1089;0,7525;0,8305;120,0425
0,3080;0,1313;0,9892;1,0443;120,1023
0,3097;0,0425;1,0007;1,0484;120,1627
0,3471;0,0539;1,0419;1,0995;120,2230
0,3183;-0,0122;0,9357;0,9885;120,2824
0,3024;0,0015;0,9968;1,0416;120,3420
0,2743;-0,0598;0,9423;0,9833;120,4017
0,2511;-0,0727;0,9143;0,9509;120,4620
0,2563;0,0427;0,8913;0,9284;120,5221
0,2912;-0,0488;0,9916;1,0347;120,5820
0,2426;-0,0198;0,9731;1,0031;120,6416
0,2836;-0,0051;0,9360;0,9780;120,7020
0,2343;-0,0581;0,9763;1,0057;120,7619
0,3000;0,0085;0,8528;0,9040;120,8218
0,2104;-0,0884;1,2860;1,3061;120,8815
0,7893;-0,3942;2,6132;2,7581;120,9417
0,7727;-0,0254;-0,5189;0,9311;121,0020
0,0608;0,0718;-0,4584;0,4679;121,0669
0,2448;-0,0554;3,4291;3,4383;121,1303
0,5155;-0,1474;1,9779;2,0493;121,1834
0,0859;0,0515;0,1269;0,1617;121,2432
-0,0342;-0,1518;1,1754;1,1857;121,3046
0,6067;0,0015;1,8066;1,9057;121,3636
0,3722;0,0830;1,0509;1,1180;121,4239
0,2184;0,0298;0,5884;0,6284;121,4827
-0,1045;-0,0981;0,5904;0,6075;121,5433
0,4366;-0,0586;1,8385;1,8906;121,6111
0,1201;0,1591;0,6219;0,6530;121,6638
0,1564;0,0237;0,4620;0,4884;121,7251
0,4213;-0,3192;3,2583;3,3009;121,7829
0,7359;-0,1137;1,9181;2,0576;121,8439
-0,1499;0,0840;0,2502;0,3035;121,9059
0,0190;0,1135;0,2106;0,2400;121,9665
0,7168;-0,4708;3,3469;3,4550;122,0237
0,2409;-0,0596;1,6704;1,6887;122,0838
0,3666;0,0683;0,0012;0,3729;122,1432
-0,3812;0,2214;-0,1562;0,4677;122,2034
-0,0334;-0,1589;2,6942;2,6991;122,2630
0,0903;0,0493;1,0148;1,0200;122,3233
0,0164;0,0801;-0,4349;0,4425;122,3821
0,0905;0,0779;0,2328;0,2617;122,4434
0,9445;-0,4325;2,4131;2,6272;122,5034
0,3048;-0,0749;1,6128;1,6430;122,5673
0,2626;-0,0002;0,6995;0,7472;122,6231
0,3078;-0,1081;1,3626;1,4011;122,6899
0,4718;-0,1164;1,8119;1,8760;122,7454
-0,6822;0,2172;-1,3560;1,5334;122,8042
-0,3888;0,0822;-0,6358;0,7498;122,8655
1,4541;-0,3920;2,3330;2,7769;122,9225
1,3746;-0,4598;3,3786;3,6764;122,9876
0,2899;0,0154;0,6199;0,6846;123,0440
0,1218;-0,0788;0,5086;0,5289;123,1025
0,7493;-0,1250;1,4795;1,6631;123,1628
-0,3314;0,0732;0,2048;0,3964;123,2247
0,1181;0,0122;0,5221;0,5354;123,2822
0,6024;-0,0442;0,5448;0,8133;123,3424
0,2919;0,0803;0,9899;1,0352;123,4045
-0,1076;0,0581;-0,0740;0,1429;123,4632
-0,0486;-0,0740;0,6763;0,6821;123,5336
0,2433;0,0425;1,2220;1,2467;123,5850
0,3685;-0,0710;0,9460;1,0177;123,6426
0,3397;-0,0217;1,1840;1,2319;123,7086
0,2450;0,0515;0,9877;1,0190;123,7632
0,2238;0,0522;0,9841;1,0105;123,8227
0,2280;-0,0342;0,9907;1,0171;123,8825
0,2621;-0,0071;0,9660;1,0010;123,9448
0,2184;0,0193;1,0544;1,0769;124,0050
0,1918;0,0100;0,9726;0,9914;124,0628
0,2763;0,0088;0,9907;1,0285;124,1219
