-0,0422;-0,0908;1,0395;1,0443;0,1114
-0,0386;-0,0923;1,0248;1,0297;0,1400
-0,0276;-0,0676;1,0092;1,0118;0,3934
-0,0073;-0,0142;0,9885;0,9886;0,3955
-0,0547;-0,0603;1,0351;1,0383;0,3972
-0,0134;-0,0376;0,9907;0,9915;0,3991
-0,0237;-0,0444;0,9924;0,9936;0,4009
-0,0237;0,0085;1,0046;1,0049;0,4674
-0,0456;-0,0185;1,0702;1,0714;0,5164
-0,0007;0,0779;0,9907;0,9937;0,5774
-0,0369;0,0110;1,0221;1,0229;0,6371
-0,0322;0,0024;1,0258;1,0263;0,6964
-0,0383;0,0103;0,9660;0,9668;0,7567
-0,0322;-0,0105;0,9909;0,9915;0,8169
-0,0359;0,0161;0,9951;0,9958;0,8768
-0,0251;0,0176;0,9965;0,9970;0,9367
-0,0161;0,0151;1,0426;1,0429;0,9974
-0,0188;-0,0408;1,0980;1,0990;1,0565
-0,1020;0,1838;1,2045;1,2227;1,1195
0,1335;-0,0539;0,1518;0,2092;1,1807
-0,1225;0,0178;0,9135;0,9219;1,2377
-0,1006;0,0107;0,9736;0,9788;1,2973
-0,1069;-0,0020;1,0134;1,0190;1,3574
-0,1220;-0,0124;1,0265;1,0338;1,4188
-0,1084;-0,0154;0,9807;0,9867;1,4834
0,0222;0,0207;0,9675;0,9679;1,5365
0,2328;-0,2831;0,6607;0,7556;1,5977
-0,2441;-0,0117;1,4527;1,4731;1,6615
0,0210;0,0027;1,1596;1,1597;1,7191
-0,0354;-0,0032;0,9772;0,9779;1,8264
-0,0391;0,0120;0,9963;0,9971;1,8445
-0,0344;0,0144;0,9968;0,9975;1,8990
-0,0308;0,0132;1,0219;1,0224;1,9612
-0,0735;0,0110;1,0036;1,0063;2,0212
-0,1208;-0,0283;1,1637;1,1703;2,0779
-0,0552;0,0286;1,1181;1,1198;2,1403
-0,0988;-0,0237;0,6150;0,6234;2,1968
-0,2067;-0,0271;0,9294;0,9525;2,2583
-0,2070;-0,0276;0,9606;0,9831;2,3201
-0,2179;-0,0207;1,0021;1,0258;2,3773
-0,1953;-0,0112;0,9982;1,0172;2,4374
-0,1889;-0,0227;0,9902;1,0083;2,4981
-0,1189;-0,0181;0,9907;0,9979;2,5594
-0,0271;0,0005;1,0314;1,0318;2,6172
0,2289;-0,1679;-0,1467;0,3196;2,6795
-0,6085;0,3336;2,0936;2,2056;2,7365
0,0945;0,0945;1,2115;1,2189;2,7970
-0,0220;0,0129;1,0390;1,0393;2,8589
-0,0320;0,0327;0,9711;0,9722;2,9162
-0,0312;0,0286;0,9997;1,0006;2,9773
-0,0254;0,0222;1,0614;1,0620;3,0415
0,1032;0,0940;1,5957;1,6018;3,0981
-0,0222;-0,0920;1,2157;1,2194;3,1583
-0,0984;0,0010;0,7686;0,7748;3,2168
-0,1750;-0,0210;0,9658;0,9817;3,2771
-0,0571;-0,0063;1,0297;1,0313;3,3373
-0,0869;-0,0127;1,0012;1,0050;3,3964
-0,1079;-0,0085;0,9765;0,9825;3,4575
-0,1140;-0,0137;1,0073;1,0138;3,5196
-0,0979;-0,0164;0,9980;1,0029;3,5770
-0,0957;-0,0181;0,9972;1,0020;3,6375
-0,0959;-0,0134;0,9924;0,9971;3,6973
-0,0822;-0,0151;0,9868;0,9903;3,7585
0,1460;0,0676;0,5347;0,5584;3,8173
-0,1081;-0,2641;0,9602;1,0017;3,8820
0,0927;0,0239;1,1483;1,1523;3,9369
-0,0813;0,0022;1,0412;1,0443;3,9983
-0,1201;0,0085;1,0095;1,0166;4,0565
-0,0820;0,0220;0,9868;0,9904;4,1165
-0,0788;0,0200;1,0080;1,0113;4,1829
-0,0766;0,0151;1,0046;1,0076;4,2368
-0,0617;0,0156;1,0158;1,0178;4,3003
-0,0222;0,0198;1,3499;1,3502;4,3572
-0,1328;0,1042;1,2806;1,2917;4,4167
-0,0054;-0,0139;0,7490;0,7492;4,4772
-0,1240;-0,0205;1,0114;1,0192;4,5369
-0,0427;-0,0117;1,0280;1,0290;4,5970
-0,0422;-0,0122;1,0378;1,0387;4,6568
-0,0444;-0,0081;0,9919;0,9929;4,7165
-0,0622;-0,0137;0,9887;0,9908;4,7770
-0,0642;-0,0127;1,0004;1,0026;4,8367
-0,0366;-0,0120;0,9907;0,9914;4,8967
0,0098;-0,0041;0,9777;0,9778;4,9603
0,0386;-0,0613;0,1284;0,1474;5,0191
-0,1489;-0,0415;1,2835;1,2928;5,0769
0,1330;0,0293;1,0976;1,1060;5,1379
-0,0556;0,0054;1,0129;1,0144;5,2083
-0,0705;0,0164;0,9811;0,9838;5,2571
-0,0766;0,0164;0,9931;0,9962;5,3189
-0,0678;0,0142;1,0043;1,0067;5,3766
-0,0537;0,0134;1,0304;1,0319;5,4383
-0,0266;0,0281;1,2377;1,2383;5,4963
-0,5862;0,0190;0,3729;0,6951;5,5572
-0,3353;-0,0852;-0,0354;0,3478;5,6167
-0,1330;-0,0090;0,9304;0,9399;5,6765
-0,1254;-0,0107;1,0180;1,0258;5,7370
-0,0793;-0,0034;0,9946;0,9977;5,7966
-0,0935;-0,0122;0,9907;0,9951;5,8564
-0,0832;-0,0071;0,9785;0,9820;5,9166
-0,0312;-0,0012;0,9836;0,9841;5,9760
0,1303;0,0539;0,3698;0,3957;6,0365
0,0217;-0,0884;1,9515;1,9537;6,0992
0,1838;0,0085;1,2140;1,2278;6,1560
0,0085;-0,0325;0,9951;0,9956;6,2171
-0,0247;-0,0222;0,9760;0,9766;6,2777
-0,0261;-0,0217;0,9870;0,9876;6,3361
-0,0093;-0,0222;1,0121;1,0124;6,3969
0,0044;-0,0168;1,0109;1,0111;6,4601
-0,0342;-0,0266;1,0112;1,0121;6,5231
0,0500;0,0342;1,4922;1,4934;6,5768
-0,0603;0,0232;1,0717;1,0736;6,6382
0,1320;0,0808;0,8986;0,9119;6,6963
-0,1572;-0,0156;1,0019;1,0143;6,7562
-0,0979;-0,0051;0,9972;1,0021;6,8165
-0,1276;-0,0151;0,9992;1,0074;6,8793
-0,1145;-0,0061;0,9846;0,9912;6,9363
-0,0993;-0,0032;0,9863;0,9913;6,9960
-0,0759;-0,0066;0,9858;0,9887;7,0561
0,0142;0,0078;0,8889;0,8890;7,1161
-0,8808;-0,0888;0,8081;1,1987;7,1776
0,0076;-0,0918;1,1825;1,1861;7,2383
0,1164;0,0325;1,0673;1,0741;7,2974
-0,0500;-0,0359;1,0195;1,0213;7,3559
-0,0513;-0,0181;0,9980;0,9995;7,4190
-0,0359;-0,0164;1,0148;1,0156;7,4759
-0,0449;-0,0234;1,0048;1,0061;7,5363
-0,0117;-0,0207;1,1225;1,1227;7,5988
-0,0637;-0,0581;1,0905;1,0939;7,6561
0,0713;-0,0749;1,0134;1,0186;7,7163
-0,0542;-0,0107;0,7813;0,7832;7,7763
-0,1189;-0,0146;0,9328;0,9405;7,8405
-0,1191;-0,0159;1,0246;1,0316;7,8959
-0,0866;-0,0083;1,0168;1,0205;7,9554
-0,1023;-0,0161;1,0014;1,0067;8,0198
-0,0715;-0,0124;0,9831;0,9858;8,0760
-0,0146;-0,0029;0,9853;0,9854;8,1364
-0,0105;-0,1162;0,6446;0,6550;8,2018
0,0078;-0,0010;1,2970;1,2970;8,2557
0,1206;-0,0913;1,2130;1,2224;8,3164
0,0744;-0,0469;1,0212;1,0249;8,3764
0,0286;-0,0273;0,9907;0,9914;8,4354
0,0486;-0,0171;1,0099;1,0113;8,4959
0,0527;-0,0203;1,0038;1,0054;8,5583
0,0725;-0,1257;1,0834;1,0931;8,6175
0,0156;-0,0791;1,0404;1,0436;8,6783
-0,0476;-0,0837;1,0600;1,0643;8,7357
-0,0722;0,0059;1,2118;1,2139;8,7961
0,0347;0,0705;0,6814;0,6859;8,8557
-0,1552;-0,0142;0,9494;0,9621;8,9154
-0,0469;-0,0256;0,9760;0,9775;8,9762
-0,0154;0,0081;1,0707;1,0709;9,0356
-0,0620;-0,0068;0,9760;0,9780;9,0967
-0,0598;-0,0132;0,9921;0,9940;9,1559
-0,0525;-0,0146;0,9907;0,9922;9,2192
-0,0481;-0,0129;0,9972;0,9985;9,2760
-0,0549;-0,0146;1,0073;1,0089;9,3359
-0,0486;-0,0090;1,0085;1,0097;9,3955
-0,0693;-0,0247;0,9831;0,9858;9,4566
-0,0444;-0,0232;0,9758;0,9771;9,5171
-0,2494;-0,0420;0,7481;0,7897;9,5760
-0,4386;-0,1479;1,5632;1,6303;9,6356
0,0486;-0,0620;0,9648;0,9680;9,6967
0,0273;-0,0481;1,0490;1,0504;9,7561
0,0303;-0,0234;0,9741;0,9748;9,8156
0,0410;-0,0159;1,0004;1,0014;9,8774
0,0356;-0,0198;1,0314;1,0322;9,9360
0,0305;-0,0034;1,0217;1,0221;9,9953
-0,0310;0,0513;1,0658;1,0675;10,0560
0,0161;-0,0281;1,3231;1,3235;10,1170
-0,2611;0,0654;0,8435;0,8854;10,1756
0,0151;-0,0369;0,9765;0,9773;10,2350
-0,0283;-0,0115;0,9968;0,9972;10,2967
0,0115;-0,0002;1,0075;1,0076;10,3581
-0,0122;-0,0095;1,0014;1,0015;10,4149
0,0124;-0,0015;0,9916;0,9917;10,4757
-0,0005;-0,0095;0,9763;0,9763;10,5357
0,0085;-0,0046;0,9140;0,9141;10,5964
-0,0183;-0,0137;0,5589;0,5594;10,6554
-0,0859;-0,0405;0,9963;1,0008;10,7223
0,1535;-0,0771;1,0295;1,0437;10,7756
0,0988;-0,0434;1,0370;1,0426;10,8349
0,0847;-0,0266;0,9907;0,9946;10,8950
0,0805;-0,0159;0,9992;1,0026;10,9548
0,0737;-0,0176;1,0800;1,0826;11,0155
0,0508;0,0093;1,0151;1,0164;11,0755
0,0037;-0,0005;1,0522;1,0522;11,1389
0,1301;-0,0146;1,2433;1,2501;11,1951
0,1816;0,0020;0,4752;0,5087;11,2553
0,0168;0,0090;1,0270;1,0272;11,3161
0,0300;0,0081;0,9946;0,9950;11,3757
0,0286;0,0124;1,0173;1,0177;11,4363
0,0085;0,0081;0,9941;0,9941;11,4964
0,0415;0,0083;0,9416;0,9426;11,5553
0,0073;-0,0124;0,8882;0,8883;11,6161
0,2934;-0,0459;-0,1913;0,3532;11,6762
-0,1047;-0,0713;1,2477;1,2541;11,7361
0,1030;-0,0295;1,0473;1,0527;11,7962
0,0608;-0,0227;1,0204;1,0225;11,8605
0,0757;-0,0137;0,9904;0,9934;11,9169
0,0720;-0,0151;0,9904;0,9931;11,9765
0,0864;-0,0037;1,0380;1,0416;12,0362
0,0449;-0,0088;1,0668;1,0678;12,1010
0,0527;0,0242;1,1117;1,1132;12,1581
0,1586;-0,0574;1,4253;1,4353;12,2167
0,0227;0,0081;0,8420;0,8424;12,2759
-0,0452;-0,0059;1,0055;1,0066;12,3397
-0,0059;-0,0049;1,0234;1,0234;12,3956
-0,0259;-0,0056;1,0204;1,0208;12,4559
-0,0381;-0,0049;0,9985;0,9992;12,5158
-0,0430;-0,0039;0,9907;0,9916;12,5764
-0,0127;0,0073;0,8440;0,8441;12,6362
-0,0303;0,0598;1,6877;1,6890;12,6965
0,1933;0,0259;1,0763;1,0939;12,7566
0,0759;0,0037;0,9963;0,9992;12,8162
0,0576;0,0139;0,9497;0,9515;12,8759
0,0840;0,0093;1,0087;1,0122;12,9358
0,0822;0,0085;1,0073;1,0106;13,0009
0,0815;0,0139;1,0095;1,0128;13,0558
0,0259;0,0083;1,0878;1,0881;13,1158
-0,5255;0,1394;0,6072;0,8150;13,1753
0,2607;0,0945;0,8008;0,8474;13,2361
-0,0810;-0,0027;0,9855;0,9889;13,2979
-0,0305;-0,0032;1,0036;1,0041;13,3556
-0,0183;-0,0041;1,0121;1,0123;13,4157
-0,0212;-0,0034;0,9907;0,9909;13,4772
-0,0105;-0,0012;1,0007;1,0007;13,5370
-0,0044;-0,0015;1,0009;1,0009;13,5957
-0,0093;-0,0054;1,0231;1,0232;13,6558
0,0034;-0,0007;1,0014;1,0014;13,7155
-0,0083;-0,0059;0,9936;0,9936;13,7760
-0,0115;0,0247;0,6526;0,6532;13,8354
0,0556;-0,0998;2,3740;2,3768;13,8952
0,1767;-0,1289;1,1654;1,1858;13,9575
-0,0432;-0,0183;0,9924;0,9935;14,0156
-0,0232;-0,0007;0,9506;0,9509;14,0759
-0,0005;-0,0071;1,0414;1,0414;14,1404
0,0185;-0,0110;1,0219;1,0221;14,1967
0,1001;-0,0185;1,1437;1,1482;14,2582
0,1464;-0,0078;1,6243;1,6309;14,3168
-0,1174;-0,1203;-0,1691;0,2385;14,3773
-0,1125;0,0032;0,8481;0,8556;14,4352
-0,0862;-0,0098;1,0375;1,0411;14,4954
-0,0576;-0,0078;1,0395;1,0411;14,5560
-0,0696;-0,0061;0,9792;0,9817;14,6213
-0,0801;-0,0085;0,9907;0,9939;14,6757
-0,0283;0,0020;0,9902;0,9906;14,7356
-0,0178;-0,0268;0,8828;0,8834;14,7954
-0,1782;-0,0400;0,5347;0,5651;14,8565
0,2177;-0,1535;1,1962;1,2255;14,9151
0,0964;-0,0159;1,0324;1,0370;14,9778
0,0220;-0,0132;0,9631;0,9634;15,0359
0,0100;-0,0283;0,9743;0,9748;15,0962
0,0500;-0,0264;0,9931;0,9947;15,1552
0,0532;-0,0242;1,0214;1,0231;15,2153
0,0984;-0,0232;1,4175;1,4211;15,2755
0,0473;-0,0459;1,1781;1,1799;15,3347
-0,0229;0,0105;0,7019;0,7024;15,3954
-0,1899;-0,0220;0,9863;1,0046;15,4553
-0,0793;0,0049;1,0331;1,0362;15,5166
-0,1115;-0,0054;1,0097;1,0159;15,5768
-0,1010;-0,0020;0,9963;1,0014;15,6360
-0,0952;-0,0020;0,9914;0,9960;15,6961
-0,0991;-0,0027;0,9904;0,9954;15,7561
-0,1040;-0,0041;0,9909;0,9964;15,8173
-0,0908;-0,0024;1,0092;1,0133;15,8770
-0,0835;-0,0029;0,9872;0,9908;15,9364
-0,1579;0,0173;0,6988;0,7166;15,9960
-0,9338;0,2114;2,6654;2,8322;16,0573
0,1045;-0,0481;1,1798;1,1854;16,1157
-0,0120;-0,0273;0,9907;0,9911;16,1760
-0,0525;-0,0264;0,9731;0,9749;16,2404
-0,0334;-0,0325;0,9972;0,9983;16,2961
-0,0173;-0,0312;1,0073;1,0079;16,3568
0,0024;-0,0256;1,0168;1,0171;16,4200
0,0622;-0,0383;1,5061;1,5079;16,4775
-0,2094;-0,0591;1,2994;1,3175;16,5360
-0,1928;-0,0229;0,9082;0,9287;16,5967
-0,1328;-0,0105;0,9850;0,9940;16,6554
-0,0769;-0,0071;1,0226;1,0255;16,7162
-0,0940;-0,0093;1,0041;1,0085;16,7793
-0,1059;-0,0059;0,9897;0,9954;16,8365
-0,1035;-0,0105;1,0002;1,0056;16,8956
-0,1074;-0,0129;0,9824;0,9883;16,9563
-0,1008;-0,0107;0,9797;0,9849;17,0159
-0,0954;-0,0122;0,9907;0,9953;17,0758
0,0966;-0,0981;0,4300;0,4516;17,1355
-0,0730;-0,1716;1,7363;1,7463;17,2023
0,1691;0,0095;1,0678;1,0811;17,2555
-0,0332;-0,0273;0,9687;0,9696;17,3163
-0,0220;-0,0249;0,9658;0,9663;17,3792
0,0002;-0,0327;1,0073;1,0078;17,4355
0,0088;-0,0288;1,0219;1,0223;17,4959
-0,0151;-0,0146;1,0700;1,0702;17,5645
-0,7832;0,1623;0,7256;1,0799;17,6168
0,3261;0,1974;0,8076;0,8931;17,6757
-0,1838;0,0039;0,8916;0,9103;17,7352
-0,1608;-0,0117;1,0314;1,0439;17,7996
-0,1381;-0,0078;1,0073;1,0167;17,8552
-0,1533;-0,0073;0,9870;0,9989;17,9157
-0,1438;-0,0100;0,9641;0,9748;17,9760
-0,1247;-0,0034;0,9931;1,0009;18,0355
-0,1015;0,0085;0,9860;0,9913;18,0956
0,0261;0,0305;0,4388;0,4407;18,1612
-0,0686;-0,1325;1,7033;1,7099;18,2161
0,0369;-0,0373;1,0605;1,0618;18,2772
-0,0159;-0,0251;0,9868;0,9872;18,3412
-0,0310;-0,0264;0,9902;0,9910;18,3955
-0,0146;-0,0283;0,9931;0,9936;18,4561
0,0317;-0,0229;1,0175;1,0183;18,5164
0,0200;-0,0200;1,0775;1,0779;18,5752
0,0085;-0,0298;1,5161;1,5164;18,6362
-1,5913;0,1735;-5,0285;5,2771;18,6973
-0,1499;-0,0046;0,8564;0,8694;18,7550
-0,1172;-0,0039;1,0292;1,0359;18,8153
-0,1145;-0,0120;1,0121;1,0187;18,8749
-0,1159;-0,0068;0,9904;0,9972;18,9405
-0,1206;-0,0063;0,9743;0,9818;18,9957
-0,1208;-0,0073;0,9919;0,9992;19,0561
-0,0676;0,0029;0,9445;0,9470;19,1174
0,1032;0,0754;0,2131;0,2485;19,1748
-0,3776;-0,1706;1,5647;1,6186;19,2357
0,1325;0,0093;1,0407;1,0491;19,2949
-0,0337;-0,0071;0,9777;0,9783;19,3561
-0,0530;-0,0046;0,9760;0,9775;19,4146
-0,0173;-0,0007;1,0051;1,0052;19,4754
0,0876;0,0020;1,1181;1,1215;19,5353
0,0447;-0,0105;1,4578;1,4585;19,5953
0,0476;-0,0295;1,7089;1,7099;19,6555
-0,0454;0,0744;0,9026;0,9068;19,7155
-0,0801;-0,0007;0,9709;0,9742;19,7783
-0,0674;-0,0078;1,0273;1,0295;19,8353
-0,0957;-0,0120;1,0014;1,0060;19,8967
-0,0913;-0,0103;1,0063;1,0105;19,9593
-0,0935;-0,0112;0,9929;0,9973;20,0183
-0,0796;-0,0105;0,9892;0,9924;20,0754
-0,0830;0,0693;0,9011;0,9076;20,1352
0,2724;-0,0344;-0,3197;0,4214;20,1952
0,1145;-0,0610;1,4117;1,4176;20,2639
-0,0288;-0,0434;0,9924;0,9937;20,3148
-0,0535;-0,0249;1,0055;1,0073;20,3812
-0,0493;-0,0300;1,0378;1,0394;20,4352
-0,0076;-0,0215;1,0331;1,0334;20,4949
0,0212;0,0295;1,2159;1,2165;20,5591
-0,0581;0,1887;1,0409;1,0595;20,6149
0,1525;0,0918;0,7371;0,7583;20,6757
-0,1196;-0,0090;0,9399;0,9475;20,7353
-0,0984;-0,0193;1,0407;1,0455;20,7965
-0,0913;-0,0156;1,0116;1,0159;20,8556
-0,0976;-0,0112;0,9982;1,0031;20,9154
-0,1010;-0,0146;0,9907;0,9959;20,9751
-0,0657;0,0110;0,9985;1,0007;21,0356
-0,1948;0,0205;0,8450;0,8674;21,0950
-0,5077;-0,0461;1,1388;1,2477;21,1550
0,0342;0,0205;1,0458;1,0466;21,2167
-0,0517;-0,0415;0,9977;0,9999;21,2752
-0,0708;-0,0073;0,9899;0,9925;21,3352
-0,0547;-0,0078;0,9670;0,9686;21,3963
-0,0083;-0,0132;1,0358;1,0359;21,4551
-0,0134;-0,0063;1,0551;1,0552;21,5146
-0,1660;0,0593;1,6201;1,6297;21,5755
0,1542;0,0403;0,4581;0,4851;21,6348
-0,1460;-0,0090;0,9274;0,9389;21,6944
-0,0847;-0,0142;1,0634;1,0669;21,7560
-0,0854;-0,0127;1,0126;1,0163;21,8148
-0,1013;-0,0122;0,9826;0,9879;21,8755
-0,0898;-0,0085;0,9872;0,9914;21,9432
-0,0752;-0,0071;1,0002;1,0030;21,9950
-0,0229;-0,0073;0,9531;0,9534;22,0552
-0,0522;-0,0388;0,4027;0,4079;22,1185
-0,0639;-0,0949;1,4964;1,5007;22,1747
0,0137;-0,0225;1,0976;1,0979;22,2369
0,0678;-0,0007;0,9833;0,9857;22,2952
-0,0151;-0,0098;0,9626;0,9628;22,3548
-0,0212;-0,0203;1,0190;1,0194;22,4142
-0,0066;-0,0205;1,0107;1,0109;22,4751
0,0283;-0,0098;1,0668;1,0672;22,5356
0,0098;-0,0081;1,4019;1,4020;22,5952
-0,0461;0,0910;1,2716;1,2757;22,6568
-0,0676;0,0718;0,8894;0,8948;22,7156
-0,0559;0,0005;0,9907;0,9922;22,7753
-0,0691;-0,0115;1,0453;1,0477;22,8364
-0,0369;0,0032;0,9670;0,9677;22,8968
-0,0554;0,0012;0,9941;0,9956;22,9559
-0,0420;0,0015;1,0075;1,0084;23,0156
-0,0535;0,0015;0,9848;0,9863;23,0753
-0,2287;0,0764;0,7891;0,8251;23,1426
-0,5474;-0,0835;1,6430;1,7339;23,1952
0,0818;-0,0210;1,1010;1,1042;23,2554
0,0139;-0,0229;0,9992;0,9996;23,3161
-0,0278;-0,0185;0,9741;0,9746;23,3753
0,0051;-0,0112;1,0012;1,0012;23,4352
0,0073;-0,0244;1,0375;1,0378;23,4960
-0,1462;0,0686;1,3843;1,3937;23,5555
0,4579;0,0178;2,1260;2,1749;23,6158
-0,1965;-0,0366;0,8340;0,8576;23,6759
-0,1242;-0,0022;1,0192;1,0268;23,7348
-0,1023;-0,0149;1,0268;1,0320;23,7980
-0,0993;-0,0051;0,9743;0,9794;23,8552
-0,1064;-0,0054;0,9907;0,9964;23,9157
-0,0888;-0,0022;0,9907;0,9946;23,9764
-0,0869;0,0005;0,9951;0,9988;24,0362
-0,0903;0,0193;0,7769;0,7823;24,0952
0,2101;-0,0979;0,4608;0,5158;24,1553
-0,1086;-0,0708;1,0851;1,0928;24,2167
0,0085;-0,0151;1,0534;1,0535;24,2767
-0,0664;-0,0156;0,9897;0,9920;24,3364
-0,0761;-0,0110;0,9514;0,9545;24,3964
-0,0449;-0,0168;1,0202;1,0213;24,4551
-0,0117;-0,0083;1,1103;1,1103;24,5142
-0,0722;0,0547;1,6740;1,6765;24,5747
0,0564;0,2092;-0,8332;0,8609;24,6364
-0,1701;0,0034;0,8950;0,9110;24,6950
-0,1167;-0,0007;0,9828;0,9897;24,7552
-0,1272;-0,0127;0,9907;0,9989;24,8153
-0,1381;-0,0127;0,9663;0,9762;24,8756
-0,1347;-0,0115;0,9907;0,9998;24,9349
-0,1223;-0,0024;1,0075;1,0149;24,9958
-0,0884;0,0088;0,9658;0,9698;25,0552
-0,0561;0,0164;0,8625;0,8645;25,1146
-0,4562;-0,2026;1,5408;1,6196;25,1753
-0,0205;0,0054;1,1051;1,1053;25,2382
-0,0622;0,0034;0,9907;0,9926;25,2943
-0,0359;0,0056;1,0119;1,0125;25,3544
-0,0498;-0,0034;1,0285;1,0297;25,4148
-0,0452;0,0063;1,0231;1,0241;25,4748
-0,0574;0,0332;1,2867;1,2884;25,5403
-0,0369;-0,1686;0,8357;0,8533;25,5951
-0,1416;-0,0473;0,9165;0,9285;25,6556
-0,1430;-0,0139;1,0097;1,0199;25,7148
-0,1279;-0,0317;1,0048;1,0134;25,7755
-0,0996;-0,0161;0,9682;0,9734;25,8354
-0,1108;-0,0185;0,9899;0,9963;25,8959
-0,1001;-0,0149;1,0063;1,0114;25,9548
-0,1035;-0,0193;0,9929;0,9984;26,0159
-0,0896;-0,0190;0,9868;0,9910;26,0769
-0,0249;0,0244;0,9516;0,9522;26,1347
-0,2294;-0,1093;1,7087;1,7275;26,1948
0,3292;0,1359;1,7824;1,8176;26,2542
0,0420;0,0012;1,0375;1,0384;26,3145
-0,0037;0,0002;0,9960;0,9960;26,3748
-0,0337;0,0010;1,0116;1,0122;26,4348
-0,0437;0,0188;0,9728;0,9740;26,4945
0,0478;0,0090;1,3841;1,3849;26,5549
-0,1067;-0,0740;0,9614;0,9701;26,6142
-0,0949;0,0822;0,5811;0,5945;26,6741
-0,1198;-0,0127;0,9526;0,9602;26,7345
-0,1208;-0,0166;0,9894;0,9969;26,7962
-0,0879;-0,0103;0,9675;0,9715;26,8547
-0,0991;-0,0144;0,9843;0,9894;26,9143
-0,1076;-0,0149;1,0077;1,0136;26,9746
-0,1152;-0,0181;0,9909;0,9977;27,0345
-0,1030;0,0210;0,9890;0,9945;27,0948
-0,0469;0,0254;0,3727;0,3765;27,1570
-0,1940;-0,1054;2,2276;2,2385;27,2201
-0,0322;-0,0530;1,1034;1,1052;27,2751
-0,0098;-0,0576;1,0478;1,0494;27,3373
-0,0500;-0,0339;0,9623;0,9642;27,3944
-0,0779;-0,0303;1,0219;1,0253;27,4553
-0,0893;-0,0142;1,0500;1,0539;27,5142
-0,2109;-0,0286;0,9379;0,9618;27,5742
-0,2446;0,1281;-0,0129;0,2764;27,6346
-0,1757;-0,0178;0,8791;0,8967;27,6958
-0,1896;-0,0244;1,0016;1,0197;27,7543
-0,1484;-0,0164;1,0104;1,0214;27,8156
-0,1596;-0,0203;0,9907;1,0036;27,8755
-0,1696;-0,0220;0,9667;0,9818;27,9362
-0,1706;-0,0237;0,9902;1,0050;27,9998
-0,1594;-0,0210;0,9907;1,0036;28,0561
-0,1274;-0,0078;0,9528;0,9613;28,1164
-0,2472;-0,0676;1,0641;1,0946;28,1765
-0,4525;-0,1098;1,2474;1,3315;28,2354
0,0327;0,0503;1,1144;1,1160;28,2963
-0,0542;0,0044;1,0407;1,0421;28,3554
-0,0957;-0,0032;1,0165;1,0210;28,4170
0,0066;-0,0007;1,1600;1,1601;28,4759
-0,1291;0,0234;1,3458;1,3522;28,5356
-0,3546;-0,0969;0,4884;0,6113;28,5983
-0,2094;-0,0247;0,9626;0,9854;28,6562
-0,1389;-0,0046;0,9755;0,9854;28,7157
-0,1164;-0,0144;1,0134;1,0201;28,7764
-0,1323;-0,0122;0,9911;1,0000;28,8371
-0,1584;-0,0139;0,9948;1,0074;28,8954
-0,1462;-0,0107;0,9738;0,9848;28,9564
-0,1508;-0,0171;0,9860;0,9976;29,0155
-0,0947;-0,0012;0,9724;0,9770;29,0760
-0,1979;0,0761;0,8271;0,8539;29,1368
-0,2526;-0,0344;1,4727;1,4946;29,1967
0,0405;-0,0488;0,9914;0,9934;29,2559
-0,0120;-0,0298;1,0334;1,0339;29,3166
-0,0657;-0,0293;0,9902;0,9928;29,3760
-0,0683;-0,0254;0,9907;0,9933;29,4367
0,3358;-0,2211;1,5369;1,5886;29,4959
-0,1225;-0,0444;0,9052;0,9146;29,5562
-0,0722;0,0090;1,5208;1,5225;29,6157
-0,0600;0,0322;0,9526;0,9550;29,6764
-0,1892;-0,0207;0,9899;1,0080;29,7361
-0,1425;-0,0120;1,0090;1,0191;29,7975
-0,1499;-0,0122;0,9821;0,9936;29,8571
-0,1579;-0,0088;0,9868;0,9993;29,9161
-0,1425;-0,0105;0,9907;1,0009;29,9761
-0,1250;-0,0105;0,9843;0,9923;30,0374
-0,0910;0,0129;0,9877;0,9920;30,0956
0,0820;-0,0254;0,0056;0,0860;30,1557
-0,5567;-0,2050;1,8212;1,9154;30,2209
0,1513;-0,0386;1,0558;1,0673;30,2755
-0,0754;-0,0239;0,9951;0,9982;30,3371
-0,0708;-0,0071;0,9902;0,9927;30,3956
-0,0879;-0,0063;1,0480;1,0517;30,4563
-0,1525;0,0132;0,8454;0,8592;30,5158
-0,0761;0,0315;1,1229;1,1260;30,5763
0,3746;-0,0093;1,6696;1,7112;30,6371
-0,1682;-0,0051;0,9052;0,9207;30,6991
-0,1884;-0,0151;0,9479;0,9666;30,7550
-0,1733;-0,0168;0,9772;0,9926;30,8156
-0,1569;-0,0127;0,9809;0,9935;30,8756
-0,1662;-0,0144;0,9926;1,0065;30,9361
-0,1364;-0,0115;0,9794;0,9890;30,9960
-0,0979;-0,0078;0,9748;0,9797;31,0556
-0,0635;0,0017;0,9907;0,9927;31,1159
0,3961;0,0901;-0,1416;0,4302;31,1769
-0,2299;-0,1032;1,2850;1,3095;31,2371
0,1169;-0,0793;1,0663;1,0756;31,2963
-0,0581;-0,0334;1,0019;1,0041;31,3556
-0,0583;-0,0227;0,9643;0,9663;31,4168
-0,0581;-0,0251;1,0097;1,0117;31,4753
0,0603;-0,0491;1,3136;1,3159;31,5354
-0,2160;-0,0007;0,7295;0,7608;31,5954
0,1359;0,0029;1,4122;1,4187;31,6587
-0,0110;0,0300;0,9252;0,9258;31,7161
-0,1359;-0,0068;0,9462;0,9560;31,7757
-0,1398;-0,0093;0,9899;0,9998;31,8355
-0,1347;-0,0007;0,9765;0,9858;31,8993
-0,1479;-0,0012;0,9933;1,0043;31,9568
-0,1508;-0,0059;0,9904;1,0019;32,0153
-0,1357;-0,0068;0,9877;0,9970;32,0746
-0,0881;0,0176;0,9575;0,9617;32,1359
-0,7373;0,1359;0,1003;0,7564;32,1951
-0,1594;-0,0071;1,4820;1,4905;32,2553
0,0039;-0,0442;1,0983;1,0992;32,3169
-0,0898;-0,0227;0,9821;0,9865;32,3760
-0,0920;-0,0098;0,9938;0,9981;32,4352
-0,0971;-0,0124;1,0956;1,1000;32,4957
-0,1132;0,0749;1,2267;1,2342;32,5586
-0,2028;-0,0398;1,4458;1,4605;32,6159
-0,0949;0,0122;0,7739;0,7798;32,6752
-0,1838;0,0046;1,0153;1,0318;32,7364
-0,1533;-0,0022;0,9938;1,0056;32,7962
-0,1618;0,0002;0,9816;0,9949;32,8551
-0,1953;-0,0095;0,9938;1,0129;32,9155
-0,1704;-0,0015;0,9899;1,0045;32,9766
-0,1708;-0,0034;0,9843;0,9990;33,0342
-0,1557;-0,0032;0,9890;1,0011;33,0949
-0,1523;-0,0142;0,9780;0,9899;33,1598
-2,6037;-0,0083;-0,9933;2,7867;33,2184
-0,1264;-0,0237;1,0841;1,0917;33,2755
-0,0381;-0,0237;1,0451;1,0460;33,3353
-0,1142;-0,0107;0,9665;0,9733;33,3949
-0,0974;-0,0110;1,0734;1,0779;33,4549
-0,0373;0,0107;1,1842;1,1848;33,5141
-0,1159;-0,0378;1,0109;1,0182;33,5748
0,1460;0,2314;-1,5491;1,5730;33,6351
-0,1225;0,0732;0,9221;0,9331;33,6951
-0,1071;0,0081;1,0270;1,0326;33,7552
-0,1025;-0,0134;1,0397;1,0448;33,8140
-0,1176;-0,0054;0,9760;0,9831;33,8747
-0,1272;-0,0032;0,9692;0,9775;33,9354
-0,1067;-0,0022;0,9990;1,0046;33,9948
-0,0945;-0,0049;0,9750;0,9796;34,0554
-0,0788;-0,0185;1,0121;1,0154;34,1158
-0,9470;-0,1606;-0,6809;1,1774;34,1764
-0,0552;-0,0200;0,7505;0,7528;34,2347
-0,0049;0,0120;0,9890;0,9890;34,2948
-0,0459;-0,0056;1,0270;1,0281;34,3536
-0,0403;-0,0078;1,0104;1,0113;34,4148
-0,0251;-0,0039;1,1037;1,1040;34,4756
-0,0576;0,0930;1,2784;1,2831;34,5349
-0,2160;-0,0232;0,8762;0,9027;34,5947
-0,1794;0,0083;1,0036;1,0195;34,6546
-0,2082;-0,0190;0,9670;0,9893;34,7151
-0,1245;0,0000;0,9907;0,9984;34,7745
-0,1552;-0,0081;0,9999;1,0119;34,8349
-0,1579;-0,0090;0,9909;1,0034;34,8945
-0,1457;-0,0061;0,9772;0,9881;34,9545
-0,1237;-0,0049;0,9814;0,9892;35,0144
-0,0793;0,0073;0,9536;0,9569;35,0756
0,6551;-0,3432;-1,0600;1,2924;35,1351
-0,3368;-0,0298;1,1483;1,1971;35,1943
0,1391;-0,0305;1,0568;1,0664;35,2548
-0,0012;-0,0124;1,0260;1,0261;35,3146
-0,0439;-0,0164;0,9628;0,9640;35,3737
-0,0415;-0,0173;1,0326;1,0336;35,4349
-0,0466;-0,0083;1,1461;1,1471;35,4959
-0,4164;0,0181;0,8799;0,9736;35,5551
-0,4249;0,0193;-2,6388;2,6729;35,6144
-0,1506;0,0095;0,9160;0,9283;35,6741
-0,1110;-0,0044;1,0031;1,0092;35,7352
-0,1040;-0,0022;0,9980;1,0034;35,7939
-0,1301;-0,0041;0,9907;0,9992;35,8544
-0,1457;-0,0034;0,9694;0,9803;35,9143
-0,1594;0,0032;0,9767;0,9897;35,9738
-0,1413;0,0085;0,9975;1,0075;36,0339
-0,1635;0,0832;1,0258;1,0421;36,0940
-0,0193;0,0813;0,7402;0,7449;36,1551
-0,1015;0,0373;1,1576;1,1626;36,2172
-0,1172;-0,0439;1,0073;1,0150;36,2760
-0,0803;0,0012;1,0051;1,0083;36,3340
-0,1164;-0,0178;0,9907;0,9976;36,3984
-0,0981;-0,0112;1,0151;1,0199;36,4545
-0,0710;-0,0061;1,1046;1,1069;36,5157
-0,7239;0,0949;0,8642;1,1313;36,5738
0,3512;0,1132;0,6292;0,7294;36,6347
-0,2109;-0,0300;0,9479;0,9716;36,6974
-0,1052;-0,0046;0,9926;0,9982;36,7539
-0,1049;-0,0027;1,0312;1,0365;36,8139
-0,1035;0,0002;0,9772;0,9827;36,8787
-0,1062;-0,0034;0,9907;0,9963;36,9341
-0,0959;-0,0010;0,9836;0,9882;36,9954
-0,0752;-0,0002;0,9882;0,9911;37,0544
-0,0866;-0,0056;1,0026;1,0064;37,1160
-0,0293;0,0808;0,6563;0,6619;37,1751
-0,2465;-0,0791;1,3011;1,3266;37,2339
0,1394;0,0278;1,1827;1,1912;37,2944
0,0115;-0,0893;1,0126;1,0166;37,3540
-0,0730;-0,0537;0,9416;0,9460;37,4131
-0,0698;-0,0412;0,9904;0,9937;37,4748
-0,0903;-0,0500;1,0856;1,0905;37,5353
-1,3179;0,0234;-0,0788;1,3205;37,5947
-0,7390;0,0227;-0,2409;0,7776;37,6547
-0,2531;-0,0129;0,8630;0,8995;37,7143
-0,1911;0,0083;1,0221;1,0399;37,7745
-0,1677;0,0027;0,9990;1,0129;37,8341
-0,1579;0,0054;0,9609;0,9738;37,8943
-0,1484;0,0076;0,9636;0,9750;37,9540
-0,1438;0,0078;0,9909;1,0013;38,0144
-0,1233;0,0046;0,9907;0,9983;38,0750
-0,0649;0,0410;0,6739;0,6782;38,1339
-0,2882;-0,0730;1,3482;1,3806;38,1934
0,0869;-0,0747;1,0732;1,0793;38,2557
0,0164;-0,0107;0,9838;0,9840;38,3136
-0,0718;-0,0181;0,9731;0,9759;38,3738
-0,0769;-0,0142;0,9907;0,9937;38,4337
-0,0732;-0,0127;1,0485;1,0511;38,4975
-0,0456;-0,0037;1,5308;1,5315;38,5546
-0,3666;0,0085;0,7505;0,8353;38,6139
-0,1804;0,0085;0,8396;0,8588;38,6732
-0,1572;0,0085;0,9792;0,9918;38,7366
-0,1530;0,0027;1,0019;1,0135;38,7942
-0,1550;0,0063;0,9907;1,0027;38,8541
-0,1499;0,0095;0,9787;0,9902;38,9150
-0,1533;0,0085;0,9863;0,9981;38,9738
-0,1362;0,0093;0,9907;1,0000;39,0343
-0,1218;0,0093;0,9792;0,9868;39,0937
-0,0727;0,0298;0,9399;0,9432;39,1547
-0,1384;0,2145;1,1696;1,1971;39,2187
0,2182;-0,0742;1,6850;1,7007;39,2732
-0,0991;-0,0505;1,0307;1,0367;39,3349
-0,0674;-0,0295;1,0026;1,0053;39,3934
-0,0710;-0,0281;0,9846;0,9875;39,4570
-0,0805;-0,0259;1,0275;1,0310;39,5140
-0,1296;0,0237;1,1676;1,1750;39,5786
-0,2702;-0,0310;1,6823;1,7042;39,6332
-0,0654;-0,0061;0,7354;0,7383;39,6945
-0,1652;0,0066;0,9592;0,9733;39,7536
-0,1245;0,0100;0,9907;0,9985;39,8131
-0,1435;0,0046;1,0073;1,0174;39,8732
-0,1496;0,0061;0,9821;0,9935;39,9386
-0,1193;0,0085;0,9894;0,9966;39,9944
-0,0771;0,0090;0,9492;0,9523;40,0545
-0,0864;-0,0683;0,5589;0,5697;40,1157
-0,3729;-0,0803;2,3660;2,3965;40,1750
0,1340;-0,0181;1,0453;1,0540;40,2347
-0,0493;-0,0535;0,9689;0,9717;40,2941
-0,0654;-0,0395;0,9575;0,9605;40,3561
-0,0657;-0,0339;1,0456;1,0482;40,4151
-0,0674;-0,0081;1,0321;1,0344;40,4742
-0,0737;0,0752;1,2572;1,2616;40,5348
-0,2565;0,0229;0,8681;0,9055;40,5956
-0,0891;0,0600;0,9182;0,9244;40,6551
-0,1625;0,0090;0,9999;1,0131;40,7144
-0,1616;0,0081;0,9572;0,9708;40,7742
-0,1560;0,0146;0,9592;0,9719;40,8380
-0,1499;0,0149;0,9609;0,9726;40,8935
-0,1369;0,0105;0,9931;1,0025;40,9542
-0,1154;0,0251;0,9775;0,9846;41,0137
-0,0884;0,0290;0,9621;0,9666;41,0757
-0,8332;0,2392;2,0355;2,2124;41,1362
0,0754;-0,0835;1,3167;1,3215;41,1942
-0,0322;-0,0159;1,0321;1,0328;41,2543
-0,0398;-0,0046;1,0090;1,0098;41,3156
-0,0542;-0,0171;1,0422;1,0437;41,3739
-0,0825;0,0120;1,1183;1,1214;41,4349
-0,2226;-0,0566;1,2840;1,3044;41,4939
0,1123;0,0786;0,7344;0,7471;41,5539
-0,2233;-0,0059;0,9831;1,0082;41,6149
-0,1445;0,0085;0,9755;0,9862;41,6741
-0,1604;0,0027;0,9909;1,0038;41,7339
-0,1611;0,0090;0,9667;0,9801;41,7980
-0,1594;0,0090;0,9750;0,9880;41,8549
-0,1477;0,0020;0,9887;0,9997;41,9146
-0,1110;0,0010;0,9162;0,9229;41,9738
0,0276;0,0283;0,4654;0,4671;42,0341
-0,1491;-0,1269;2,0680;2,0772;42,0951
0,1550;0,0117;1,0744;1,0856;42,1542
-0,0310;-0,0188;1,0065;1,0072;42,2141
-0,0678;-0,0120;0,9899;0,9923;42,2745
-0,0610;-0,0088;1,0180;1,0199;42,3339
0,1718;-0,0976;1,4288;1,4424;42,3938
-0,1284;-0,0127;1,3829;1,3889;42,4588
-0,5501;0,1284;0,3356;0,6571;42,5133
-0,2287;0,0027;0,9743;1,0008;42,5748
-0,1667;0,0146;0,9924;1,0064;42,6338
-0,1481;0,0085;1,0202;1,0309;42,6940
-0,1438;0,0112;0,9558;0,9666;42,7541
-0,1494;0,0144;0,9599;0,9716;42,8137
-0,1220;0,0198;0,9824;0,9901;42,8742
-0,0991;0,0310;0,9909;0,9963;42,9331
-0,0703;0,0181;0,9855;0,9882;42,9944
0,0283;-0,0032;0,4181;0,4191;43,0540
-0,3478;-0,1726;1,8156;1,8566;43,1133
0,1069;-0,0591;0,9877;0,9953;43,1730
-0,0200;-0,0183;0,9684;0,9688;43,2387
-0,0759;-0,0198;0,9643;0,9675;43,2935
-0,0420;-0,0146;0,9987;0,9997;43,3529
0,0122;-0,0312;1,0951;1,0956;43,4125
-0,0261;-0,0647;1,1137;1,1158;43,4734
-0,0620;0,0310;1,1171;1,1192;43,5331
0,0517;-0,0310;1,1693;1,1709;43,5934
0,0398;0,0300;0,8637;0,8652;43,6525
-0,1008;0,0159;0,9758;0,9811;43,7176
-0,1118;-0,0122;0,9907;0,9970;43,7728
-0,0757;0,0071;0,9804;0,9833;43,8326
-0,0898;0,0085;0,9907;0,9948;43,8932
-0,0730;0,0081;0,9885;0,9912;43,9525
-0,0298;-0,0024;0,9860;0,9865;44,0128
-0,0632;0,0242;1,0007;1,0030;44,0748
0,0810;0,0827;0,5799;0,5913;44,1331
-0,4859;0,0730;1,4568;1,5375;44,1941
0,1472;-0,1025;1,2416;1,2544;44,2536
-0,0103;-0,0347;1,0390;1,0396;44,3155
-0,0481;-0,0210;0,9665;0,9679;44,3783
-0,0259;-0,0166;0,9855;0,9860;44,4335
0,0298;-0,0866;1,0138;1,0180;44,4943
-0,0876;-0,0171;1,2511;1,2543;44,5527
-0,0488;-0,2131;1,4241;1,4408;44,6152
0,1528;0,0293;0,7312;0,7476;44,6733
-0,0688;0,0156;0,9418;0,9445;44,7335
-0,0569;0,0112;0,9711;0,9729;44,7930
-0,0603;0,0098;1,0187;1,0206;44,8574
-0,0786;0,0046;1,0002;1,0033;44,9134
-0,0659;0,0073;0,9907;0,9929;44,9730
-0,0312;0,0105;0,9946;0,9951;45,0330
0,0176;0,0286;0,9770;0,9776;45,0926
0,1023;-0,0247;0,4627;0,4746;45,1540
-0,3624;0,0844;1,1564;1,2148;45,2143
0,0986;-0,0193;1,1024;1,1070;45,2740
0,0166;-0,0059;0,9885;0,9886;45,3353
-0,0193;-0,0098;0,9645;0,9648;45,3926
-0,0408;-0,0012;1,0099;1,0108;45,4529
0,0112;-0,0124;1,1083;1,1084;45,5133
-0,0893;0,0427;1,0919;1,0964;45,5745
-0,0156;-0,1013;1,1478;1,1524;45,6333
0,0981;0,1206;0,7939;0,8090;45,6925
-0,0837;0,0261;1,0016;1,0055;45,7529
-0,0896;-0,0071;1,0407;1,0446;45,8171
-0,0691;0,0085;0,9816;0,9841;45,8741
-0,0622;0,0124;0,9850;0,9871;45,9342
-0,0476;0,0088;0,9904;0,9916;45,9934
-0,0254;0,0059;1,0034;1,0037;46,0535
0,0215;0,0093;0,9904;0,9907;46,1151
-0,3190;-0,0759;0,1418;0,3572;46,1733
-0,0761;-0,0237;0,7983;0,8023;46,2372
0,0088;-0,0073;1,0832;1,0832;46,2930
-0,0308;0,0056;0,9540;0,9546;46,3561
-0,0617;0,0085;0,9907;0,9926;46,4172
-0,0398;0,0107;0,9467;0,9476;46,4727
-0,0334;-0,0127;1,0419;1,0425;46,5330
0,0813;-0,0866;1,1759;1,1819;46,5982
-0,0791;-0,1887;1,0832;1,1023;46,6537
-0,2255;0,0083;0,6302;0,6694;46,7128
-0,0459;0,0481;0,9177;0,9201;46,7721
-0,0691;0,0085;1,0280;1,0304;46,8329
-0,0373;0,0144;0,9904;0,9912;46,8924
-0,0664;0,0071;0,9809;0,9832;46,9530
-0,0515;0,0085;0,9948;0,9962;47,0128
-0,0068;0,0085;0,9858;0,9858;47,0730
0,0608;0,0637;0,4181;0,4273;47,1327
-0,2206;-0,2172;1,7456;1,7728;47,1934
0,0791;-0,0974;1,1342;1,1411;47,2540
-0,0439;-0,0134;0,9787;0,9798;47,3129
-0,0456;-0,0044;0,9907;0,9917;47,3740
-0,0222;-0,0071;0,9602;0,9604;47,4324
-0,0095;-0,0071;1,0126;1,0127;47,4922
-0,0349;-0,0078;1,0712;1,0718;47,5524
-0,0779;0,0454;1,0331;1,0370;47,6126
-0,1330;-0,0884;1,1295;1,1408;47,6731
-0,3063;-0,0603;-0,0427;0,3151;47,7338
-0,1342;0,0088;0,9860;0,9952;47,7922
-0,0905;0,0122;1,0434;1,0474;47,8526
-0,1123;0,0032;0,9914;0,9977;47,9127
-0,1125;0,0073;0,9548;0,9614;47,9766
-0,0898;0,0100;0,9760;0,9802;48,0329
-0,0666;0,0093;0,9929;0,9951;48,0923
-0,0173;0,0391;0,8415;0,8426;48,1525
-0,0615;-0,0378;0,4073;0,4137;48,2127
-0,0991;-0,0295;0,9977;1,0031;48,2739
0,1191;0,0034;1,0758;1,0824;48,3324
-0,0068;-0,0129;0,9899;0,9900;48,3938
-0,0176;-0,0146;1,0131;1,0134;48,4523
0,0007;-0,0151;1,0119;1,0120;48,5122
-0,0095;-0,0176;1,0148;1,0150;48,5727
0,0244;-0,0361;1,2223;1,2231;48,6325
-0,0120;-0,1164;1,2635;1,2689;48,6926
0,1867;0,0923;0,6024;0,6373;48,7563
-0,0935;0,0110;0,9799;0,9844;48,8156
-0,0884;0,0034;1,0329;1,0367;48,8724
-0,0759;0,0085;0,9911;0,9941;48,9319
-0,0564;0,0085;0,9907;0,9923;48,9929
-0,0132;0,0085;0,9914;0,9915;49,0576
0,0581;0,0361;0,8684;0,8711;49,1135
0,4142;-0,0774;-0,1774;0,4572;49,1734
-0,1870;0,0103;1,2108;1,2252;49,2359
0,0293;-0,0146;1,1422;1,1427;49,2925
0,0688;0,0078;1,0095;1,0118;49,3519
0,0095;-0,0090;0,9828;0,9829;49,4130
0,0115;-0,0002;1,0053;1,0054;49,4734
-0,0220;-0,0015;1,0673;1,0675;49,5325
0,0403;0,0085;1,3248;1,3254;49,5921
-0,1440;-0,0735;1,2582;1,2685;49,6518
-0,1608;0,0085;0,8242;0,8398;49,7156
-0,1150;-0,0010;0,9855;0,9922;49,7732
-0,0993;-0,0088;1,0151;1,0200;49,8321
-0,1115;-0,0098;0,9753;0,9817;49,8921
-0,0866;-0,0015;0,9963;1,0000;49,9528
-0,0654;0,0034;0,9929;0,9950;50,0167
-0,0464;0,0068;0,9907;0,9918;50,0734
0,0134;0,0242;0,8557;0,8561;50,1326
-0,2258;0,4144;1,7612;1,8233;50,1920
0,0578;0,0012;1,3292;1,3304;50,2520
0,0361;-0,0334;1,0934;1,0945;50,3117
0,0085;0,0032;0,9894;0,9895;50,3728
0,0105;0,0029;0,9960;0,9961;50,4323
0,0122;0,0085;1,0248;1,0249;50,4944
-0,0139;0,0071;1,0209;1,0210;50,5514
-0,0420;0,0696;1,2403;1,2430;50,6147
-0,0798;-0,0583;1,3765;1,3801;50,6720
-0,0317;-0,0100;0,9299;0,9305;50,7321
-0,0391;0,0085;1,0051;1,0059;50,7933
-0,0415;-0,0051;1,0404;1,0413;50,8519
-0,0613;-0,0081;0,9933;0,9953;50,9115
-0,0481;-0,0044;0,9907;0,9918;50,9729
-0,0322;-0,0002;0,9882;0,9887;51,0327
0,0503;0,0454;0,9526;0,9550;51,0928
-0,0676;-0,0178;0,2780;0,2866;51,1519
0,1272;-0,0249;1,6008;1,6061;51,2119
0,0056;-0,0078;0,9968;0,9968;51,2725
-0,0164;-0,0034;0,9946;0,9947;51,3317
-0,0210;-0,0068;1,0026;1,0029;51,3928
-0,0100;-0,0044;1,0177;1,0178;51,4517
0,0027;0,0049;0,9753;0,9753;51,5139
0,1711;-0,0954;1,4793;1,4922;51,5720
0,1850;0,0171;1,7941;1,8037;51,6338
0,1452;0,0827;0,6680;0,6886;51,6934
-0,1086;0,0112;0,9655;0,9717;51,7518
-0,0696;0,0085;1,0031;1,0056;51,8121
-0,0920;0,0085;0,9985;1,0027;51,8721
-0,1049;0,0085;1,0016;1,0072;51,9317
-0,0769;0,0083;0,9826;0,9856;51,9914
-0,0405;0,0146;0,9946;0,9955;52,0525
0,0608;0,0898;0,2902;0,3098;52,1120
0,2216;0,2624;2,0414;2,0700;52,1716
0,0425;0,0012;1,2740;1,2747;52,2351
0,0085;-0,0093;0,9907;0,9907;52,2918
-0,0415;-0,0051;0,9916;0,9925;52,3517
-0,0193;-0,0022;1,0131;1,0133;52,4118
-0,0264;-0,0034;1,0055;1,0059;52,4728
0,0078;-0,0093;1,1971;1,1972;52,5325
-0,0020;-0,0356;1,3961;1,3965;52,5920
-0,2199;-0,0918;0,2812;0,3686;52,6516
-0,1201;0,0166;0,9409;0,9486;52,7124
-0,1157;0,0085;1,0363;1,0428;52,7719
-0,0925;0,0061;0,9848;0,9892;52,8313
-0,0735;0,0085;0,9636;0,9664;52,8961
-0,0727;0,0054;0,9951;0,9977;52,9514
-0,0142;0,0239;1,0016;1,0020;53,0119
0,1289;0,0625;0,1308;0,1940;53,0738
-0,7283;0,3739;2,7057;2,8268;53,1365
0,0085;-0,0007;1,2787;1,2787;53,1911
0,0034;-0,0532;1,0448;1,0462;53,2523
-0,0317;-0,0088;0,9787;0,9793;53,3141
-0,0159;0,0044;0,9994;0,9996;53,3719
-0,0222;-0,0229;1,1071;1,1075;53,4308
-0,0508;-0,0449;1,1012;1,1033;53,4909
-0,0322;0,0000;1,1718;1,1722;53,5506
0,0286;0,0503;0,6346;0,6372;53,6115
-0,1101;0,0085;0,9450;0,9514;53,6715
-0,0261;0,0127;0,9865;0,9869;53,7311
-0,0771;-0,0039;0,9899;0,9929;53,7914
-0,0329;0,0085;0,9907;0,9912;53,8514
-0,0364;0,0037;0,9960;0,9967;53,9108
0,0088;0,0124;0,9911;0,9913;53,9716
0,0173;0,0200;0,9082;0,9086;54,0350
-0,9167;0,0681;0,9872;1,3489;54,0911
-0,1718;0,0068;0,6739;0,6955;54,1511
-0,0129;-0,0535;1,0370;1,0385;54,2106
0,0183;-0,0495;1,0195;1,0208;54,2710
-0,0103;-0,0561;0,9880;0,9896;54,3356
-0,0249;-0,0613;0,9926;0,9948;54,3932
-0,0154;-0,0493;0,9970;0,9983;54,4518
-0,0207;-0,1003;1,2337;1,2380;54,5115
-0,0254;-0,1445;1,2071;1,2160;54,5747
-0,2843;0,2121;-0,0273;0,3558;54,6322
-0,1023;0,0517;1,0046;1,0111;54,6942
-0,0464;0,0242;1,0097;1,0110;54,7526
-0,0517;0,0185;0,9907;0,9922;54,8109
-0,0298;0,0261;0,9909;0,9917;54,8708
-0,0227;0,0212;1,0007;1,0011;54,9319
-0,0024;0,0173;0,9960;0,9962;54,9956
0,0312;0,0137;0,9111;0,9117;55,0535
-0,2053;-0,0766;0,2814;0,3566;55,1129
-0,3798;-0,1967;1,1337;1,2117;55,1738
0,1296;0,0715;1,0609;1,0712;55,2351
-0,0793;-0,0364;1,0258;1,0295;55,2922
-0,0400;-0,0098;0,9919;0,9927;55,3547
-0,0527;-0,0137;0,9890;0,9904;55,4112
0,0434;-0,0071;1,0929;1,0938;55,4722
-0,0005;0,0017;1,5098;1,5098;55,5355
0,0464;-0,0654;1,3602;1,3625;55,5924
-0,0347;0,0322;0,8742;0,8755;55,6542
-0,0742;0,0032;1,0295;1,0321;55,7117
-0,0227;0,0110;1,0055;1,0059;55,7719
-0,0466;0,0085;0,9911;0,9923;55,8317
-0,0334;0,0085;0,9921;0,9927;55,8917
-0,0027;0,0100;0,9980;0,9980;55,9515
0,0010;-0,0015;1,0058;1,0058;56,0126
-0,0041;-0,0952;0,2243;0,2437;56,0719
-0,1342;-0,1369;1,9862;1,9954;56,1326
0,0181;-0,0596;1,0417;1,0435;56,1918
-0,0412;-0,0356;0,9763;0,9778;56,2547
-0,0351;-0,0386;1,0012;1,0025;56,3122
-0,0234;-0,0322;0,9997;1,0005;56,3760
-0,0486;-0,0249;1,0241;1,0255;56,4313
-0,1352;-0,0288;1,2357;1,2434;56,4918
-0,1015;0,0085;1,0727;1,0775;56,5518
0,0761;0,0598;0,6731;0,6801;56,6110
-0,0901;0,0491;1,0051;1,0103;56,6715
-0,1245;0,0085;1,0363;1,0438;56,7318
-0,0891;0,0193;0,9838;0,9880;56,7915
-0,0820;0,0151;0,9743;0,9779;56,8511
-0,0405;0,0217;0,9882;0,9893;56,9116
0,0286;0,0957;0,8620;0,8678;56,9723
0,0571;-0,0452;0,4357;0,4417;57,0316
-0,1062;-0,2128;1,8451;1,8604;57,0917
0,1662;-0,1491;1,0778;1,1007;57,1513
-0,0083;-0,0659;0,9687;0,9710;57,2143
0,0085;-0,0588;0,9965;0,9983;57,2718
0,0117;-0,0583;1,0246;1,0263;57,3315
-0,0203;-0,0552;1,0519;1,0536;57,3918
-0,4879;0,0576;0,9348;1,0560;57,4546
-0,7266;0,0669;-0,0742;0,7334;57,5118
-0,1289;0,0327;0,9309;0,9403;57,5715
-0,1189;-0,0032;1,0609;1,0676;57,6312
-0,1001;-0,0085;1,0112;1,0161;57,6915
-0,0796;0,0000;0,9663;0,9695;57,7512
-0,0744;0,0034;0,9875;0,9903;57,8111
-0,0439;0,0073;0,9770;0,9780;57,8708
0,0112;0,0071;0,9907;0,9907;57,9314
0,1130;0,0259;0,9067;0,9141;57,9910
0,0176;0,0085;0,8764;0,8767;58,0512
-0,0754;-0,0493;0,7437;0,7491;58,1118
-0,2460;-0,0827;1,1842;1,2123;58,1733
0,1274;0,0124;1,0202;1,0282;58,2311
-0,0237;0,0600;0,8459;0,8484;58,2911
0,0373;-0,1877;0,9907;1,0090;58,3527
0,0093;-0,1225;1,0202;1,0276;58,4107
0,0088;-0,0942;1,0710;1,0751;58,4711
-0,0059;-0,0840;1,0851;1,0884;58,5370
-0,1174;-0,0308;0,9716;0,9792;58,5917
0,0107;-0,1067;1,1644;1,1694;58,6528
-0,0249;0,0315;0,9926;0,9934;58,7110
-0,0718;0,0041;1,0324;1,0349;58,7711
-0,0466;0,0095;0,9794;0,9806;58,8332
-0,0286;0,0139;0,9958;0,9963;58,8916
-0,0012;0,0207;1,0053;1,0055;58,9515
-0,0403;0,1115;0,6548;0,6655;59,0108
-0,1333;-0,0083;1,9149;1,9196;59,0723
0,1528;-0,1542;1,4519;1,4681;59,1335
-0,0222;-0,0491;1,0121;1,0136;59,1909
-0,0517;-0,0334;0,9965;0,9984;59,2530
-0,0491;-0,0386;0,9994;1,0014;59,3121
-0,0293;-0,0322;1,0097;1,0106;59,3721
0,0195;-0,0539;1,2879;1,2892;59,4305
-0,3571;-0,0107;0,9531;1,0178;59,4942
-0,3639;-0,0017;-0,1533;0,3949;59,5524
-0,0364;0,0112;0,9199;0,9207;59,6106
-0,0481;-0,0117;0,9907;0,9919;59,6729
-0,0334;-0,0088;0,9841;0,9847;59,7302
-0,0029;0,0007;0,9907;0,9907;59,7908
-0,0266;0,0007;1,0012;1,0015;59,8510
-0,0027;0,0085;0,9899;0,9900;59,9103
0,0222;0,0073;0,9953;0,9956;59,9723
0,0073;0,0530;0,8457;0,8474;60,0362
-0,0278;-0,0115;1,1649;1,1653;60,0923
-0,0757;-0,0066;1,1630;1,1654;60,1505
0,0129;-0,0832;1,0226;1,0261;60,2105
-0,0249;-0,0461;0,9699;0,9713;60,2707
-0,0395;-0,0439;1,0058;1,0075;60,3321
-0,0373;-0,0369;1,0412;1,0425;60,3910
-0,0403;0,0095;1,4087;1,4093;60,4507
-0,9182;-0,0700;-2,0316;2,2305;60,5119
-0,0068;0,0193;0,9365;0,9367;60,5712
-0,0539;-0,0100;1,0373;1,0387;60,6356
-0,0185;0,0000;0,9850;0,9852;60,6908
-0,0181;0,0002;0,9816;0,9818;60,7528
-0,0229;0,0007;0,9931;0,9934;60,8112
-0,0078;0,0071;1,0014;1,0015;60,8709
0,0649;0,0327;0,9831;0,9858;60,9307
0,0886;0,0176;0,8498;0,8546;60,9904
0,0947;0,0273;-0,0830;0,1288;61,0512
-0,1006;-0,0447;1,1315;1,1368;61,1143
0,0110;-0,0935;1,1276;1,1315;61,1734
-0,0625;-0,0351;0,9841;0,9867;61,2307
-0,0898;-0,0283;0,9916;0,9961;61,2934
-0,0744;-0,0129;1,0419;1,0446;61,3518
-0,1086;-0,0039;0,9941;1,0000;61,4096
-0,0871;0,0095;1,1310;1,1344;61,4706
-0,1723;-0,0229;1,1488;1,1619;61,5307
0,1394;0,2267;2,0465;2,0637;61,5917
-0,1379;0,0134;0,9863;0,9959;61,6513
-0,0483;0,0120;0,9951;0,9963;61,7117
-0,0603;-0,0164;1,0097;1,0116;61,7725
-0,0554;0,0085;0,9907;0,9922;61,8309
-0,0617;0,0093;0,9919;0,9938;61,8907
-0,0356;0,0122;0,9941;0,9948;61,9508
-0,0361;0,0207;0,9955;0,9964;62,0121
-0,0193;0,0359;0,7913;0,7923;62,0710
-0,0932;-0,1686;1,1996;1,2150;62,1321
-0,1291;0,1125;1,2301;1,2420;62,1921
-0,0115;-0,0261;0,9479;0,9484;62,2520
-0,0564;-0,0110;0,9309;0,9326;62,3113
-0,0830;-0,0256;1,0124;1,0161;62,3734
-0,0537;-0,0120;1,0077;1,0092;62,4332
-0,0744;0,0100;1,3075;1,3096;62,4915
-0,3497;0,0469;0,8874;0,9550;62,5510
-0,0266;0,0303;0,9533;0,9542;62,6126
-0,0988;0,0015;1,0451;1,0498;62,6707
-0,0617;-0,0012;0,9914;0,9933;62,7341
-0,0647;0,0049;0,9836;0,9857;62,7925
-0,0639;0,0027;0,9975;0,9995;62,8512
-0,0339;0,0081;0,9936;0,9942;62,9118
-0,0344;0,0022;0,9926;0,9932;62,9711
-0,0027;0,0098;0,9826;0,9827;63,0306
0,0015;0,0037;0,8342;0,8342;63,0931
-1,8964;0,1320;1,2276;2,2629;63,1526
-0,2424;0,0078;1,2006;1,2248;63,2106
0,1662;-0,0112;0,9663;0,9805;63,2708
-0,0596;-0,0085;1,0239;1,0256;63,3316
-0,0754;0,0012;1,0034;1,0062;63,3906
0,0242;-0,0373;1,1688;1,1697;63,4506
-0,0671;0,0942;1,2953;1,3004;63,5105
-0,9582;-0,1518;-0,1235;0,9780;63,5774
-0,0464;0,0354;0,8176;0,8197;63,6311
-0,1223;0,0176;0,9924;1,0000;63,6916
-0,0998;0,0085;0,9931;0,9981;63,7507
-0,0957;0,0110;0,9921;0,9968;63,8114
-0,1081;0,0076;0,9902;0,9961;63,8714
-0,0884;0,0088;0,9904;0,9944;63,9307
-0,0371;0,0237;0,9816;0,9826;63,9908
-0,0395;0,0283;0,9907;0,9919;64,0521
-0,0483;0,0227;1,3277;1,3288;64,1112
-0,1586;-0,0408;1,3040;1,3143;64,1705
0,0073;-0,0649;1,0746;1,0766;64,2302
-0,0527;-0,0437;1,0204;1,0227;64,2904
-0,1035;-0,0308;0,9904;0,9963;64,3532
-0,1045;-0,0076;1,0419;1,0472;64,4116
-0,0664;-0,0103;1,2618;1,2636;64,4704
-0,0452;-0,0513;1,3726;1,3743;64,5317
0,0771;0,0454;0,7732;0,7784;64,5909
-0,0417;0,0200;0,9821;0,9832;64,6517
-0,0459;0,0059;1,0292;1,0303;64,7112
-0,0227;-0,0017;0,9916;0,9919;64,7715
-0,0405;0,0085;0,9872;0,9881;64,8306
-0,0193;0,0103;0,9824;0,9826;64,8911
0,0259;0,0127;0,9904;0,9908;64,9510
0,0398;0,0415;0,9855;0,9872;65,0124
0,0730;-0,0693;0,8061;0,8124;65,0719
0,0166;-0,0444;1,4922;1,4930;65,1313
0,1172;-0,0766;1,0573;1,0665;65,1925
0,0056;-0,0015;0,9074;0,9075;65,2537
-0,0300;-0,0027;0,9929;0,9933;65,3129
-0,0127;0,0054;1,0563;1,0564;65,3726
-0,0305;0,0105;0,9780;0,9785;65,4314
-0,0437;0,1025;1,4046;1,4090;65,4916
-0,3280;0,0859;0,6824;0,7620;65,5515
-0,0693;0,0417;0,9497;0,9531;65,6115
-0,0498;0,0002;1,0151;1,0163;65,6723
-0,0088;-0,0095;1,0527;1,0527;65,7360
0,0127;0,0137;0,9799;0,9801;65,8055
-0,0161;0,0085;0,9907;0,9908;65,8519
0,0100;0,0183;0,9965;0,9967;65,9115
0,0081;0,0532;0,9160;0,9176;65,9713
0,0637;0,1391;0,9765;0,9884;66,0309
-0,1494;-0,0232;1,1779;1,1875;66,0919
0,0249;-0,1020;1,1732;1,1779;66,1525
-0,0373;0,0085;0,9758;0,9765;66,2117
-0,0776;0,0100;0,9816;0,9847;66,2712
-0,0642;0,0171;0,9943;0,9965;66,3312
0,0124;-0,0139;1,2320;1,2322;66,3931
-0,0683;0,0210;1,1959;1,1981;66,4532
0,0173;0,1096;1,3424;1,3469;66,5113
0,0359;0,0376;0,8415;0,8431;66,5716
-0,0469;0,0185;1,0168;1,0180;66,6306
-0,0171;-0,0066;1,0275;1,0277;66,6912
0,0093;0,0142;0,9770;0,9771;66,7512
0,0034;0,0122;0,9907;0,9907;66,8135
-0,0129;0,0181;1,0024;1,0026;66,8727
0,0303;0,0259;0,9907;0,9915;66,9302
-0,0132;0,0276;0,9314;0,9319;66,9917
-0,1257;-0,0837;1,4195;1,4275;67,0525
-0,0273;-0,0876;1,0617;1,0656;67,1114
0,0742;0,0095;0,9904;0,9932;67,1719
-0,0439;0,0071;1,0021;1,0031;67,2314
-0,0815;0,0088;0,9877;0,9911;67,2912
-0,0090;-0,0083;1,0619;1,0620;67,3534
-0,0222;0,0515;1,1190;1,1204;67,4116
-0,1560;-0,0927;0,5179;0,5488;67,4709
-0,0305;0,0515;0,8130;0,8152;67,5306
-0,0337;0,0347;0,9553;0,9565;67,5907
-0,0286;0,0100;0,9907;0,9911;67,6514
0,0063;0,0132;1,0085;1,0086;67,7107
0,0085;0,0161;0,9885;0,9886;67,7717
0,0063;0,0139;1,0124;1,0125;67,8311
-0,0007;0,0093;0,9831;0,9831;67,8918
0,0122;0,0056;0,9907;0,9907;67,9509
0,0066;-0,0222;1,0077;1,0080;68,0107
0,0657;0,0085;1,0519;1,0540;68,0702
-0,0527;-0,0249;0,8730;0,8750;68,1318
0,1779;-0,0974;1,5142;1,5277;68,1914
0,1316;-0,1181;1,1949;1,2079;68,2549
0,1406;-0,0666;1,0063;1,0182;68,3106
0,1223;-0,0532;0,9963;1,0052;68,3732
0,0608;-0,0644;1,0221;1,0260;68,4304
0,0757;-0,0427;1,0675;1,0711;68,4904
-0,2421;0,0203;1,0468;1,0746;68,5549
-0,0320;-0,0305;1,1020;1,1028;68,6115
0,0020;-0,0168;1,2174;1,2175;68,6732
0,2363;-0,0925;0,4103;0,4824;68,7312
0,0622;0,0337;0,8828;0,8856;68,7913
0,0137;0,0185;0,9682;0,9685;68,8503
0,0088;0,0115;1,0241;1,0242;68,9105
0,0539;0,0207;0,9968;0,9984;68,9707
0,0708;0,0059;0,9450;0,9477;69,0315
0,0183;0,0029;1,0505;1,0506;69,0909
0,1674;0,0117;0,9382;0,9531;69,1502
0,1418;-0,1650;-0,0124;0,2179;69,2109
0,1577;0,0613;1,5979;1,6068;69,2792
0,3051;-0,0452;0,9916;1,0385;69,3301
0,1391;-0,0254;0,9543;0,9647;69,3909
0,1174;-0,0320;0,9899;0,9974;69,4513
0,1081;-0,0361;1,0141;1,0205;69,5109
0,1086;-0,0488;0,9633;0,9707;69,5701
0,0361;-0,0222;1,0365;1,0374;69,6318
0,0647;-0,0393;1,2799;1,2821;69,6919
0,0801;-0,0415;0,8315;0,8364;69,7509
-0,0164;0,0129;0,9399;0,9401;69,8104
0,0090;-0,0010;1,0309;1,0310;69,8733
0,0120;0,0012;0,9955;0,9956;69,9305
0,0037;-0,0017;0,9885;0,9885;69,9908
0,0495;0,0051;0,9833;0,9846;70,0504
0,0996;-0,0740;0,5518;0,5656;70,1105
0,2033;-0,0393;2,0084;2,0191;70,1717
0,2238;-0,0752;1,0529;1,0790;70,2313
0,1015;-0,0513;0,9911;0,9977;70,2906
0,0696;-0,0486;0,9924;0,9960;70,3528
0,0769;-0,0366;1,0121;1,0157;70,4103
0,0661;-0,0264;1,0038;1,0064;70,4711
0,0979;-0,0947;1,1840;1,1918;70,5312
-0,0215;-0,0481;1,1766;1,1778;70,5932
-0,1840;0,1264;-0,5701;0,6123;70,6516
0,0090;0,0173;0,8730;0,8732;70,7109
-0,0596;-0,0183;1,0231;1,0250;70,7710
-0,0029;-0,0071;1,0053;1,0053;70,8309
-0,0161;-0,0117;0,9904;0,9906;70,8918
-0,0083;-0,0083;0,9948;0,9949;70,9533
0,0317;-0,0037;0,9428;0,9434;71,0110
0,0012;-0,0842;0,1582;0,1792;71,0710
-0,1132;0,0046;1,3763;1,3809;71,1318
0,1699;-0,0469;1,0988;1,1128;71,1911
0,0513;-0,0366;1,0180;1,0199;71,2509
0,0444;-0,0320;0,9887;0,9902;71,3113
0,0461;-0,0288;1,0107;1,0121;71,3713
0,0268;-0,0281;0,9968;0,9975;71,4318
0,0449;-0,0295;1,0985;1,0998;71,4911
-0,1128;-0,0517;0,6988;0,7097;71,5510
0,0188;-0,2560;1,7016;1,7209;71,6152
-0,0464;-0,0366;-0,0925;0,1098;71,6708
-0,0317;0,0005;0,9758;0,9763;71,7332
-0,0115;-0,0290;1,0780;1,0785;71,7918
-0,0164;-0,0203;0,9863;0,9866;71,8511
0,0063;-0,0115;0,9638;0,9639;71,9115
0,0332;-0,0371;0,8964;0,8978;71,9704
0,0654;-0,0059;0,5382;0,5422;72,0310
-0,1316;-0,0139;0,9623;0,9714;72,0920
0,1730;0,0381;1,1869;1,2000;72,1510
0,0471;-0,0124;1,0173;1,0184;72,2105
0,0461;0,0085;0,9968;0,9979;72,2725
0,0488;-0,0056;1,0077;1,0089;72,3336
0,0537;-0,0022;0,9975;0,9989;72,3919
0,1018;-0,0381;1,0888;1,0942;72,4507
0,0149;0,0022;1,1908;1,1909;72,5119
0,6275;-0,1701;1,9933;2,0966;72,5705
0,0356;0,0085;0,7095;0,7104;72,6300
-0,0520;-0,0073;0,9843;0,9857;72,6915
-0,0320;-0,0146;1,0409;1,0415;72,7504
-0,0217;-0,0078;0,9736;0,9738;72,8107
-0,0449;-0,0090;0,9848;0,9859;72,8703
-0,0225;0,0098;0,9907;0,9910;72,9310
-0,0012;0,0012;0,9348;0,9348;72,9937
0,0317;-0,0098;0,4908;0,4919;73,0503
0,0103;0,0044;1,1256;1,1257;73,1120
0,1562;-0,0002;1,0688;1,0801;73,1714
0,0664;-0,0132;1,0248;1,0271;73,2307
0,0234;-0,0171;0,9931;0,9935;73,2881
0,0215;-0,0083;1,0141;1,0144;73,3486
-0,0220;0,0041;0,9863;0,9865;73,4098
-0,1601;0,1689;1,3145;1,3350;73,4701
0,0215;0,0942;1,1412;1,1453;73,5279
-0,0066;0,1655;0,8284;0,8447;73,5889
0,0688;0,0754;0,3383;0,3533;73,6480
0,3651;0,3329;1,0095;1,1239;73,7079
0,7959;-0,6392;0,7263;1,2528;73,7691
0,5443;-0,3515;1,1171;1,2914;73,8292
0,2179;0,3268;1,0597;1,1302;73,8894
0,2211;-0,2597;1,2643;1,3095;73,9495
0,4549;0,0081;1,0173;1,1144;74,0265
0,3890;-0,0078;0,8820;0,9641;74,0711
0,1516;0,3017;1,1693;1,2171;74,1311
0,1523;0,1865;1,0424;1,0698;74,1904
0,1696;0,1118;0,9904;1,0110;74,2503
0,1159;0,1384;1,0478;1,0632;74,3106
0,1984;0,1516;0,8825;0,9172;74,3699
0,1962;0,1506;0,9699;1,0010;74,4299
0,2238;0,0732;0,9421;0,9711;74,4903
0,2939;0,2494;0,8777;0,9586;74,5499
0,0905;0,5728;1,0121;1,1665;74,6100
0,1423;0,5311;1,0959;1,2260;74,6784
0,2040;0,3739;1,1183;1,1967;74,7304
0,3968;0,4100;0,9450;1,1039;74,7893
0,2765;0,1867;1,0126;1,0662;74,8495
0,3129;-0,1367;1,2147;1,2618;74,9093
0,1950;0,0469;1,0727;1,0913;74,9693
0,2280;0,0500;0,9067;0,9363;75,0292
0,1718;-0,0005;0,9033;0,9195;75,0893
0,0054;-0,2594;1,1000;1,1302;75,1492
0,0447;0,1223;0,9753;0,9839;75,2091
0,1489;-0,0893;0,6565;0,6791;75,2690
-0,1364;-0,0356;0,8159;0,8280;75,3293
-0,0273;0,0059;0,8525;0,8530;75,3896
0,1760;-0,3571;0,8711;0,9577;75,4497
0,0085;0,0981;1,1905;1,1946;75,5102
-0,0044;0,0034;0,9907;0,9907;75,5696
-0,1018;0,0293;1,5730;1,5766;75,6297
-0,0100;0,0666;0,6246;0,6282;75,6895
-0,1047;0,0247;0,9043;0,9106;75,7497
-0,0381;0,0251;0,9997;1,0007;75,8099
-0,0164;-0,0217;0,9880;0,9883;75,8696
-0,0005;-0,0205;0,9772;0,9775;75,9296
0,0813;0,0547;0,7720;0,7782;75,9897
0,1228;-0,1169;1,6272;1,6360;76,0501
0,0991;-0,0688;1,1735;1,1796;76,1179
0,0810;-0,0388;1,0373;1,0412;76,1700
0,1525;-0,0857;1,0651;1,0794;76,2328
0,0181;0,0085;1,0214;1,0216;76,2919
0,0234;-0,0481;0,8874;0,8890;76,3499
0,1606;-0,1340;1,0146;1,0359;76,4102
0,2480;-0,1184;0,8594;0,9022;76,4735
-0,0171;-0,1167;1,0873;1,0937;76,5309
0,1150;-0,0039;0,9890;0,9956;76,5899
0,1015;-0,0234;0,9360;0,9418;76,6510
0,0796;-0,0351;1,0409;1,0446;76,7153
0,0954;0,0759;0,9770;0,9846;76,7714
0,0871;-0,0522;0,9709;0,9762;76,8369
0,0835;0,0120;0,9004;0,9043;76,8930
0,1582;-0,0593;0,9580;0,9727;76,9515
0,1352;0,0159;0,9211;0,9311;77,0108
0,0959;-0,0154;1,0404;1,0450;77,0719
0,0652;-0,0073;0,9506;0,9529;77,1331
0,0508;-0,0405;1,0548;1,0568;77,1918
0,0508;-0,0405;1,0548;1,0568;77,2552
0,0796;-0,0085;0,9209;0,9243;77,3120
0,1081;-0,0693;0,9728;0,9813;77,3708
0,0371;-0,0508;1,0407;1,0426;77,4315
0,0452;0,0161;1,0197;1,0208;77,4908
0,0635;-0,0600;1,0102;1,0140;77,5511
0,0605;-0,0027;0,9911;0,9930;77,6115
0,0085;0,0012;0,8823;0,8823;77,6748
0,0578;0,1054;1,0412;1,0481;77,7311
0,0425;0,1357;0,9194;0,9303;77,7913
0,0803;-0,0661;0,9965;1,0019;77,8531
0,0937;-0,0635;0,9836;0,9901;77,9137
0,0422;-0,0198;0,9697;0,9708;77,9701
0,0627;-0,0310;0,9182;0,9208;78,0305
0,0796;-0,1413;1,1337;1,1452;78,0901
0,0576;-0,0918;0,9614;0,9675;78,1500
0,0896;-0,1032;0,9528;0,9626;78,2114
0,0815;0,0242;0,9479;0,9518;78,2701
0,0820;-0,0305;0,9116;0,9158;78,3299
0,0178;-0,0068;1,0265;1,0267;78,3914
0,0674;0,0115;0,9872;0,9896;78,4501
-0,0439;0,0766;1,1700;1,1734;78,5100
0,0176;0,0012;0,9531;0,9532;78,5700
-0,0142;-0,0015;0,9797;0,9798;78,6298
0,0144;-0,0044;1,0060;1,0061;78,6904
0,0432;-0,0103;0,9833;0,9843;78,7495
0,0915;0,0039;0,7705;0,7759;78,8098
-0,0554;-0,1006;0,5853;0,5964;78,8699
-0,0373;-0,0261;0,8757;0,8769;78,9304
0,1294;-0,0054;0,9489;0,9577;78,9899
0,0198;0,0024;0,9907;0,9909;79,0498
0,0081;0,0051;1,0302;1,0302;79,1096
-0,0056;0,0081;1,0124;1,0124;79,1697
-0,0068;-0,0007;1,2242;1,2242;79,2334
-0,0398;0,0010;1,2833;1,2839;79,2897
-0,0354;-0,0185;0,5228;0,5243;79,3501
-0,1411;0,0146;0,9963;1,0063;79,4097
-0,1035;0,0083;1,0109;1,0162;79,4697
-0,0522;-0,0103;0,9858;0,9872;79,5299
-0,0722;0,0044;0,9687;0,9714;79,5897
-0,0403;0,0076;1,0036;1,0044;79,6493
0,0144;0,0088;0,9948;0,9950;79,7106
-0,1474;-0,0032;0,9894;1,0004;79,7705
-0,0788;-0,0183;2,5881;2,5893;79,8307
0,0630;-0,0666;1,2574;1,2608;79,8906
-0,0149;-0,0276;1,0417;1,0421;79,9505
0,0129;-0,0039;0,9907;0,9908;80,0103
-0,0124;-0,0039;0,9907;0,9907;80,0705
-0,0591;-0,0078;1,0609;1,0626;80,1305
-0,6011;0,0483;0,5328;0,8047;80,1905
0,2636;0,0554;1,7927;1,8128;80,2505
-0,0796;0,0325;0,8750;0,8792;80,3107
-0,1257;0,0144;0,9929;1,0009;80,3706
-0,0688;0,0129;0,9972;0,9997;80,4303
-0,0737;0,0085;0,9997;1,0024;80,4903
-0,0708;0,0037;0,9907;0,9932;80,5504
-0,0185;0,0059;0,9763;0,9765;80,6103
-0,0120;0,0581;0,6902;0,6928;80,6704
-0,1743;-0,2385;0,8635;0,9126;80,7303
0,1818;-0,0915;1,5320;1,5455;80,7903
0,0827;-0,0222;1,0268;1,0303;80,8504
0,0178;-0,0212;0,9907;0,9910;80,9103
0,0325;-0,0168;0,9980;0,9987;80,9704
0,0242;-0,0210;1,0375;1,0380;81,0302
0,3046;-0,1445;1,5749;1,6106;81,0906
0,0264;-0,0159;1,2882;1,2885;81,1531
-0,2079;-0,0549;-0,6143;0,6509;81,2209
-0,1364;0,0073;0,8735;0,8841;81,2719
-0,1054;0,0242;0,9990;1,0048;81,3319
-0,0539;0,0178;1,0236;1,0252;81,3918
-0,0605;0,0168;0,9875;0,9895;81,4518
-0,0788;0,0078;1,0019;1,0050;81,5131
-0,0325;0,0107;0,9755;0,9761;81,5713
0,1045;0,0325;0,9121;0,9186;81,6320
-0,1054;-0,0703;0,5662;0,5802;81,6938
-0,1357;0,0740;1,0265;1,0381;81,7519
0,0661;-0,0212;1,0241;1,0264;81,8141
-0,0156;-0,0220;1,0121;1,0125;81,8717
0,0198;0,0002;0,9726;0,9728;81,9360
0,0176;-0,0037;1,0248;1,0250;81,9947
0,0022;-0,0037;0,9982;0,9982;82,0554
0,0410;0,0029;1,3226;1,3232;82,1117
0,3417;-0,0659;1,5801;1,6179;82,1717
-0,0244;-0,0041;0,8096;0,8099;82,2316
-0,1269;0,0081;0,9789;0,9872;82,2947
-0,0774;0,0254;1,0258;1,0290;82,3530
-0,0659;0,0012;1,0029;1,0050;82,4120
-0,0718;0,0037;0,9924;0,9950;82,4709
-0,0561;0,0051;0,9743;0,9759;82,5323
0,0874;0,0295;0,9421;0,9466;82,5916
-0,1037;-0,0293;0,8342;0,8411;82,6515
-0,1359;-0,1084;2,3006;2,3071;82,7115
0,0686;-0,0183;1,1220;1,1242;82,7713
-0,0103;-0,0166;1,0068;1,0070;82,8321
0,0015;-0,0051;0,9994;0,9995;82,8929
0,0347;-0,0037;1,0187;1,0193;82,9501
0,0430;-0,0010;1,0151;1,0160;83,0113
0,0317;0,0022;1,0126;1,0131;83,0703
-0,0027;-0,0051;1,0243;1,0244;83,1314
0,0439;-0,0061;1,2313;1,2321;83,1911
0,0203;0,0552;1,1669;1,1684;83,2514
-0,3668;-0,0966;0,1477;0,4071;83,3147
-0,0764;0,0046;0,9477;0,9508;83,3733
-0,0434;0,0098;0,9890;0,9900;83,4337
-0,0361;0,0085;1,0221;1,0228;83,4921
-0,0381;0,0083;1,0053;1,0061;83,5507
-0,0578;0,0041;0,9997;1,0014;83,6148
-0,0469;0,0041;0,9904;0,9915;83,6771
-0,0151;0,0085;0,9907;0,9908;83,7309
-0,2804;0,0103;1,1974;1,2298;83,7910
0,3351;-0,2175;-0,6912;0,7983;83,8509
-0,1767;0,0200;0,6448;0,6689;83,9123
0,1001;-0,0513;1,2015;1,2068;83,9701
0,0617;-0,0078;1,0231;1,0250;84,0309
0,0364;-0,0005;0,9724;0,9730;84,0909
0,0378;0,0017;0,9914;0,9921;84,1507
0,0337;0,0022;0,9931;0,9937;84,2105
0,0320;-0,0022;1,0126;1,0131;84,2709
0,0232;0,0002;1,0068;1,0070;84,3315
0,0410;-0,0815;1,1974;1,2009;84,3913
0,2426;-0,0905;1,4912;1,5136;84,4505
0,1150;0,0469;0,7554;0,7655;84,5109
-0,0344;0,0288;0,9738;0,9749;84,5708
-0,0427;0,0083;1,0441;1,0450;84,6303
0,0015;0,0144;0,9907;0,9908;84,6932
-0,0239;0,0107;0,9970;0,9973;84,7525
-0,0061;0,0142;0,9909;0,9910;84,8113
0,0181;0,0161;0,9843;0,9846;84,8711
-0,0500;-0,0271;1,1610;1,1624;84,9319
0,1079;-0,1233;-0,7320;0,7501;84,9907
0,1699;-0,1691;1,4785;1,4979;85,0519
0,1159;-0,0388;0,9638;0,9715;85,1107
0,0561;-0,0298;0,9980;1,0000;85,1709
0,0437;-0,0359;0,9977;0,9993;85,2349
0,0495;-0,0290;0,9926;0,9943;85,2934
0,0605;-0,0347;1,0268;1,0291;85,3508
0,0469;-0,0249;1,0116;1,0130;85,4134
0,0566;-0,0952;1,3187;1,3233;85,4719
0,4740;0,0251;2,0018;2,0573;85,5320
0,0420;0,0488;0,8842;0,8866;85,5909
-0,0508;0,0288;0,9919;0,9936;85,6551
-0,0217;0,0156;1,0080;1,0083;85,7106
-0,0105;0,0190;0,9994;0,9997;85,7708
-0,0171;0,0168;0,9887;0,9890;85,8315
-0,0120;0,0203;0,9931;0,9934;85,8902
0,0146;0,0220;0,9919;0,9922;85,9502
0,0322;0,0737;0,6914;0,6961;86,0105
-0,0905;-0,1530;0,6168;0,6419;86,0703
0,2035;-0,0217;1,3909;1,4059;86,1302
0,1276;-0,0239;1,0077;1,0161;86,1907
0,0783;-0,0210;0,9907;0,9940;86,2512
0,0642;-0,0251;0,9911;0,9935;86,3140
0,0696;-0,0249;1,0124;1,0151;86,3705
0,0752;-0,0127;1,0114;1,0143;86,4325
0,0901;-0,0295;1,3023;1,3058;86,4901
0,0527;-0,0481;1,2035;1,2056;86,5497
0,1904;0,0249;0,0027;0,1920;86,6113
-0,0827;0,0339;0,9174;0,9218;86,6708
-0,0644;0,0251;1,0231;1,0255;86,7308
-0,0386;0,0203;1,0204;1,0214;86,7938
-0,0369;0,0283;0,9948;0,9959;86,8548
-0,0552;0,0220;0,9882;0,9900;86,9118
-0,0308;0,0200;0,9885;0,9891;86,9752
0,0010;0,0259;1,0019;1,0022;87,0328
-0,0940;0,0688;0,6480;0,6584;87,0907
0,0088;0,2236;2,1795;2,1910;87,1500
0,0923;-0,0093;1,3363;1,3395;87,2113
0,0332;-0,0190;1,0297;1,0304;87,2707
0,0552;-0,0012;0,9748;0,9764;87,3305
0,0366;-0,0090;0,9911;0,9919;87,3905
0,0476;-0,0085;0,9831;0,9843;87,4504
0,0610;-0,0010;0,9609;0,9628;87,5103
0,0825;0,0049;1,3970;1,3995;87,5743
0,0198;-0,0749;1,2223;1,2247;87,6307
0,0564;-0,0854;0,3993;0,4122;87,6894
-0,0268;0,0251;0,9633;0,9640;87,7552
0,0063;0,0249;1,0192;1,0195;87,8092
0,0061;0,0222;1,0226;1,0229;87,8707
0,0012;0,0227;0,9865;0,9868;87,9322
0,0039;0,0205;0,9931;0,9933;87,9906
0,0393;0,0234;0,9875;0,9885;88,0504
0,0193;0,0290;0,9548;0,9554;88,1101
0,2831;-0,0276;-0,1025;0,3024;88,1697
-0,0315;0,0049;0,9953;0,9958;88,2349
0,0476;-0,0256;1,1193;1,1206;88,2898
0,0456;-0,0010;0,9919;0,9929;88,3503
0,0791;0,0234;1,0217;1,0250;88,4110
0,0625;0,0088;1,0034;1,0053;88,4693
0,0705;0,0144;1,0080;1,0106;88,5303
0,1162;0,0032;1,1242;1,1302;88,5903
-0,0024;-0,1101;1,0758;1,0815;88,6493
-0,1992;-0,0203;0,7320;0,7588;88,7092
0,1667;0,0083;0,4913;0,5189;88,7693
-0,0007;0,0085;0,9924;0,9924;88,8355
0,0244;-0,0022;1,0195;1,0198;88,8909
0,0332;-0,0012;0,9953;0,9958;88,9504
0,0271;0,0044;0,9953;0,9957;89,0110
0,0268;-0,0071;0,9907;0,9910;89,0706
0,0952;0,0090;0,9089;0,9139;89,1303
0,1230;-0,0483;-0,2284;0,2639;89,1910
0,0564;0,0320;1,1583;1,1601;89,2519
0,1067;0,0066;1,1369;1,1419;89,3108
0,0471;-0,0112;1,0197;1,0209;89,3705
0,0769;0,0115;0,9643;0,9674;89,4329
0,0715;0,0085;0,9899;0,9925;89,4909
0,1201;0,0356;1,2379;1,2442;89,5505
0,0395;0,0127;1,1769;1,1776;89,6111
0,0227;-0,0002;0,9204;0,9206;89,6744
0,0085;0,0554;0,8349;0,8368;89,7325
-0,0276;0,0351;0,8015;0,8028;89,7919
0,0049;0,0329;0,9982;0,9988;89,8524
0,0127;0,0339;0,9907;0,9913;89,9152
-0,0317;0,0088;1,0302;1,0307;89,9717
0,0088;0,0161;0,9902;0,9903;90,0318
0,0859;0,0281;0,9907;0,9948;90,0917
0,1123;0,0107;0,9890;0,9954;90,1517
0,1389;0,0488;0,8367;0,8495;90,2202
0,3876;-0,1042;-0,1838;0,4414;90,2712
0,1970;-0,0361;1,0116;1,0313;90,3320
0,2209;0,0002;1,0031;1,0271;90,3921
0,1606;-0,0515;1,0341;1,0478;90,4527
0,1550;-0,0276;0,9907;1,0031;90,5115
0,1860;-0,0049;0,9858;1,0032;90,5715
0,0927;-0,0373;1,0502;1,0550;90,6324
-0,1450;-0,0603;0,7056;0,7228;90,6914
0,0727;-0,0615;1,1923;1,1961;90,7515
0,0112;-0,0478;0,9355;0,9368;90,8115
0,0400;-0,0549;0,7036;0,7069;90,8860
0,0371;0,0322;0,9523;0,9536;90,9327
-0,0010;0,0164;0,9909;0,9910;90,9939
0,1086;0,0268;0,9501;0,9567;91,0509
0,0744;0,0005;1,0138;1,0166;91,1115
0,0293;-0,0381;1,0248;1,0260;91,1750
0,0625;-0,0469;0,9824;0,9855;91,2321
0,0503;-0,0654;1,0214;1,0247;91,2915
0,0886;-0,0615;0,9787;0,9846;91,3529
0,1318;-0,0886;0,9724;0,9852;91,4118
0,1089;-0,1079;0,7207;0,7368;91,4721
0,1872;-0,1250;1,2272;1,2476;91,5390
0,2792;-0,0103;1,0136;1,0514;91,5917
0,1972;-0,0471;1,0834;1,1022;91,6516
0,0593;-0,0561;0,9428;0,9464;91,7150
0,1020;-0,0398;0,9894;0,9955;91,7710
0,0918;-0,0574;1,0358;1,0414;91,8309
0,1384;-0,0298;1,1061;1,1151;91,8918
0,0488;-0,0598;0,9389;0,9421;91,9511
0,0159;-0,0117;1,1351;1,1353;92,0133
0,1750;-0,1464;0,9411;0,9684;92,0721
0,0391;0,0085;0,9311;0,9320;92,1307
-0,0166;0,0032;1,0177;1,0179;92,1914
0,0444;-0,0137;1,0256;1,0266;92,2510
0,0181;0,0110;1,0175;1,0177;92,3125
0,0110;0,0085;0,9826;0,9827;92,3721
0,0298;0,0039;0,9960;0,9965;92,4315
0,0720;0,0020;0,9106;0,9134;92,4941
0,4122;0,0039;0,0442;0,4146;92,5515
-0,0708;-0,0137;1,1964;1,1986;92,6111
0,1518;-0,1049;0,9653;0,9828;92,6712
0,0715;-0,0613;1,0051;1,0095;92,7305
0,0349;-0,0610;0,9951;0,9975;92,7912
0,0481;-0,0549;1,0361;1,0386;92,8537
0,1020;-0,1040;1,2279;1,2365;92,9111
0,1694;-0,0708;1,4656;1,4771;92,9712
0,0229;0,0171;1,1110;1,1114;93,0338
0,1279;0,0400;0,8720;0,8823;93,0904
0,0076;0,0068;1,0295;1,0295;93,1528
0,0571;0,0227;0,9933;0,9952;93,2106
0,0905;0,0227;0,9577;0,9622;93,2705
0,0844;-0,0041;0,9240;0,9279;93,3311
-0,1972;-0,1081;0,0842;0,2401;93,3944
0,0520;-0,0120;1,2320;1,2332;93,4510
0,0569;-0,0630;1,0180;1,0215;93,5108
0,0469;-0,0312;0,9907;0,9923;93,5708
0,0332;-0,0434;0,9792;0,9807;93,6302
0,0315;-0,0459;1,0207;1,0222;93,6904
0,0078;-0,0383;1,0946;1,0953;93,7521
0,0156;-0,0244;1,3648;1,3651;93,8109
-0,2072;0,0156;0,3168;0,3789;93,8708
0,0942;0,0303;0,8064;0,8124;93,9329
-0,0217;0,0266;1,0087;1,0093;93,9914
0,0093;0,0288;1,0187;1,0192;94,0544
0,0041;0,0210;0,9936;0,9938;94,1109
0,0085;0,0207;0,9694;0,9697;94,1702
0,0410;0,0181;0,9636;0,9646;94,2306
0,0535;-0,0222;0,4379;0,4417;94,2903
-0,1635;-0,1450;2,8736;2,8819;94,3513
0,1386;-0,0571;1,1530;1,1627;94,4117
0,0722;-0,0403;0,9999;1,0033;94,4717
0,0183;-0,0430;0,9743;0,9754;94,5633
0,0090;-0,0359;1,0182;1,0189;94,5918
0,0137;-0,0110;1,0065;1,0067;94,6524
-0,0681;-0,0452;1,1993;1,2021;94,7107
0,0715;-0,0007;1,1332;1,1354;94,7701
-0,0632;0,0886;0,7256;0,7337;94,8307
-0,0027;0,0566;0,9289;0,9306;94,8927
-0,0561;0,0412;1,0151;1,0175;94,9544
-0,0183;0,0178;1,0009;1,0012;95,0163
-0,0083;0,0432;0,9824;0,9833;95,0768
0,0002;0,0281;0,9794;0,9798;95,1316
0,0808;0,0090;0,6753;0,6802;95,1913
-0,3947;-0,1264;0,6807;0,7969;95,2523
0,0844;-0,1084;1,2457;1,2533;95,3158
0,2065;0,0164;0,8718;0,8961;95,3728
0,0178;-0,0229;0,9929;0,9933;95,4327
0,0525;0,0073;1,0121;1,0135;95,4916
0,0232;0,0041;1,0336;1,0339;95,5545
-0,0320;0,0168;0,9741;0,9747;95,6112
-0,0181;-0,0305;1,2162;1,2167;95,6711
0,0403;0,0012;1,1718;1,1724;95,7314
-0,2753;-0,0051;-0,3990;0,4848;95,7911
-0,0229;0,0229;0,9455;0,9461;95,8538
-0,0256;0,0388;1,0182;1,0193;95,9119
-0,0054;0,0183;0,9907;0,9908;95,9712
0,0063;0,0305;0,9804;0,9809;96,0311
0,0293;0,0154;0,9977;0,9983;96,0911
0,0063;-0,0044;0,8623;0,8623;96,1521
0,0041;0,0056;1,5049;1,5049;96,2111
0,1276;-0,0344;1,1278;1,1355;96,2707
0,0478;-0,0151;1,0451;1,0463;96,3309
0,0249;-0,0237;0,9848;0,9854;96,3915
0,0193;-0,0222;1,0146;1,0150;96,4512
0,0310;-0,0122;1,0004;1,0010;96,5109
0,0432;-0,0476;1,1571;1,1589;96,5730
0,1813;0,0020;0,7459;0,7676;96,6310
-0,0535;-0,0405;1,0156;1,0178;96,6914
-0,0447;0,0095;1,0295;1,0305;96,7507
-0,0769;-0,0361;0,8594;0,8635;96,8107
-0,0632;0,0139;0,9487;0,9509;96,8711
-0,1130;-0,0225;1,0134;1,0199;96,9357
-0,0503;0,0012;0,9794;0,9807;96,9910
-0,0566;-0,0066;0,9863;0,9879;97,0509
0,0083;0,0066;0,9174;0,9175;97,1144
-0,0027;-0,0124;0,8442;0,8443;97,1716
-0,0693;-0,1484;1,5940;1,6024;97,2312
0,1071;-0,1396;1,2562;1,2685;97,2914
0,0305;-0,0185;0,9909;0,9915;97,3523
-0,0366;-0,0149;0,9423;0,9432;97,4107
-0,0395;-0,0166;0,9894;0,9904;97,4707
-0,0237;-0,0061;1,0241;1,0244;97,5305
0,0427;0,0308;1,2916;1,2927;97,5904
-0,0730;-0,0395;1,2015;1,2044;97,6511
-0,0657;-0,0381;0,5020;0,5077;97,7151
-0,0386;-0,0742;0,9248;0,9285;97,7719
-0,0659;-0,0200;0,9440;0,9466;97,8304
-0,0503;-0,0046;0,9907;0,9919;97,8909
-0,0488;-0,0095;1,0034;1,0046;97,9527
-0,0242;0,0020;0,9814;0,9817;98,0100
-0,0244;-0,0073;0,9890;0,9893;98,0709
0,0215;-0,0081;0,8584;0,8587;98,1309
0,3785;-0,1518;-1,1268;1,1984;98,1910
-0,1774;-0,0398;1,0448;1,0605;98,2504
0,1276;-0,0525;0,9850;0,9947;98,3109
0,0171;-0,0410;1,0107;1,0116;98,3717
-0,0046;-0,0354;0,9955;0,9962;98,4323
0,0088;-0,0220;1,0309;1,0312;98,4905
-0,0168;-0,0071;1,0138;1,0140;98,5542
-0,0842;0,0566;0,9765;0,9818;98,6109
-0,0705;-0,0239;1,1190;1,1215;98,6703
0,1264;-0,0508;1,6301;1,6358;98,7350
0,0308;0,0178;0,9077;0,9084;98,7907
-0,0718;0,0000;1,0029;1,0054;98,8551
-0,0754;-0,0020;0,9914;0,9943;98,9102
-0,0447;0,0085;0,9843;0,9854;98,9710
-0,0166;0,0093;0,9748;0,9750;99,0319
-0,0076;0,0041;1,0004;1,0005;99,0902
0,0327;-0,0356;0,3417;0,3451;99,1510
-0,0271;0,1411;1,4961;1,5030;99,2113
0,0273;-0,0622;1,1598;1,1618;99,2701
0,0725;-0,0264;0,9897;0,9927;99,3314
0,0239;-0,0347;0,9667;0,9677;99,3917
0,0234;-0,0347;1,0385;1,0393;99,4506
0,0271;0,0002;1,0373;1,0376;99,5113
0,0220;0,0835;1,4876;1,4901;99,5703
1,1029;0,1357;2,6596;2,8824;99,6308
-0,0361;0,0081;0,8955;0,8962;99,6914
-0,1067;-0,0063;0,9941;0,9998;99,7495
-0,0337;0,0100;0,9924;0,9930;99,8103
-0,0596;0,0093;0,9965;0,9983;99,8796
-0,0688;0,0085;0,9782;0,9807;99,9306
-0,0256;0,0124;0,9704;0,9708;99,9916
-0,0325;0,0093;0,9977;0,9983;100,0554
0,3580;-0,0791;0,1425;0,3934;100,1101
-0,0610;0,0388;1,0480;1,0505;100,1729
0,0988;-0,0720;1,2089;1,2150;100,2303
0,1093;-0,0256;1,0231;1,0293;100,2901
0,0844;-0,0259;0,9994;1,0033;100,3507
0,0234;-0,0210;1,0214;1,0219;100,4118
-0,0029;-0,0310;0,9990;0,9994;100,4713
0,0251;0,0076;1,1312;1,1315;100,5320
0,0737;-0,0312;1,3895;1,3918;100,5913
-0,0420;-0,0644;0,4457;0,4522;100,6579
-0,0183;0,0117;0,9162;0,9165;100,7103
-0,0347;0,0137;1,0129;1,0136;100,7742
-0,0195;0,0166;0,9907;0,9910;100,8319
0,0007;0,0261;0,9828;0,9832;100,8914
-0,0132;0,0098;0,9811;0,9813;100,9554
0,0308;0,0310;0,9165;0,9175;101,0140
0,0393;-0,0049;0,6082;0,6095;101,0710
-0,4047;-0,0547;1,6377;1,6878;101,1324
0,2053;-0,1667;1,2162;1,2446;101,1911
0,0095;-0,0810;1,0136;1,0169;101,2540
-0,0237;-0,0571;0,9821;0,9841;101,3109
-0,0112;-0,0327;0,9540;0,9547;101,3714
-0,0076;-0,0120;1,1603;1,1604;101,4348
-0,2592;-0,0259;0,8662;0,9045;101,4906
0,4339;-0,0473;1,6286;1,6861;101,5517
0,0071;0,0098;0,8620;0,8621;101,6110
-0,1377;0,0063;0,9763;0,9859;101,6713
-0,0766;0,0085;1,0104;1,0134;101,7330
-0,0835;0,0073;0,9833;0,9869;101,7932
-0,1198;-0,0117;0,9907;0,9979;101,8532
-0,0696;-0,0061;0,9855;0,9880;101,9114
-0,0244;-0,0081;0,9933;0,9937;101,9703
0,0242;-0,1145;0,6126;0,6237;102,0314
0,5404;0,1970;2,0357;2,1154;102,0945
0,1152;0,0039;1,2152;1,2207;102,1507
0,0666;-0,0371;1,0019;1,0048;102,2110
0,0488;-0,0105;0,9887;0,9900;102,2731
0,0110;-0,0237;1,0092;1,0095;102,3313
0,0185;-0,0142;1,0031;1,0034;102,3914
0,0112;0,0034;1,1227;1,1228;102,4518
-0,0342;-0,0610;1,1452;1,1473;102,5129
0,1521;0,2060;1,8639;1,8814;102,5737
-0,0337;0,0098;0,8984;0,8991;102,6377
-0,1047;-0,0015;0,9907;0,9962;102,6935
-0,0393;-0,0022;1,0129;1,0136;102,7533
-0,0561;-0,0010;0,9880;0,9896;102,8115
-0,0825;-0,0066;0,9946;0,9980;102,8747
-0,0703;-0,0127;0,9909;0,9935;102,9309
-0,0278;-0,0076;0,9921;0,9925;102,9920
-0,0308;-0,0039;0,9189;0,9194;103,0511
0,0466;0,0181;1,6760;1,6767;103,1116
-0,0420;-0,0869;2,1531;2,1553;103,1710
0,1718;-0,0681;1,1644;1,1790;103,2301
0,1252;-0,0132;1,0304;1,0381;103,2950
0,0661;-0,0232;0,9838;0,9863;103,3529
0,0359;-0,0227;1,0168;1,0177;103,4106
0,0029;-0,0051;0,9858;0,9858;103,4704
0,0090;-0,0151;1,0973;1,0975;103,5307
0,0884;0,1157;1,2521;1,2605;103,5907
0,0310;-0,0146;0,8830;0,8837;103,6524
0,0098;-0,0544;0,9936;0,9951;103,7103
0,0334;0,0664;0,9035;0,9066;103,7706
0,0034;0,0974;0,9001;0,9054;103,8302
0,0344;-0,1115;1,1063;1,1125;103,8928
0,0769;-0,0032;0,9902;0,9932;103,9683
0,0635;-0,0793;0,9728;0,9781;104,0113
0,0576;-0,0466;1,0414;1,0441;104,0698
0,0444;-0,1157;1,1144;1,1213;104,1299
0,4903;-0,0871;1,7746;1,8431;104,1899
0,0647;-0,0254;0,9621;0,9646;104,2502
0,0251;-0,0015;0,9658;0,9661;104,3099
0,0034;-0,0159;1,0243;1,0245;104,3701
0,0237;-0,0315;0,9909;0,9917;104,4310
0,0056;-0,0322;0,9990;0,9995;104,4898
0,0271;-0,0232;0,9907;0,9913;104,5496
-0,0134;-0,0312;0,9853;0,9859;104,6097
-0,0085;-0,0383;0,9914;0,9922;104,6697
0,0181;-0,0517;0,9804;0,9819;104,7305
0,8991;-0,0852;-0,1486;0,9153;104,8009
-0,1545;0,0964;2,3394;2,3464;104,8557
0,0395;-0,0044;1,1588;1,1595;104,9118
-0,0437;-0,0225;1,0380;1,0392;104,9725
-0,0088;-0,0051;1,0124;1,0124;105,0336
0,0251;-0,0400;1,2123;1,2132;105,0910
0,0788;0,0976;1,5264;1,5315;105,1537
0,6695;0,2111;2,2337;2,3414;105,2158
-0,0203;0,0315;0,8589;0,8597;105,2710
-0,0988;0,0127;1,0695;1,0741;105,3326
-0,0217;0,0073;1,0004;1,0007;105,3908
-0,0391;0,0078;0,9897;0,9905;105,4510
-0,0393;0,0039;0,9894;0,9902;105,5112
0,0032;0,0078;0,9907;0,9907;105,5712
0,0466;0,0264;1,0004;1,0019;105,6303
-0,0046;-0,0139;0,3820;0,3822;105,6905
0,0578;0,0120;1,6704;1,6714;105,7515
0,0786;-0,0310;1,1774;1,1804;105,8110
0,0315;0,0122;0,9355;0,9361;105,8708
-0,0481;-0,0032;0,9907;0,9918;105,9307
-0,0339;0,0085;0,9914;0,9920;105,9930
-0,0059;-0,0137;1,1149;1,1150;106,0517
0,0078;0,0088;1,2860;1,2860;106,1115
0,7383;0,0471;2,0409;2,1708;106,1721
-0,1506;-0,0210;0,8908;0,9037;106,2303
-0,1208;-0,0212;0,9907;0,9982;106,2912
-0,0925;-0,0454;1,0068;1,0120;106,3507
-0,0832;-0,0425;0,9907;0,9951;106,4104
-0,1110;-0,0500;0,9907;0,9981;106,4703
-0,0925;-0,0473;0,9853;0,9908;106,5311
-0,0730;-0,0486;0,9882;0,9921;106,5919
-0,0044;-0,0415;0,9877;0,9886;106,6505
0,5648;-0,0698;-0,1369;0,5853;106,7135
-0,1303;-0,1054;1,6821;1,6904;106,7709
0,0354;-0,0142;1,0695;1,0702;106,8311
-0,0002;0,0059;0,9799;0,9799;106,8913
-0,0632;-0,0051;0,9897;0,9917;106,9523
-0,0090;-0,0024;0,9955;0,9956;107,0126
-0,0168;-0,0078;0,9909;0,9911;107,0705
-0,0383;-0,0115;1,0297;1,0305;107,1306
0,0185;-0,0210;1,2901;1,2904;107,1909
0,0337;0,0473;1,1486;1,1500;107,2497
0,1147;-0,0222;0,7522;0,7612;107,3110
-0,1025;0,0088;0,9428;0,9484;107,3706
-0,0847;-0,0022;1,0387;1,0422;107,4334
-0,0593;-0,0066;1,0038;1,0056;107,4928
-0,0705;-0,0020;0,9821;0,9846;107,5518
-0,0837;-0,0107;0,9897;0,9933;107,6113
-0,0517;-0,0110;0,9868;0,9882;107,6724
-0,0281;-0,0103;0,9907;0,9911;107,7316
0,0564;-0,0149;0,8935;0,8954;107,7938
-0,0522;0,0610;0,5218;0,5280;107,8515
0,1787;-0,0966;1,3858;1,4006;107,9117
0,1337;-0,0810;1,0319;1,0437;107,9721
-0,0430;-0,0159;1,0053;1,0063;108,0307
-0,0120;-0,0068;0,9855;0,9856;108,0914
-0,0059;-0,0095;1,0180;1,0181;108,1514
-0,0078;-0,0144;1,0156;1,0157;108,2117
0,0508;-0,0198;1,1769;1,1781;108,2714
-0,0303;-0,0544;1,3072;1,3087;108,3343
-0,1838;0,0005;0,1286;0,2243;108,3916
0,0142;0,0083;0,8523;0,8524;108,4525
-0,0410;0,0002;1,0353;1,0361;108,5106
0,0015;-0,0056;1,0234;1,0234;108,5716
0,0024;-0,0056;0,9907;0,9907;108,6310
-0,0261;-0,0081;0,9909;0,9913;108,6923
-0,0159;-0,0054;0,9907;0,9908;108,7513
-0,0146;-0,0078;0,9911;0,9913;108,8111
0,0178;-0,0041;0,9653;0,9654;108,8751
0,1521;0,0129;-0,1191;0,1936;108,9321
-0,0761;-0,0581;1,5684;1,5713;108,9913
0,1562;-0,0110;1,0619;1,0734;109,0510
-0,0054;-0,0188;1,0412;1,0414;109,1139
0,0027;-0,0085;0,9602;0,9602;109,1712
0,0122;-0,0078;1,0014;1,0015;109,2311
0,0312;-0,0041;1,0097;1,0102;109,2910
-0,0100;-0,0137;1,0529;1,0530;109,3531
-0,1106;0,0281;1,0426;1,0489;109,4123
-0,0469;0,0022;0,9782;0,9793;109,4722
-0,2782;-0,1518;-0,1464;0,3491;109,5331
-0,0420;0,0332;0,9746;0,9760;109,5923
-0,0032;0,0166;1,0463;1,0464;109,6520
-0,0237;0,0061;1,0182;1,0185;109,7144
-0,0268;0,0137;0,9699;0,9704;109,7723
-0,0373;0,0090;0,9929;0,9936;109,8324
-0,0271;0,0081;0,9965;0,9969;109,8940
-0,0083;0,0085;0,9731;0,9732;109,9529
0,1298;0,0818;0,5667;0,5871;110,0120
-0,8738;0,0720;3,1216;3,2424;110,0717
0,0422;-0,0317;1,1737;1,1749;110,1327
0,1037;0,0039;0,9943;0,9997;110,1927
0,0434;0,0122;0,9589;0,9600;110,2527
0,0310;0,0093;0,9882;0,9887;110,3146
0,0378;0,0083;1,0453;1,0460;110,3730
0,2262;-0,0508;1,4205;1,4393;110,4345
0,1945;-0,0103;1,4895;1,5022;110,4930
-0,0398;0,0190;1,0392;1,0402;110,5526
0,0122;0,0320;0,8467;0,8474;110,6143
-0,0593;0,0085;0,9855;0,9874;110,6726
-0,0710;-0,0207;1,0148;1,0175;110,7324
-0,0727;-0,0112;0,9936;0,9963;110,7962
-0,0798;-0,0154;0,9807;0,9840;110,8525
-0,0613;-0,0117;0,9907;0,9926;110,9124
-0,0561;-0,0103;0,9951;0,9967;110,9746
-0,0415;-0,0115;0,9955;0,9965;111,0324
-0,0254;-0,0103;0,9904;0,9908;111,0927
0,0259;0,0085;0,9282;0,9286;111,1584
0,0083;-0,0366;0,5164;0,5178;111,2121
-0,1093;0,0449;1,5764;1,5808;111,2746
0,2348;0,0410;1,2220;1,2451;111,3334
0,0239;-0,0068;1,0609;1,0612;111,3932
-0,0095;0,0134;0,9741;0,9742;111,4560
-0,0300;0,0085;1,0365;1,0370;111,5128
-0,0276;0,0085;1,1410;1,1414;111,5722
-0,5760;-0,0290;0,5941;0,8280;111,6330
0,1469;0,0234;1,3865;1,3945;111,6936
-0,0059;-0,0242;0,6575;0,6580;111,7525
-0,0517;0,0071;0,9875;0,9889;111,8124
-0,0737;-0,0168;1,0314;1,0342;111,8770
-0,0491;-0,0073;0,9907;0,9919;111,9339
-0,0620;-0,0129;0,9885;0,9905;111,9930
-0,0510;-0,0149;0,9877;0,9892;112,0526
-0,0068;-0,0095;0,9716;0,9717;112,1121
0,0317;0,0198;0,8149;0,8158;112,1732
0,1218;-0,0449;0,7388;0,7501;112,2322
0,1411;-0,0722;1,2757;1,2855;112,2919
0,1416;0,0085;1,0690;1,0784;112,3566
0,0164;0,0029;0,9958;0,9959;112,4120
0,0364;0,0090;0,9755;0,9762;112,4726
0,0378;0,0063;1,0231;1,0238;112,5358
0,0459;0,0085;1,1215;1,1224;112,5938
0,2614;-0,0713;1,2582;1,2870;112,6530
0,2375;0,0095;1,6692;1,6860;112,7130
-0,0525;0,0185;0,8379;0,8397;112,7720
-0,0422;0,0300;0,9846;0,9859;112,8344
-0,0730;-0,0002;1,0524;1,0549;112,8934
-0,0627;0,0022;0,9882;0,9902;112,9536
-0,0539;0,0063;0,9892;0,9907;113,0170
-0,0505;-0,0012;0,9907;0,9919;113,0730
0,0085;0,0034;0,9540;0,9541;113,1329
-0,0249;-0,0063;0,1525;0,1547;113,1922
-0,3400;0,0117;0,9838;1,0410;113,2518
0,4076;-0,0068;0,9128;0,9997;113,3140
0,0327;-0,0449;1,0302;1,0317;113,3722
0,0366;-0,0117;0,9997;1,0004;113,4323
0,0266;-0,0198;1,0383;1,0388;113,4922
0,0744;-0,0903;1,2318;1,2373;113,5534
0,1081;0,0137;1,3594;1,3638;113,6128
-0,1372;0,0639;0,6133;0,6317;113,6761
0,1001;0,0085;0,8196;0,8257;113,7325
-0,0598;0,0088;1,0075;1,0093;113,7923
-0,0669;-0,0059;1,0331;1,0353;113,8520
-0,0525;0,0078;0,9755;0,9770;113,9115
-0,0720;-0,0029;0,9758;0,9784;113,9727
-0,0454;0,0017;0,9858;0,9868;114,0319
0,0100;0,0041;0,9907;0,9907;114,0919
-0,2231;0,0649;0,8166;0,8490;114,1565
-0,0991;0,0132;1,9996;2,0021;114,2182
0,1359;-0,0591;1,3399;1,3481;114,2723
0,0735;-0,0229;0,9877;0,9907;114,3347
0,0495;-0,0010;0,9846;0,9858;114,3968
0,0195;-0,0044;1,0058;1,0060;114,4512
-0,0288;-0,0137;1,0195;1,0200;114,5119
-0,0439;0,0344;1,0644;1,0658;114,5723
-0,0012;-0,0666;0,8991;0,9016;114,6311
0,3256;0,0852;1,7026;1,7355;114,6916
0,0288;0,0361;0,8935;0,8947;114,7525
-0,1067;0,0017;0,9904;0,9961;114,8120
-0,0966;-0,0115;0,9914;0,9962;114,8716
-0,0945;-0,0105;0,9870;0,9916;114,9317
-0,0830;-0,0078;0,9821;0,9856;114,9956
-0,0586;-0,0056;0,9907;0,9924;115,0523
0,0046;0,0098;0,9916;0,9917;115,1123
-0,0205;0,0398;0,5516;0,5534;115,1742
-0,3573;0,0254;2,1070;2,1372;115,2318
0,0842;-0,0378;1,0055;1,0098;115,2940
-0,0193;0,0815;0,0613;0,1038;115,3516
-0,0251;-0,0142;0,9731;0,9735;115,4194
0,0010;-0,0090;0,9955;0,9956;115,4739
0,0024;-0,0085;1,0126;1,0127;115,5330
0,0032;0,0103;1,1127;1,1127;115,5951
0,0642;-0,0020;1,3148;1,3163;115,6523
0,1203;0,0085;1,2828;1,2885;115,7141
0,0059;0,0410;0,8708;0,8718;115,7736
-0,0588;0,0420;0,9955;0,9982;115,8326
-0,1106;0,0020;1,0190;1,0250;115,8927
-0,0847;0,0056;0,9763;0,9799;115,9534
-0,0788;0,0027;0,9802;0,9833;116,0126
-0,0220;0,0085;0,9807;0,9809;116,0726
0,0308;0,0098;0,9907;0,9912;116,1324
-0,1010;0,0178;0,2155;0,2387;116,1933
0,1086;0,1113;1,6343;1,6416;116,2536
0,1276;0,0063;1,4783;1,4838;116,3182
0,0964;-0,0427;1,0790;1,0841;116,3734
0,0430;-0,0215;0,9802;0,9813;116,4324
0,0107;-0,0056;0,9843;0,9844;116,4923
0,0095;-0,0225;1,1710;1,1713;116,5559
0,0039;-0,0073;1,0351;1,0351;116,6122
-0,0181;-0,0364;1,0783;1,0790;116,6731
-0,1723;-0,0591;-0,3256;0,3731;116,7324
-0,0918;0,0398;0,9494;0,9547;116,7923
-0,1223;0,0198;1,0131;1,0207;116,8547
-0,1137;0,0076;0,9816;0,9882;116,9131
-0,1030;0,0103;0,9838;0,9893;116,9723
-0,0764;0,0117;0,9907;0,9937;117,0321
0,0020;0,0276;0,9894;0,9898;117,0928
0,0444;0,0542;0,5672;0,5715;117,1524
0,3627;0,0198;2,1773;2,2074;117,2120
0,5037;-0,0083;1,4866;1,5697;117,2722
0,0539;-0,0320;1,0258;1,0277;117,3365
0,0034;-0,0002;0,9643;0,9643;117,3922
-0,0024;-0,0041;1,0021;1,0021;117,4521
0,0151;-0,0774;1,1571;1,1598;117,5121
0,0852;-0,0110;1,3736;1,3763;117,5718
-0,0510;0,0908;0,8025;0,8092;117,6331
0,0142;0,0164;0,8386;0,8389;117,6949
-0,0478;0,0405;0,9897;0,9917;117,7522
-0,0696;0,0134;0,9948;0,9973;117,8114
-0,0991;0,0088;0,9931;0,9981;117,8726
-0,0866;0,0081;0,9902;0,9940;117,9321
-0,0417;0,0090;0,9907;0,9916;117,9944
-0,0171;0,0007;0,9733;0,9735;118,0520
0,0256;-0,0029;0,7114;0,7119;118,1126
0,0308;0,0049;1,8795;1,8798;118,1722
0,2648;-0,0710;0,8227;0,8672;118,2329
0,1008;-0,0659;1,1974;1,2034;118,2919
0,0105;-0,0225;1,0204;1,0207;118,3553
0,0415;-0,0149;0,9963;0,9972;118,4120
0,0591;0,0178;1,0383;1,0401;118,4771
-0,0347;-0,0561;1,1061;1,1081;118,5320
-0,0029;-0,0205;1,2028;1,2029;118,5926
-0,7053;0,1596;-2,8338;2,9247;118,6546
-0,0322;0,0657;0,9008;0,9038;118,7123
-0,1284;-0,0244;1,0380;1,0462;118,7718
-0,0415;0,0093;0,9631;0,9640;118,8330
-0,0857;-0,0032;0,9970;1,0007;118,8930
-0,0815;-0,0049;0,9907;0,9940;118,9517
-0,0295;-0,0032;0,9828;0,9833;119,0124
0,0454;0,0085;0,9897;0,9908;119,0723
-0,0295;0,0664;0,2260;0,2374;119,1341
-0,4244;0,0066;0,7971;0,9031;119,1921
0,2499;0,0142;1,1686;1,1951;119,2520
0,0320;-0,0112;0,9870;0,9876;119,3161
0,0488;0,0073;0,9907;0,9919;119,3714
0,0032;0,0183;1,0607;1,0609;119,4320
0,0432;-0,0039;1,1020;1,1028;119,4962
-0,7100;0,1257;0,0620;0,7237;119,5517
0,0388;0,0461;1,1044;1,1060;119,6168
0,0427;0,0261;0,9411;0,9424;119,6716
-0,1962;-0,0349;0,9816;1,0017;119,7325
-0,1386;-0,0112;0,9848;0,9946;119,7913
-0,1438;-0,0146;0,9907;1,0011;119,8521
-0,1362;-0,0176;0,9836;0,9931;119,9117
-0,1018;-0,0107;0,9799;0,9852;119,9720
-0,0095;-0,0049;0,9819;0,9819;120,0324
-0,2011;-0,0195;1,0012;1,0213;120,0915
0,2934;-0,0791;2,7025;2,7196;120,1516
0,0415;-0,0647;0,9907;0,9936;120,2120
0,1206;-0,0708;1,1112;1,1200;120,2713
0,0461;-0,0412;1,0605;1,0623;120,3314
0,0449;-0,0046;0,9914;0,9924;120,3914
-0,0112;-0,0134;1,1149;1,1150;120,4518
-0,0871;-0,0281;0,9663;0,9706;120,5118
0,0505;0,1455;1,1115;1,1221;120,5714
0,1157;0,0727;1,1439;1,1521;120,6315
-0,1272;0,0112;1,0063;1,0143;120,6916
-0,1223;0,0190;1,0068;1,0143;120,7515
-0,1220;-0,0037;0,9941;1,0015;120,8113
-0,1308;0,0034;0,9853;0,9939;120,8783
-0,1237;0,0002;0,9821;0,9899;120,9311
-0,0779;0,0024;0,9907;0,9937;120,9915
0,0259;0,0312;0,9650;0,9659;121,0508
-0,0449;-0,0517;0,4708;0,4758;121,1110
-0,6077;0,0781;0,8035;1,0104;121,1734
0,2389;0,0425;0,9091;0,9410;121,2321
0,0559;-0,0439;1,0627;1,0650;121,2923
0,0593;0,0085;1,0121;1,0139;121,3546
0,0122;0,0061;0,9880;0,9881;121,4119
0,0696;-0,0137;1,2574;1,2594;121,4721
0,1308;0,0715;1,4041;1,4120;121,5371
0,6826;0,1743;2,0172;2,1367;121,5921
-0,1169;0,0232;0,9196;0,9273;121,6522
-0,1835;-0,0171;1,0348;1,0511;121,7145
-0,1481;-0,0249;0,9953;1,0066;121,7746
-0,1501;-0,0205;0,9814;0,9930;121,8324
-0,1386;-0,0127;0,9677;0,9777;121,9021
-0,1074;-0,0134;0,9955;1,0014;121,9514
-0,0127;0,0054;0,9941;0,9942;122,0125
0,0698;0,0793;0,7600;0,7673;122,0762
0,2914;0,0203;-0,0674;0,2998;122,1326
-0,0630;-0,0505;1,0063;1,0095;122,1920
0,2018;0,0449;1,1549;1,1733;122,2522
0,0073;-0,0239;0,9980;0,9983;122,3130
0,0481;-0,0112;1,0312;1,0324;122,3727
0,0173;-0,0327;1,0343;1,0350;122,4322
-0,0752;0,0273;1,0544;1,0574;122,4919
-0,1608;-0,0320;0,7500;0,7677;122,5540
-0,4566;0,0542;0,4183;0,6217;122,6175
-0,0508;0,0398;0,7754;0,7781;122,6740
-0,1752;0,0185;0,9665;0,9824;122,7322
-0,2043;-0,0188;1,0121;1,0327;122,7931
-0,1328;0,0063;0,9907;0,9995;122,8515
-0,1491;0,0024;0,9782;0,9895;122,9116
-0,1286;-0,0012;0,9890;0,9973;122,9757
-0,0752;0,0076;0,9780;0,9809;123,0320
0,0647;0,0176;0,9243;0,9267;123,0923
-0,3017;-0,0083;1,0341;1,0772;123,1559
0,2150;-0,0312;1,3470;1,3644;123,2190
0,2370;-0,0730;1,0431;1,0722;123,2727
0,0898;-0,0178;0,9853;0,9895;123,3322
0,0974;-0,0073;1,0263;1,0309;123,3944
0,1257;-0,0625;1,1583;1,1668;123,4551
0,0749;0,0215;1,2882;1,2905;123,5118
0,0686;0,0552;0,9985;1,0023;123,5721
0,0002;0,0251;0,1386;0,1409;123,6317
-0,0532;0,0178;1,0275;1,0290;123,6914
-0,0312;0,0098;1,0104;1,0110;123,7522
-0,0632;-0,0083;0,9711;0,9732;123,8118
-0,0571;-0,0046;0,9799;0,9816;123,8716
-0,0674;-0,0137;0,9907;0,9930;123,9312
0,0044;0,0024;0,9880;0,9880;123,9914
0,0637;0,0037;0,8652;0,8676;124,0528
0,4940;-0,1164;-0,3900;0,6401;124,1116
0,1809;0,0002;0,9560;0,9730;124,1719
0,2363;-0,0290;1,0373;1,0642;124,2326
0,0742;-0,0076;1,0107;1,0134;124,2914
0,0761;-0,0012;1,0204;1,0233;124,3511
0,0520;-0,0369;1,1200;1,1218;124,4113
0,1411;0,0107;1,3541;1,3614;124,4727
0,0630;0,0110;1,1444;1,1462;124,5319
0,1259;0,0966;0,9099;0,9236;124,5917
-0,0244;0,0249;0,9650;0,9657;124,6515
-0,1108;-0,0110;0,9746;0,9809;124,7144
-0,1213;0,0012;0,9663;0,9738;124,8300
-0,1262;0,0017;0,9882;0,9962;124,8334
-0,1276;-0,0010;0,9924;1,0005;124,8980
-0,0815;0,0085;0,9828;0,9863;124,9517
-0,0425;0,0103;0,9885;0,9894;125,0118
0,0037;0,0759;0,6011;0,6059;125,0714
-0,2582;0,1245;2,2884;2,3062;125,1340
-0,0571;-0,0586;1,6594;1,6614;125,1921
0,0818;-0,0600;1,1095;1,1141;125,2537
0,0603;-0,0051;0,9904;0,9923;125,3113
0,0578;-0,0066;1,0053;1,0070;125,3720
0,0542;-0,0154;1,0365;1,0381;125,4315
-0,0205;0,0078;1,0941;1,0944;125,4913
-0,1113;0,0122;0,8642;0,8715;125,5511
-0,5020;0,0886;-1,4085;1,4979;125,6107
-0,0271;0,0744;0,9890;0,9921;125,6709
-0,0930;0,0002;1,0456;1,0497;125,7340
-0,0185;0,0298;0,9709;0,9715;125,7909
-0,0730;0,0090;0,9860;0,9888;125,8512
-0,0481;0,0112;0,9899;0,9912;125,9162
-0,0354;0,0124;0,9872;0,9880;125,9715
0,0203;0,0144;0,9658;0,9661;126,0330
0,0178;0,0730;0,9201;0,9232;126,0945
0,1372;0,0378;0,7222;0,7361;126,1508
0,0954;0,1047;1,0802;1,0895;126,2113
0,1384;-0,0830;1,0363;1,0488;126,2714
0,2192;-0,0483;1,0724;1,0957;126,3337
0,1381;-0,0461;1,0295;1,0397;126,3906
0,1215;-0,0339;0,9858;0,9938;126,4516
0,1333;-0,0535;1,3182;1,3260;126,5111
-0,7412;-0,1686;0,5040;0,9121;126,5728
0,1028;0,0600;1,2257;1,2315;126,6316
-0,0095;0,0207;0,9431;0,9433;126,6952
-0,0720;-0,0071;1,0243;1,0269;126,7509
-0,0020;0,0085;0,9960;0,9961;126,8119
-0,0422;0,0005;0,9997;1,0006;126,8709
-0,0190;0,0085;0,9599;0,9601;126,9323
0,0085;0,0100;1,0129;1,0130;126,9928
0,0813;0,0278;0,9506;0,9545;127,0508
0,0283;0,0085;0,6429;0,6435;127,1115
-0,0820;0,1882;2,3833;2,3921;127,1708
0,2160;-0,0493;1,1264;1,1479;127,2307
0,1569;-0,0383;1,0793;1,0913;127,2911
0,1184;-0,0029;0,9841;0,9912;127,3504
0,0791;-0,0110;0,9907;0,9939;127,4108
0,0776;-0,0146;1,0331;1,0361;127,4707
0,0888;-0,0295;1,1261;1,1300;127,5304
0,2419;0,0124;1,3375;1,3592;127,5951
0,0981;-0,0054;1,1920;1,1961;127,6502
0,0461;0,0386;0,8110;0,8133;127,7106
-0,1001;-0,0007;1,0383;1,0431;127,7731
-0,0168;0,0146;1,0026;1,0029;127,8305
-0,0381;0,0088;1,0031;1,0039;127,8911
-0,0386;0,0085;0,9907;0,9914;127,9509
-0,0100;0,0132;0,9716;0,9718;128,0118
0,0217;0,0161;0,9924;0,9927;128,0709
0,0193;0,0354;0,6124;0,6137;128,1307
0,0081;0,0481;1,0746;1,0757;128,1932
0,2746;-0,0142;0,9377;0,9772;128,2506
0,1857;-0,0242;1,0202;1,0372;128,3105
0,0705;-0,0015;0,9965;0,9990;128,3720
0,0718;0,0037;1,0107;1,0132;128,4345
0,0769;-0,0857;1,2999;1,3050;128,4928
0,1076;0,0578;1,2596;1,2655;128,5510
0,0266;0,0884;0,9904;0,9947;128,6103
-0,0937;0,0666;-0,7144;0,7236;128,6715
-0,0430;0,0254;0,9704;0,9717;128,7308
-0,1049;-0,0007;1,0446;1,0499;128,7901
-0,0281;0,0144;0,9594;0,9599;128,8507
-0,0761;0,0051;0,9772;0,9802;128,9152
-0,0698;0,0085;0,9907;0,9932;128,9723
-0,0459;0,0081;0,9907;0,9918;129,0311
0,0183;0,0405;0,9775;0,9785;129,0916
-0,0073;0,0327;0,3515;0,3530;129,1539
0,3366;-0,1096;2,8351;2,8571;129,2107
0,3656;0,0088;1,7045;1,7433;129,2712
0,1164;-0,0093;1,0458;1,0523;129,3313
0,0459;-0,0090;0,9828;0,9840;129,3907
0,0185;-0,0034;1,0095;1,0096;129,4507
0,0596;-0,0005;1,1932;1,1947;129,5110
0,0876;0,0203;1,2848;1,2879;129,5702
-0,0308;0,0137;1,0678;1,0683;129,6302
0,0134;0,0688;0,6834;0,6870;129,6927
-0,1521;-0,0085;0,9868;0,9984;129,7502
-0,0903;0,0029;1,0009;1,0050;129,8097
-0,1015;-0,0007;1,0182;1,0233;129,8762
-0,0808;-0,0041;0,9785;0,9818;129,9303
-0,0564;0,0029;0,9814;0,9830;129,9925
-0,0098;0,0093;0,9907;0,9908;130,0499
0,0486;0,0095;0,9987;0,9999;130,1094
-0,5433;0,0290;0,9985;1,1371;130,1697
-0,0600;-0,0073;1,2198;1,2213;130,2306
0,4625;-0,0737;1,7138;1,7767;130,2903
0,1137;-0,0881;1,0834;1,0929;130,3552
0,1152;0,0154;1,0451;1,0515;130,4100
0,0576;0,0176;1,0822;1,0839;130,4702
-0,0522;0,0442;1,0946;1,0968;130,5322
-0,0918;-0,0378;1,4322;1,4356;130,5910
0,3278;0,2529;-0,5504;0,6887;130,6507
-0,1996;0,0046;0,9038;0,9256;130,7103
-0,1352;0,0161;0,9960;1,0053;130,7692
-0,1103;0,0085;0,9965;1,0026;130,8301
-0,0976;0,0132;0,9509;0,9560;130,8926
-0,0910;0,0103;0,9899;0,9942;130,9497
-0,0332;0,0171;0,9831;0,9838;131,0123
0,0083;0,0183;1,0168;1,0170;131,0738
-0,1113;0,0366;0,8757;0,8835;131,1306
0,0517;0,0923;1,2745;1,2789;131,1892
0,2031;0,0037;1,0744;1,0934;131,2501
0,0442;-0,0461;1,0714;1,0733;131,3148
0,0498;-0,0034;1,0036;1,0048;131,3701
0,0393;0,0027;1,0429;1,0436;131,4306
0,0952;0,0100;1,2913;1,2949;131,4940
0,0591;0,0347;1,2608;1,2627;131,5579
0,0571;0,1308;0,9746;0,9849;131,6101
0,0430;0,0852;0,8628;0,8680;131,6716
-0,1057;0,0461;1,0507;1,0570;131,7316
-0,0945;0,0227;0,9711;0,9760;131,7907
-0,1062;0,0149;0,9855;0,9913;131,8516
-0,0959;0,0127;0,9807;0,9854;131,9112
-0,0774;0,0183;0,9955;0,9987;131,9732
-0,0600;0,0146;0,9892;0,9911;132,0321
0,0085;0,0268;0,9653;0,9657;132,0919
0,1694;-0,0718;0,0398;0,1882;132,1539
-0,4269;-0,0410;1,2784;1,3484;132,2108
0,1616;0,0344;1,1024;1,1147;132,2707
0,0381;-0,0085;1,0380;1,0387;132,3332
0,0769;0,0098;1,0321;1,0351;132,3923
0,0083;0,0085;1,0702;1,0703;132,4510
0,1894;-0,2070;1,5122;1,5380;132,5107
0,0266;0,0698;1,2179;1,2202;132,5721
0,2795;0,1345;0,6653;0,7341;132,6336
-0,0791;0,0117;0,9767;0,9800;132,6956
-0,0493;0,0134;1,0138;1,0151;132,7505
-0,0820;-0,0034;1,0112;1,0145;132,8107
-0,0703;0,0049;0,9765;0,9790;132,8737
-0,0840;0,0071;0,9665;0,9702;132,9312
-0,0693;0,0049;0,9907;0,9931;132,9908
-0,0542;0,0081;0,9887;0,9902;133,0537
0,0495;0,0447;0,9221;0,9245;133,1107
-0,5072;0,1762;0,6312;0,8286;133,1704
0,0539;0,0264;0,7783;0,7806;133,2309
0,0610;0,0268;0,9575;0,9598;133,2950
0,0332;0,0569;1,1964;1,1982;133,3504
-0,0520;0,0327;0,9099;0,9119;133,4137
-0,0559;-0,0198;0,9472;0,9491;133,4704
0,0715;0,0259;0,9755;0,9785;133,5310
0,0671;0,0598;0,9384;0,9427;133,5923
0,0620;0,1191;0,9748;0,9840;133,6516
0,0600;-0,0007;0,9728;0,9747;133,7103
0,0610;0,0630;0,9899;0,9938;133,7695
0,0635;0,0830;0,9355;0,9413;133,8299
0,0039;-0,0303;1,0077;1,0082;133,8932
0,0430;0,0222;0,9972;0,9984;133,9513
0,0329;0,0312;0,9914;0,9924;134,0116
0,0298;-0,0278;0,9999;1,0008;134,0717
0,0325;-0,0176;0,9892;0,9899;134,1309
0,0098;-0,0452;0,9985;0,9995;134,1913
0,0449;-0,0327;1,0082;1,0098;134,2511
0,0217;-0,0161;0,9931;0,9935;134,3114
0,0295;-0,0481;0,9907;0,9923;134,3748
0,0361;-0,0146;1,0138;1,0146;134,4321
0,0478;-0,0168;1,0053;1,0066;134,4909
0,0276;-0,0456;0,9985;0,9999;134,5512
0,0329;-0,0332;1,0204;1,0215;134,6111
0,0261;-0,0574;0,9821;0,9841;134,6744
0,0459;-0,0388;0,9902;0,9920;134,7319
