0,1472;-0,0239;0,9909;1,0021;0,1125
0,1130;-0,0342;0,9904;0,9974;0,1373
0,1340;-0,0378;1,0234;1,0328;0,3793
0,1333;-0,0408;1,0121;1,0217;0,3814
0,1345;-0,0405;0,9997;1,0095;0,3833
0,1335;-0,0344;0,9907;1,0002;0,3853
0,1381;-0,0242;1,0019;1,0117;0,4352
0,1477;-0,0085;0,9892;1,0002;0,4868
0,1389;-0,0068;0,9863;0,9960;0,5467
0,1572;-0,0085;0,9938;1,0062;0,6077
0,1408;-0,0178;0,9907;1,0008;0,6674
0,1508;-0,0156;0,9929;1,0044;0,7280
0,1452;-0,0173;1,0019;1,0125;0,7877
0,1621;-0,0176;0,9977;1,0110;0,8476
0,1782;-0,0083;1,0070;1,0227;0,9083
0,1728;-0,0295;1,2330;1,2454;0,9678
0,0813;0,0190;0,9506;0,9543;1,0280
-0,0891;-0,0461;0,7910;0,7973;1,0878
0,0105;-0,0207;0,8218;0,8221;1,1490
0,0242;-0,0747;1,0507;1,0536;1,2114
0,0166;-0,0852;0,9853;0,9891;1,2714
0,0449;-0,0681;0,9804;0,9838;1,3287
0,0925;-0,0586;0,9719;0,9780;1,3887
0,0686;-0,1069;0,7544;0,7650;1,4526
-0,0442;-0,0452;0,8989;0,9011;1,5093
0,0044;-0,0798;1,4883;1,4905;1,5702
0,1108;-0,0051;1,1962;1,2013;1,6281
0,0979;-0,0039;1,0114;1,0161;1,6892
0,0586;0,0085;0,9994;1,0012;1,7486
0,1045;0,0249;0,9970;1,0028;1,8318
0,1150;0,0339;1,0639;1,0706;1,8690
0,0866;0,0622;1,0092;1,0148;1,9305
0,0483;0,0154;1,2135;1,2145;1,9902
0,0432;0,0556;1,1644;1,1666;2,0482
0,0066;-0,0210;0,9116;0,9118;2,1106
-0,0329;0,0095;0,9465;0,9471;2,1717
-0,0124;-0,0515;1,0497;1,0511;2,2277
0,0002;-0,0412;1,0209;1,0218;2,2886
0,0239;-0,0156;0,9577;0,9581;2,3482
0,0085;-0,0156;0,9877;0,9879;2,4082
0,0381;-0,0173;0,9985;0,9993;2,4687
0,0185;-0,0176;0,9667;0,9671;2,5277
0,0664;-0,0032;0,8306;0,8332;2,5881
-0,0805;-0,0115;0,9746;0,9779;2,6492
0,2685;-0,0320;1,4910;1,5153;2,7078
0,1364;0,0076;1,1105;1,1189;2,7678
0,0547;0,0247;0,9921;0,9939;2,8331
0,0305;0,0093;1,0090;1,0095;2,8878
0,0517;0,0105;1,0104;1,0118;2,9478
0,0498;0,0164;1,0268;1,0281;3,0104
0,0220;0,0139;1,0146;1,0149;3,0673
0,0247;0,0217;1,0768;1,0773;3,1280
0,0190;0,0085;1,1564;1,1566;3,1914
-0,1064;0,0376;1,1127;1,1184;3,2474
-0,0476;-0,0642;1,1410;1,1438;3,3079
0,0430;0,0574;0,9536;0,9562;3,3730
0,0000;-0,0552;1,0453;1,0468;3,4281
0,0286;-0,0495;1,0287;1,0303;3,4888
0,0098;-0,0454;1,0087;1,0098;3,5477
0,0024;-0,0412;1,0099;1,0108;3,6081
0,0442;-0,0276;0,9792;0,9806;3,6680
0,0788;-0,0225;0,9348;0,9384;3,7303
0,4144;-0,0654;0,3192;0,5272;3,7880
-0,1320;-0,0852;2,4426;2,4476;3,8509
0,0844;0,0547;1,0348;1,0397;3,9081
0,0063;-0,0146;1,0273;1,0274;3,9701
-0,0020;-0,0124;0,9909;0,9910;4,0274
0,0083;-0,0134;1,0180;1,0181;4,0880
0,0195;-0,0046;1,0058;1,0060;4,1521
0,0122;-0,0012;1,0270;1,0271;4,2072
0,0029;0,0134;1,0815;1,0815;4,2675
-0,0247;0,0320;1,1098;1,1105;4,3323
0,0901;0,0139;1,1251;1,1288;4,3881
-0,0744;0,0178;1,1940;1,1964;4,4513
0,0076;-0,0430;0,7627;0,7639;4,5090
0,0193;0,0185;1,5088;1,5090;4,5689
0,0085;-0,0803;0,9963;0,9995;4,6282
0,0508;-0,0735;1,0019;1,0059;4,6890
0,0332;-0,0737;1,0014;1,0047;4,7486
0,0532;-0,0678;0,9987;1,0024;4,8071
0,0532;-0,0605;0,9951;0,9983;4,8674
0,0581;-0,0354;0,9963;0,9986;4,9318
0,0581;0,0227;0,8193;0,8217;4,9876
0,0747;-0,0371;0,7285;0,7333;5,0479
-0,0239;-0,0596;1,1725;1,1742;5,1092
0,0347;-0,0195;1,2679;1,2685;5,1689
0,1081;-0,0061;1,0505;1,0560;5,2276
0,0139;0,0278;0,9882;0,9887;5,2873
0,0354;0,0347;1,0046;1,0058;5,3476
0,0312;0,0220;1,0217;1,0224;5,4079
0,0259;0,0227;0,9977;0,9983;5,4811
0,0185;0,0268;1,0080;1,0085;5,5275
0,0166;0,0273;0,9919;0,9924;5,5876
0,0098;0,0293;0,9763;0,9767;5,6474
0,0010;0,0154;1,0295;1,0296;5,7090
-0,0071;0,0498;1,1454;1,1465;5,7669
-0,0769;0,0183;1,1200;1,1228;5,8270
-0,0535;0,0757;0,9453;0,9498;5,8864
-0,0478;0,0678;0,8306;0,8347;5,9466
-0,0203;0,0481;0,9609;0,9623;6,0085
-0,0244;0,0356;1,0297;1,0306;6,0724
-0,0190;0,0295;0,9958;0,9964;6,1270
-0,0286;0,0349;0,9999;1,0009;6,1878
-0,0298;0,0334;0,9936;0,9946;6,2497
-0,0278;0,0320;1,0119;1,0128;6,3095
-0,0212;0,0320;1,0019;1,0026;6,3689
-0,0059;0,0315;0,9846;0,9851;6,4284
0,0671;-0,0027;0,9907;0,9929;6,4871
-0,0386;0,0268;0,7561;0,7576;6,5471
-0,0561;0,0491;1,1500;1,1524;6,6171
0,0678;0,0708;1,1515;1,1557;6,6686
0,0369;0,0168;1,0917;1,0925;6,7327
0,0354;0,0293;0,9907;0,9917;6,7882
0,0081;0,0171;0,9902;0,9904;6,8520
0,0332;0,0193;0,9914;0,9921;6,9075
0,0393;0,0122;1,0063;1,0071;6,9683
0,0266;0,0063;1,0055;1,0059;7,0289
0,0198;-0,0032;0,9933;0,9935;7,0875
0,0473;-0,0271;1,1837;1,1850;7,1480
-0,0154;-0,0100;1,1849;1,1851;7,2092
0,0198;0,0249;0,9811;0,9817;7,2729
-0,0991;0,0713;0,8376;0,8465;7,3278
-0,0215;0,0698;0,9902;0,9929;7,3885
-0,0510;0,0085;1,0209;1,0222;7,4524
-0,0271;0,0225;1,0331;1,0337;7,5079
-0,0059;0,0325;0,9743;0,9749;7,5681
-0,0129;0,0205;1,0019;1,0022;7,6277
-0,0181;0,0129;1,0053;1,0055;7,6905
-0,0098;0,0098;0,9899;0,9900;7,7480
-0,0083;0,0090;0,9931;0,9932;7,8083
-0,0071;0,0068;1,0048;1,0049;7,8684
0,0063;0,0085;0,9919;0,9919;7,9274
0,0481;0,0093;0,9628;0,9641;7,9890
-0,0869;-0,0002;0,9455;0,9495;8,0479
-0,1401;-0,0622;1,1210;1,1314;8,1086
-0,0432;-0,0012;1,5186;1,5192;8,1679
0,0710;0,0124;1,0160;1,0186;8,2283
-0,0271;0,0085;1,0068;1,0072;8,2884
0,0127;0,0120;0,9904;0,9906;8,3472
0,0332;0,0002;1,0307;1,0312;8,4076
0,0093;-0,0242;1,0131;1,0134;8,4709
0,0513;-0,0161;1,0043;1,0058;8,5279
0,0276;-0,0205;1,0012;1,0017;8,5893
0,0146;-0,0625;1,1220;1,1238;8,6532
0,0134;-0,0242;1,0868;1,0872;8,7069
0,0112;-0,0342;1,0617;1,0623;8,7686
-0,0010;-0,0444;0,9885;0,9895;8,8275
0,0010;-0,0264;1,1005;1,1008;8,8870
0,0339;-0,0085;0,9853;0,9859;8,9503
0,0715;0,0249;0,9130;0,9162;9,0076
-0,0132;-0,0242;1,0407;1,0411;9,0680
0,0081;-0,0273;0,9968;0,9972;9,1299
0,0049;-0,0161;0,9987;0,9989;9,1942
-0,0149;-0,0210;1,0024;1,0027;9,2478
0,0215;-0,0161;0,9980;0,9983;9,3079
0,0386;-0,0242;0,9882;0,9893;9,3692
0,0766;-0,0337;0,8628;0,8668;9,4280
-0,0986;0,0017;0,9519;0,9569;9,4879
0,0076;-0,0322;1,0070;1,0076;9,5472
-0,0024;-0,0686;1,0441;1,0464;9,6130
0,0654;-0,0647;1,0729;1,0768;9,6667
0,1423;-0,0742;1,0536;1,0658;9,7288
0,0561;-0,0185;0,9914;0,9932;9,7887
0,0088;-0,0329;0,9911;0,9917;9,8480
0,0410;-0,0203;1,0004;1,0015;9,9075
0,0310;-0,0261;0,9870;0,9878;9,9672
0,0093;-0,0481;1,0429;1,0440;10,0276
0,0027;-0,0344;1,1095;1,1101;10,0887
0,0112;-0,0581;1,1276;1,1291;10,1483
-0,0063;-0,0090;1,0714;1,0715;10,2085
-0,0510;-0,0034;1,0583;1,0595;10,2680
-0,0232;-0,0332;-0,1921;0,1963;10,3289
-0,0393;0,0164;0,9584;0,9594;10,3898
-0,0312;0,0085;1,0600;1,0605;10,4582
-0,0276;-0,0015;1,0063;1,0067;10,5085
-0,0173;-0,0122;0,9902;0,9904;10,5684
-0,0391;-0,0344;1,0143;1,0157;10,6280
0,0061;-0,0332;0,9963;0,9968;10,6876
0,0139;-0,0361;0,9826;0,9834;10,7474
0,0564;-0,0342;1,0041;1,0062;10,8084
0,0810;-0,0432;0,9216;0,9262;10,8688
0,1157;-0,1023;0,9975;1,0094;10,9340
-0,0820;0,0112;0,8764;0,8803;10,9880
0,1396;0,1167;3,0586;3,0640;11,0481
0,0486;-0,0425;1,0905;1,0924;11,1093
-0,0432;-0,0256;0,9907;0,9919;11,1680
0,0007;-0,0144;1,0068;1,0069;11,2282
-0,0076;-0,0286;1,0168;1,0172;11,2879
-0,0129;-0,0247;0,9999;1,0003;11,3495
-0,0132;-0,0198;0,9775;0,9778;11,4076
-0,0149;-0,0247;1,0165;1,0169;11,4687
-0,0364;-0,0283;1,0575;1,0585;11,5279
-0,0098;-0,0051;1,1596;1,1596;11,5875
-0,0408;-0,0283;1,0536;1,0548;11,6479
-0,0766;-0,0332;1,0539;1,0572;11,7084
-0,1042;-0,0207;0,9667;0,9726;11,7684
0,0859;-0,0132;0,6426;0,6485;11,8284
-0,0903;0,0002;0,9780;0,9821;11,8888
-0,0815;-0,0222;0,9977;1,0013;11,9513
-0,0737;-0,0205;1,0148;1,0177;12,0079
-0,0801;-0,0220;0,9868;0,9902;12,0681
-0,0591;-0,0205;0,9931;0,9951;12,1278
-0,0232;-0,0229;0,9733;0,9739;12,1876
0,0859;0,0288;0,6975;0,7034;12,2485
-0,0696;-0,0559;0,9226;0,9269;12,3088
-0,0278;-0,0525;1,3802;1,3815;12,3704
0,0461;-0,0276;1,1639;1,1652;12,4285
-0,0295;-0,0300;0,9985;0,9994;12,4913
-0,0288;-0,0378;1,0055;1,0067;12,5473
-0,0193;-0,0405;1,0109;1,0119;12,6092
-0,0283;-0,0478;1,0024;1,0039;12,6675
-0,0107;-0,0549;1,0509;1,0524;12,7275
-0,0303;-0,0293;1,1591;1,1598;12,7879
-0,0793;-0,0793;1,1027;1,1084;12,8527
-0,0576;-0,0539;1,0063;1,0094;12,9075
-0,1572;-0,0691;0,8423;0,8596;12,9672
0,2026;0,0085;0,7000;0,7288;13,0297
-0,0715;-0,0159;1,0107;1,0133;13,0876
-0,0766;-0,0259;0,9953;0,9986;13,1483
-0,0593;-0,0251;0,9904;0,9925;13,2078
-0,0112;-0,0254;0,9572;0,9576;13,2674
-0,0242;-0,0164;0,7324;0,7330;13,3310
-0,1862;-0,0417;0,9455;0,9646;13,3872
-0,0957;-0,0339;1,6772;1,6803;13,4497
0,0913;-0,0503;1,1488;1,1535;13,5077
-0,0810;-0,0637;0,9933;0,9987;13,5670
-0,0415;-0,0505;0,9826;0,9848;13,6275
-0,0639;-0,0715;1,0285;1,0330;13,6875
0,0544;-0,1223;1,2691;1,2762;13,7474
-0,1064;-0,0495;1,0919;1,0982;13,8084
-0,1896;-0,0505;0,8879;0,9093;13,8675
-0,1128;-0,0422;0,8891;0,8972;13,9278
-0,0176;-0,0664;0,8850;0,8876;13,9910
-0,0434;-0,0178;0,9357;0,9369;14,0470
-0,0781;-0,0295;0,9909;0,9944;14,1074
-0,0571;-0,0308;0,9951;0,9972;14,1701
-0,0137;-0,0242;0,9799;0,9803;14,2276
0,0964;0,0073;0,2192;0,2395;14,2871
-0,2245;-0,1123;1,1107;1,1388;14,3477
-0,1791;0,0247;1,1190;1,1336;14,4096
0,0803;0,0310;1,4990;1,5015;14,4675
-0,0615;-0,0403;0,9933;0,9961;14,5270
-0,0759;-0,0432;1,0036;1,0074;14,5898
-0,0576;-0,0561;1,1027;1,1056;14,6464
-0,1625;-0,0337;1,0985;1,1110;14,7077
-0,0644;-0,0786;1,1412;1,1458;14,7684
-0,1208;-0,0510;0,9565;0,9654;14,8290
-0,0744;-0,0046;0,4952;0,5008;14,8880
-0,0749;0,0195;0,9360;0,9392;14,9491
-0,1081;-0,0359;0,9838;0,9904;15,0072
-0,1010;-0,0354;0,9904;0,9962;15,0676
-0,0635;-0,0310;0,9697;0,9722;15,1308
0,0627;0,0361;0,7183;0,7219;15,1874
-0,0447;-0,1320;0,7283;0,7415;15,2471
-0,1252;-0,1972;1,2377;1,2595;15,3070
-0,0888;-0,0742;0,9682;0,9751;15,3678
-0,1079;-0,0752;0,9770;0,9858;15,4322
-0,1040;-0,0810;1,0070;1,0156;15,5140
-0,0681;-0,0632;0,9914;0,9957;15,5198
-0,0698;-0,0669;0,9980;1,0027;15,5273
-0,0810;-0,0700;1,0217;1,0273;15,5494
-0,0854;-0,0696;1,0285;1,0344;15,5733
-0,0801;-0,0974;1,0548;1,0624;15,5949
-0,0266;-0,1464;1,1320;1,1417;15,6119
-0,0027;-0,0535;1,2425;1,2437;15,6297
-0,1848;0,0012;0,9626;0,9802;15,6470
-0,1386;-0,0578;1,0585;1,0691;15,6708
-0,0849;-0,0561;1,0976;1,1023;15,7010
-0,0837;-0,0798;1,0253;1,0318;15,7199
-0,1162;-0,0686;1,0429;1,0516;15,7357
-0,1574;-0,0742;0,9655;0,9811;15,7516
-0,1633;-0,0964;0,9396;0,9586;15,7675
-0,1818;-0,0862;0,9841;1,0044;15,7882
-0,1716;-0,0830;1,0448;1,0621;15,8071
-0,1477;-0,0552;0,9609;0,9737;15,8276
-0,0600;-0,0613;0,9431;0,9470;15,8499
0,0015;-0,0278;0,8420;0,8425;15,8732
-0,1103;-0,0085;0,5140;0,5258;15,8897
-0,0071;-0,0210;0,8039;0,8043;15,9083
-0,0827;-0,0356;0,8698;0,8745;15,9264
-0,1018;-0,0303;0,9909;0,9966;15,9492
-0,1013;-0,0361;0,9855;0,9914;15,9687
-0,0998;-0,0405;0,9919;0,9977;15,9869
-0,1035;-0,0415;0,9916;0,9979;16,0062
-0,0945;-0,0403;0,9914;0,9967;16,0332
-0,0879;-0,0417;0,9907;0,9954;16,0498
-0,0700;-0,0405;0,9899;0,9932;16,0669
-0,0715;-0,0373;0,9948;0,9981;16,0877
-0,0593;-0,0408;0,9907;0,9933;16,1065
-0,0420;-0,0383;0,9872;0,9889;16,1305
0,0405;-0,0220;0,9306;0,9318;16,1492
0,0466;0,0083;0,7093;0,7108;16,1667
-0,0159;-0,0083;0,4842;0,4846;16,1882
-0,2504;-0,0215;0,7029;0,7465;16,2076
-0,1674;-0,1018;0,9038;0,9248;16,2287
-0,1862;-0,0549;1,0097;1,0282;16,2486
-0,1777;-0,0334;1,1810;1,1948;16,2676
-0,0461;-0,0271;0,9887;0,9902;16,2867
-0,0498;0,0356;1,0397;1,0415;16,3068
-0,1211;0,0454;1,7607;1,7654;16,3292
-0,0847;0,0046;1,2008;1,2038;16,3521
-0,0566;-0,0600;1,0873;1,0904;16,3686
-0,0588;-0,0488;0,9387;0,9418;16,3883
0,0088;0,0566;1,0971;1,0986;16,4076
-0,0803;0,0171;1,0480;1,0512;16,4300
-0,0813;0,0176;1,0034;1,0068;16,4566
-0,0818;0,0085;0,9909;0,9943;16,4776
-0,0862;0,0002;0,9914;0,9951;16,4942
-0,0735;0,0083;1,0148;1,0175;16,5109
-0,0898;-0,0051;1,0314;1,0353;16,5278
-0,0918;-0,0061;1,0082;1,0124;16,5501
-0,0769;0,0012;1,0512;1,0540;16,5704
-0,0354;-0,0337;1,1107;1,1118;16,5871
-0,0920;-0,0134;1,1349;1,1387;16,6119
-0,2009;-0,0188;1,1259;1,1438;16,6362
-0,1469;-0,0090;1,2047;1,2137;16,6539
-0,1325;-0,0166;1,1603;1,1679;16,6721
-0,0835;-0,0383;1,0134;1,0175;16,6894
-0,1342;-0,0244;0,9926;1,0019;16,7144
-0,1425;-0,0276;0,9746;0,9853;16,7427
-0,1223;-0,0344;0,9814;0,9896;16,7613
-0,1154;-0,0232;0,9223;0,9298;16,7773
-0,1460;-0,0356;0,9367;0,9487;16,7940
-0,1599;-0,0207;0,9489;0,9625;16,8188
-0,0910;-0,0395;0,9270;0,9323;16,8363
-0,0503;-0,0154;0,7927;0,7945;16,8541
-0,0974;-0,0059;0,8669;0,8724;16,8704
-0,1233;-0,0120;0,8964;0,9050;16,8869
-0,1006;-0,0027;0,9365;0,9419;16,9125
-0,1045;-0,0032;0,9938;0,9993;16,9371
-0,0639;-0,0029;0,9804;0,9825;16,9558
-0,0747;-0,0059;0,9841;0,9869;16,9728
-0,0940;-0,0181;1,0073;1,0118;16,9918
-0,0844;-0,0261;0,9916;0,9956;17,0104
-0,0703;-0,0237;0,9911;0,9939;17,0308
-0,0442;-0,0200;0,9904;0,9916;17,0479
-0,0373;-0,0181;0,9907;0,9915;17,0672
-0,0046;-0,0095;0,9929;0,9929;17,0913
0,0085;-0,0120;1,0012;1,0013;17,1197
0,0581;0,0364;0,9228;0,9253;17,1398
0,2109;0,0261;0,6285;0,6634;17,1608
0,1564;0,0156;0,6892;0,7069;17,1778
0,0290;-0,0127;0,7642;0,7648;17,1945
-0,0593;-0,0315;0,9821;0,9844;17,2116
-0,0818;-0,0332;1,0768;1,0804;17,2279
-0,0107;-0,0098;1,1017;1,1018;17,2495
-0,0298;-0,0420;0,8850;0,8865;17,2673
-0,0195;-0,0217;1,0812;1,0816;17,2943
0,0090;-0,0151;1,1593;1,1594;17,3137
0,0525;-0,0054;1,9779;1,9786;17,3294
0,0288;-0,0149;1,0827;1,0832;17,3477
0,0932;-0,0722;0,9968;1,0037;17,3671
0,0715;-0,0391;0,9907;0,9940;17,3924
0,0366;-0,0237;1,0195;1,0204;17,4125
0,0144;-0,0276;1,0234;1,0238;17,4278
0,0085;-0,0329;1,0182;1,0188;17,4470
-0,0085;-0,0347;0,9897;0,9903;17,4802
-0,0222;-0,0381;0,9999;1,0009;17,4954
-0,0185;-0,0400;0,9987;0,9997;17,5097
0,0281;-0,0371;1,0326;1,0337;17,5276
0,0198;-0,0535;1,0963;1,0978;17,5467
0,0022;-0,0434;1,1571;1,1579;17,5707
-0,0100;-0,0525;1,1622;1,1635;17,5949
-0,0486;-0,0708;1,1244;1,1277;17,6110
-0,0530;-0,0693;1,1630;1,1662;17,6284
-0,0964;-0,0803;1,1859;1,1925;17,6490
-0,0905;-0,0661;1,0134;1,0195;17,6750
-0,0430;-0,0508;0,9853;0,9875;17,6990
-0,0639;-0,0454;0,9948;0,9979;17,7174
-0,0708;-0,0779;0,8820;0,8883;17,7345
-0,0334;-0,0461;0,9519;0,9536;17,7512
-0,0381;0,0234;0,5635;0,5653;17,7761
-0,2426;0,0300;0,6758;0,7187;17,7945
0,0229;0,0139;0,7686;0,7690;17,8122
-0,0771;-0,0032;0,9641;0,9671;17,8288
-0,0610;-0,0068;1,0160;1,0179;17,8544
-0,0478;-0,0146;0,9919;0,9931;17,8772
-0,0586;-0,0237;1,0309;1,0329;17,8939
-0,0393;-0,0188;1,0136;1,0145;17,9097
-0,0354;-0,0151;1,0092;1,0099;17,9273
-0,0046;-0,0107;0,9907;0,9907;17,9519
-0,0185;-0,0142;0,9892;0,9895;17,9749
-0,0161;-0,0120;0,9907;0,9909;17,9922
-0,0151;-0,0195;0,9907;0,9910;18,0089
0,0005;-0,0176;0,9963;0,9964;18,0268
0,0124;-0,0137;0,9931;0,9933;18,0513
0,0481;-0,0178;0,9628;0,9642;18,0812
0,0286;-0,0105;1,0116;1,0121;18,0994
0,0732;0,0000;0,9565;0,9593;18,1161
0,1347;0,0027;0,9165;0,9263;18,1330
0,1865;-0,0088;0,4559;0,4926;18,1492
0,0044;0,0286;0,8044;0,8050;18,1667
-0,0342;0,0124;0,8635;0,8643;18,1918
-0,0317;0,0452;0,9728;0,9744;18,2102
-0,0356;0,0332;1,0636;1,0647;18,2267
0,0085;0,0537;1,0282;1,0297;18,2556
0,0329;0,0115;1,1107;1,1113;18,2767
0,0015;-0,0334;1,0300;1,0305;18,2963
-0,0034;-0,0522;1,3411;1,3422;18,3133
0,1406;0,0081;1,4368;1,4437;18,3304
0,0388;-0,0425;1,0617;1,0632;18,3553
0,0234;-0,0344;1,0126;1,0135;18,3721
0,0220;-0,0232;0,9809;0,9814;18,3881
0,0217;-0,0217;0,9609;0,9614;18,4070
0,0029;-0,0295;0,9816;0,9821;18,4339
-0,0188;-0,0408;1,0495;1,0504;18,4632
-0,0205;-0,0427;1,0048;1,0059;18,4858
-0,0181;-0,0308;1,0160;1,0167;18,4894
-0,0354;-0,0366;1,0300;1,0312;18,5067
0,0088;-0,0305;1,1369;1,1373;18,5297
-0,0146;-0,0427;1,1444;1,1453;18,5619
-0,0273;-0,0225;1,1222;1,1228;18,5666
-0,0237;-0,0195;1,1749;1,1753;18,5928
-0,0276;-0,0259;1,1791;1,1797;18,6138
-0,0539;-0,0151;1,0700;1,0714;18,6321
-0,0735;-0,0434;1,0073;1,0109;18,6486
-0,0761;-0,0329;0,9138;0,9175;18,6721
-0,0552;0,0020;0,9184;0,9201;18,6902
-0,0544;-0,0115;0,8762;0,8780;18,7300
-0,0556;-0,0156;1,0153;1,0170;18,7337
-0,0681;-0,0151;1,1915;1,1936;18,7503
0,1274;0,0334;0,6961;0,7084;18,7676
-0,0478;0,0195;0,9621;0,9635;18,7880
-0,0705;0,0178;0,9860;0,9887;18,8128
-0,0337;0,0024;0,9343;0,9349;18,8357
-0,0459;-0,0173;1,0087;1,0099;18,8518
-0,0486;-0,0212;1,0163;1,0177;18,8670
-0,0227;-0,0200;0,9929;0,9933;18,8874
-0,0376;-0,0271;0,9919;0,9930;18,9117
-0,0356;-0,0298;1,0087;1,0098;18,9339
0,0129;-0,0188;0,9907;0,9909;18,9677
0,0205;-0,0308;1,0063;1,0070;19,0269
0,0742;0,0078;0,9353;0,9382;19,0871
0,0681;0,0000;0,8872;0,8898;19,1468
-0,0112;-0,0017;0,9794;0,9795;19,2071
-0,0037;-0,0713;1,1200;1,1223;19,2694
0,0124;-0,0713;1,1273;1,1297;19,3302
0,0349;-0,0151;0,9670;0,9677;19,3867
-0,0110;-0,0251;1,0341;1,0345;19,4469
0,0993;-0,0103;1,1513;1,1556;19,5070
-0,0535;-0,0071;1,1569;1,1581;19,5686
-0,0339;-0,0137;1,1132;1,1138;19,6266
-0,1164;0,0159;0,9426;0,9499;19,6869
-0,0678;0,0361;1,0661;1,0688;19,7520
-0,0644;0,0085;1,0226;1,0247;19,8071
-0,0513;0,0007;0,9650;0,9664;19,8678
-0,0305;-0,0117;0,9684;0,9690;19,9275
0,0271;-0,0090;1,0302;1,0306;19,9881
0,0371;0,0041;0,8925;0,8933;20,0499
0,1369;-0,0046;0,7827;0,7946;20,0907
0,0742;-0,0029;0,8618;0,8650;20,0990
-0,0327;0,0002;0,9509;0,9514;20,1247
-0,0378;-0,0444;1,0758;1,0774;20,1302
-0,0300;-0,0349;0,8923;0,8935;20,1470
0,0085;-0,0286;1,0444;1,0448;20,1692
0,0198;-0,0247;1,1915;1,1919;20,1930
0,0085;-0,0532;1,1056;1,1069;20,2096
0,0464;-0,0517;1,2669;1,2688;20,2337
0,0120;-0,0620;1,2320;1,2337;20,2594
0,0339;-0,0696;1,0993;1,1020;20,2807
0,0339;-0,0410;1,0378;1,0391;20,2986
0,0984;-0,0203;1,0400;1,0448;20,3144
0,0654;-0,0142;0,9726;0,9749;20,3318
0,0085;-0,0247;0,9909;0,9912;20,3572
-0,0037;-0,0227;1,0165;1,0168;20,3763
0,0154;-0,0081;1,0251;1,0252;20,3943
0,0486;-0,0002;1,0248;1,0260;20,4114
0,0298;0,0037;1,0068;1,0072;20,4284
-0,0112;-0,0059;0,9870;0,9871;20,4541
-0,0137;-0,0076;1,0331;1,0332;20,4795
0,0100;-0,0142;1,1103;1,1104;20,4971
0,0022;0,0095;1,0946;1,0947;20,5135
0,0085;-0,0034;1,0165;1,0166;20,5292
0,0066;-0,0044;1,0929;1,0930;20,5490
-0,0576;0,0115;1,0653;1,0670;20,5714
-0,0527;-0,0066;1,0815;1,0828;20,5891
-0,0412;-0,0002;0,9943;0,9952;20,6079
-0,0244;0,0120;0,9875;0,9879;20,6302
-0,0439;0,0212;1,0116;1,0128;20,6563
-0,0381;0,0181;0,9684;0,9694;20,6781
-0,0073;0,0176;0,9465;0,9467;20,6948
-0,0061;0,0244;0,9231;0,9234;20,7108
-0,0383;0,0261;1,0226;1,0237;20,7329
-0,0747;0,0271;1,0688;1,0717;20,7566
0,0237;-0,0046;0,8218;0,8221;20,7747
-0,0735;-0,0020;1,0058;1,0085;20,7919
0,0486;0,0442;0,9650;0,9673;20,8192
-0,0254;0,0151;0,9694;0,9699;20,8450
-0,0718;0,0027;0,9960;0,9986;20,8608
-0,0469;0,0029;0,9880;0,9891;20,8771
-0,0132;0,0083;0,9787;0,9788;20,8930
0,0039;0,0098;0,9909;0,9910;20,9172
0,0288;0,0239;0,9816;0,9823;20,9374
0,0400;0,0234;0,9836;0,9847;20,9572
0,0320;0,0132;0,9836;0,9842;20,9742
0,0366;0,0098;1,0090;1,0097;20,9903
0,0491;0,0107;0,9992;1,0005;21,0161
0,0705;0,0164;0,9933;0,9960;21,0374
0,0678;0,0268;1,0012;1,0038;21,0548
0,0815;0,0412;1,0141;1,0182;21,0715
0,0737;0,0478;0,9458;0,9498;21,0893
0,3136;0,0627;0,7141;0,7825;21,1155
0,0466;0,0686;0,8698;0,8738;21,1443
0,0276;0,0459;0,8762;0,8778;21,1610
0,0308;0,0105;0,8642;0,8648;21,1770
0,0735;0,0015;0,9526;0,9554;21,1939
0,0769;0,0151;0,9909;0,9940;21,2102
0,0137;0,0261;1,0434;1,0438;21,2356
-0,0161;-0,0278;1,1190;1,1195;21,2533
0,0271;-0,0586;1,0744;1,0763;21,2700
0,0730;-0,0564;1,2621;1,2654;21,2943
0,0740;-0,0635;1,3053;1,3089;21,3174
0,0954;-0,0456;1,0397;1,0451;21,3381
0,1113;-0,0471;0,9990;1,0062;21,3549
0,1330;-0,0247;0,9846;0,9938;21,3714
0,0837;-0,0312;1,0163;1,0202;21,3970
0,0454;-0,0434;0,9960;0,9980;21,4153
0,0432;-0,0442;1,0170;1,0189;21,4339
0,0622;-0,0376;1,0029;1,0055;21,4496
0,0718;-0,0312;1,0116;1,0147;21,4732
0,0678;-0,0361;1,0055;1,0085;21,4912
0,0693;-0,0383;1,0019;1,0050;21,5142
0,1071;-0,0596;1,0104;1,0178;21,5357
0,0652;-0,0769;1,1493;1,1537;21,5526
0,0395;-0,0842;1,1866;1,1903;21,5689
0,0442;-0,0796;1,0832;1,0870;21,5932
0,0115;-0,0664;1,0407;1,0429;21,6186
0,0439;-0,0847;1,0807;1,0849;21,6371
0,0544;-0,0901;0,9614;0,9671;21,6536
0,0256;-0,0725;0,9065;0,9097;21,6789
-0,0261;-0,0644;0,8113;0,8142;21,7017
0,0210;-0,1020;0,9951;1,0005;21,7199
0,0434;-0,0805;0,9870;0,9912;21,7462
0,0215;-0,0818;0,9972;1,0008;21,7497
0,0251;-0,0847;1,0907;1,0943;21,7760
0,0085;-0,0898;1,1957;1,1991;21,7988
0,0329;-0,0969;1,0095;1,0146;21,8148
0,0095;-0,0957;0,8813;0,8865;21,8295
0,0095;-0,0708;0,8242;0,8273;21,8498
-0,0007;-0,0325;0,9011;0,9017;21,8721
0,0420;-0,0103;0,8767;0,8777;21,8973
0,0408;-0,0017;0,9521;0,9530;21,9172
0,0337;-0,0020;0,9702;0,9707;21,9345
0,0347;-0,0156;0,9899;0,9907;21,9510
0,0383;-0,0134;0,9982;0,9991;21,9758
0,0483;-0,0044;1,0095;1,0106;21,9959
0,0859;-0,0020;0,9960;0,9997;22,0137
0,0954;-0,0002;0,9731;0,9778;22,0308
0,0991;0,0005;0,9838;0,9888;22,0577
0,1337;0,0237;0,8144;0,8257;22,0813
0,0844;0,0124;0,8144;0,8189;22,1029
0,1025;0,0503;0,7071;0,7162;22,1210
0,0459;-0,0444;0,7935;0,7960;22,1375
0,0898;-0,0303;0,9558;0,9604;22,1545
0,0583;-0,0696;1,0895;1,0933;22,1705
0,1652;-0,0500;1,7058;1,7145;22,1911
0,1350;-0,0142;1,1481;1,1561;22,2103
0,0905;-0,0822;1,2335;1,2396;22,2285
0,0864;-0,0871;1,0509;1,0581;22,2510
0,1198;-0,0654;1,0124;1,0215;22,2799
0,1547;-0,0356;1,0053;1,0178;22,3002
0,1140;-0,0383;1,0141;1,0212;22,3167
0,0610;-0,0488;0,9836;0,9867;22,3327
0,0530;-0,0442;1,0097;1,0120;22,3568
0,1325;-0,0388;1,0217;1,0309;22,3761
0,1560;-0,0356;1,0387;1,0510;22,3937
0,1330;-0,0381;1,0180;1,0274;22,4099
0,1279;-0,0288;1,0514;1,0596;22,4351
0,1313;-0,0276;1,0121;1,0210;22,4694
0,1347;-0,0146;1,0097;1,0187;22,4743
0,0969;-0,0156;0,9907;0,9955;22,4940
0,0969;-0,0596;1,0595;1,0656;22,5126
0,0879;-0,0571;1,0358;1,0411;22,5345
0,0596;-0,0295;1,1049;1,1069;22,5630
0,0879;-0,0107;1,1041;1,1077;22,5817
0,0337;-0,0369;1,0566;1,0577;22,5991
-0,0183;-0,0417;1,0446;1,0456;22,6158
-0,0022;-0,0308;1,1495;1,1500;22,6320
0,0205;-0,0378;1,0736;1,0745;22,6555
0,0566;-0,0276;0,8913;0,8935;22,6739
-0,0007;-0,0212;0,9526;0,9528;22,6905
0,0210;-0,0364;1,0624;1,0632;22,7102
0,0586;-0,0247;0,8618;0,8641;22,7341
0,0342;-0,0010;0,9184;0,9191;22,7611
0,0090;0,0088;0,9553;0,9554;22,7800
-0,0561;-0,0225;0,6612;0,6639;22,7973
0,0156;0,0085;0,9084;0,9086;22,8144
0,0427;0,0256;0,9362;0,9376;22,8313
0,0303;0,0222;0,9716;0,9723;22,8551
0,0347;0,0173;0,9919;0,9926;22,8740
0,0452;0,0112;1,0004;1,0015;22,8919
0,0395;0,0090;0,9985;0,9993;22,9196
0,0520;0,0085;0,9902;0,9916;22,9391
0,0576;0,0103;0,9907;0,9924;22,9559
0,0642;0,0071;0,9909;0,9930;22,9718
0,0932;0,0090;0,9941;0,9985;22,9912
0,1655;0,0461;0,8010;0,8192;23,0165
0,1696;0,0151;0,8347;0,8519;23,0364
0,0452;-0,0054;1,0053;1,0063;23,0544
0,0596;0,0247;0,9738;0,9759;23,0697
0,0747;0,0273;1,0009;1,0041;23,0958
0,0627;0,0183;1,0309;1,0330;23,1220
0,0610;-0,0239;0,8525;0,8550;23,1424
0,1372;0,0146;0,8891;0,8998;23,1594
0,0781;0,0268;1,1049;1,1080;23,1765
0,0122;0,0124;1,1144;1,1145;23,2007
-0,0752;-0,0432;1,0505;1,0540;23,2210
0,0210;-0,0537;1,1532;1,1546;23,2382
0,1616;0,0037;1,2120;1,2228;23,2550
0,1787;0,0229;1,1676;1,1814;23,2711
0,1089;-0,0051;1,0046;1,0105;23,2986
0,0661;-0,0220;0,9709;0,9734;23,3227
0,0596;-0,0234;0,9909;0,9930;23,3426
0,0317;-0,0356;1,0153;1,0164;23,3592
0,0761;-0,0300;1,0631;1,0663;23,3759
0,0456;-0,0456;0,9924;0,9945;23,3925
-0,0256;-0,1135;0,9965;1,0033;23,4183
-0,0288;-0,0329;0,9855;0,9865;23,4403
-0,0305;-0,0203;1,0461;1,0467;23,4621
-0,0308;-0,0661;1,0383;1,0408;23,4803
-0,0312;-0,1003;1,0292;1,0346;23,4973
0,0422;-0,0088;1,0339;1,0348;23,5323
-0,0039;-0,0032;0,9519;0,9519;23,5902
0,0532;-0,0122;0,9436;0,9451;23,6494
0,0476;-0,0408;1,0722;1,0740;23,7098
0,1008;-0,0254;0,9699;0,9755;23,7710
0,0766;-0,0510;1,0356;1,0397;23,8297
0,0542;-0,0347;1,0634;1,0653;23,8897
-0,0966;-0,0549;0,9375;0,9440;23,9514
0,1469;-0,0051;0,8911;0,9031;24,0100
0,0874;0,0100;1,1051;1,1086;24,0699
0,1325;0,0715;0,8054;0,8194;24,1298
0,0088;0,0273;0,9877;0,9881;24,1933
0,1264;0,0093;1,0319;1,0397;24,2505
0,1157;0,0085;0,9455;0,9526;24,3105
0,0854;-0,0349;0,9885;0,9928;24,3733
0,2814;-0,0093;0,9387;0,9800;24,4291
0,2665;-0,0403;0,9931;1,0290;24,5136
0,2211;-0,0603;1,0107;1,0363;24,5495
0,2665;-0,0452;1,0197;1,0549;24,6165
0,2975;-0,0342;0,9519;0,9979;24,6287
0,2470;-0,0259;0,9443;0,9764;24,6595
0,2255;-0,0359;0,9863;1,0124;24,6881
0,2243;-0,0430;1,0326;1,0576;24,6936
0,2358;-0,0166;0,9433;0,9725;24,7137
0,2167;-0,0225;0,9741;0,9981;24,7382
0,2133;-0,0256;0,9868;1,0099;24,7589
0,3212;-0,0288;1,0993;1,1456;24,7772
0,2648;0,0171;1,0321;1,0657;24,7958
0,1748;0,0271;0,8611;0,8790;24,8126
0,0210;-0,0376;0,7959;0,7971;24,8356
0,1599;-0,0063;1,1027;1,1142;24,8607
0,2079;0,0222;1,0268;1,0479;24,8802
0,2492;0,0495;0,9340;0,9680;24,8984
0,2580;0,0329;0,8806;0,9182;24,9150
0,2101;0,0491;0,9799;1,0034;24,9316
0,2021;0,0608;0,9919;1,0141;24,9561
0,2067;0,0332;0,9794;1,0016;24,9715
0,1987;0,0017;0,9479;0,9685;24,9896
0,1538;0,0347;1,0053;1,0176;25,0132
0,1791;0,0156;1,0609;1,0761;25,0429
0,2201;-0,0115;1,1112;1,1329;25,0622
0,2221;-0,0295;1,0207;1,0450;25,0804
0,1828;-0,0312;1,0402;1,0566;25,0971
0,1525;0,0117;1,0817;1,0925;25,1130
0,2153;0,0276;1,0629;1,0848;25,1381
0,2031;-0,0422;0,7908;0,8175;25,1594
0,1474;-0,0449;0,9189;0,9317;25,1781
0,1250;-0,0222;1,0775;1,0850;25,1944
0,1298;-0,0073;1,0221;1,0304;25,2193
0,2111;-0,0642;0,9030;0,9296;25,2420
0,1852;-0,0688;0,8240;0,8473;25,2593
0,1994;-0,0359;0,9033;0,9257;25,2751
0,1535;-0,0461;1,0841;1,0959;25,2905
0,0124;-0,0520;0,6722;0,6743;25,3122
0,1174;-0,0966;0,8352;0,8489;25,3382
0,0918;-0,0871;0,9890;0,9970;25,3552
0,1115;-0,0754;0,9694;0,9787;25,3720
0,0779;-0,0813;0,9975;1,0038;25,3980
0,0927;-0,0752;0,9826;0,9898;25,4209
0,1025;-0,0740;0,9797;0,9878;25,4409
0,0901;-0,0854;1,0082;1,0158;25,4577
0,0522;-0,0798;1,0461;1,0504;25,4790
0,0866;-0,0583;0,9921;0,9976;25,4949
0,0952;-0,0639;0,9907;0,9973;25,5113
0,0905;-0,0542;0,9587;0,9645;25,5309
0,0940;-0,0295;0,9782;0,9832;25,5504
0,1091;-0,0222;0,9218;0,9285;25,5703
0,1921;-0,0066;0,7200;0,7452;25,5980
-0,1679;-0,0630;1,1522;1,1661;25,6182
0,1306;-0,0391;0,9189;0,9290;25,6387
0,1701;-0,0225;0,8799;0,8964;25,6570
0,0810;-0,0154;0,9643;0,9678;25,6743
0,0471;-0,0142;0,9907;0,9919;25,6907
0,0144;-0,0168;0,9948;0,9951;25,7163
0,0373;-0,0408;1,1542;1,1555;25,7351
0,0781;-0,0190;0,9868;0,9900;25,7524
0,0522;-0,0122;1,0009;1,0023;25,7680
0,0947;-0,0273;1,0431;1,0478;25,7893
0,0847;-0,0244;1,0766;1,0802;25,8169
0,0820;-0,0378;1,0077;1,0118;25,8329
0,1064;-0,0078;0,9999;1,0056;25,8491
0,1364;0,0185;1,0719;1,0807;25,8727
0,1198;0,0171;1,0585;1,0654;25,8998
0,1110;0,0085;0,9890;0,9952;25,9213
0,2045;0,0085;0,9619;0,9834;25,9384
0,2209;0,0369;1,0817;1,1046;25,9545
0,1945;0,0181;1,0468;1,0649;25,9704
0,1679;0,0085;1,0573;1,0706;25,9942
0,1623;0,0085;1,0383;1,0509;26,0183
0,1528;0,0110;1,0190;1,0304;26,0370
0,1396;0,0124;1,0012;1,0109;26,0538
0,2267;0,0442;1,1127;1,1364;26,0704
0,1860;0,0215;1,0121;1,0293;26,0972
0,1616;0,0132;1,0531;1,0655;26,1146
0,1213;0,0476;1,0980;1,1058;26,1325
0,0808;-0,0039;1,0241;1,0273;26,1495
0,1867;0,0115;1,0941;1,1100;26,1782
0,1242;0,0071;0,9550;0,9631;26,2009
0,0796;0,0376;1,0551;1,0588;26,2198
0,0964;-0,0051;1,0485;1,0529;26,2372
0,1181;0,0181;0,9684;0,9758;26,2543
0,0908;0,0300;0,8852;0,8904;26,2711
0,0949;0,0305;1,0068;1,0117;26,2931
0,1259;-0,0137;0,9043;0,9131;26,3144
-0,1233;-0,0930;0,1503;0,2155;26,3326
0,1589;0,0276;0,9126;0,9267;26,3594
0,1904;0,0247;0,8764;0,8972;26,3802
0,1401;0,0217;0,9748;0,9850;26,3970
0,1106;-0,0005;1,1071;1,1126;26,4126
0,1374;-0,0300;0,9804;0,9904;26,4298
0,0915;-0,0471;1,0243;1,0295;26,4544
0,0761;-0,0569;1,0334;1,0377;26,4804
0,0822;-0,0522;1,0092;1,0139;26,4987
0,1032;-0,0471;0,9907;0,9971;26,5122
0,0898;-0,0510;0,9789;0,9844;26,5291
0,0866;-0,0527;0,9907;0,9958;26,5501
0,0927;-0,0510;1,0021;1,0077;26,5754
0,0979;-0,0542;0,9921;0,9984;26,5919
0,1135;-0,0456;0,9824;0,9899;26,6087
0,1142;-0,0464;0,9951;1,0027;26,6290
0,1130;-0,0505;1,0004;1,0080;26,6530
0,0910;-0,0493;0,9702;0,9757;26,6763
0,1023;-0,0547;0,9799;0,9868;26,6950
0,1630;-0,0359;0,9296;0,9445;26,7109
0,1870;-0,0237;0,6912;0,7164;26,7296
-0,0229;-0,0642;1,1488;1,1508;26,7561
0,1647;-0,1340;0,5272;0,5683;26,7780
0,1411;-0,0422;1,0766;1,0866;26,7961
0,0303;-0,0093;0,9741;0,9746;26,8123
0,0391;-0,0015;1,0959;1,0965;26,8378
0,1140;-0,0700;0,9606;0,9699;26,8612
0,0862;-0,0076;1,1261;1,1294;26,8828
0,0905;0,0049;1,1312;1,1349;26,9011
0,1042;-0,0178;1,0414;1,0468;26,9180
0,1384;-0,0491;1,1993;1,2083;26,9350
0,0898;-0,0476;1,1271;1,1317;26,9518
0,1569;-0,0278;1,0880;1,0997;26,9759
0,1706;-0,0207;0,9843;0,9992;26,9925
0,2053;0,0085;1,0339;1,0541;27,0092
0,1789;0,0071;1,0409;1,0562;27,0371
0,1494;-0,0039;1,0146;1,0255;27,0576
0,1357;-0,0107;0,9946;1,0038;27,0802
0,1460;-0,0107;0,9921;1,0029;27,0983
0,1460;-0,0029;1,0104;1,0209;27,1143
0,1518;-0,0032;1,0097;1,0210;27,1388
0,2714;-0,0083;1,2384;1,2678;27,1570
0,1716;0,0122;1,0707;1,0844;27,1753
0,1716;0,0381;1,2513;1,2636;27,1924
0,1025;-0,0225;1,0866;1,0916;27,2182
0,1901;-0,0173;1,2452;1,2598;27,2408
0,1223;-0,0112;1,0509;1,0581;27,2612
0,0657;0,0198;0,9946;0,9969;27,2780
0,1254;0,0300;0,9965;1,0048;27,2949
0,1562;0,0083;0,6236;0,6429;27,3195
0,1769;-0,0071;0,7439;0,7647;27,3409
0,0818;-0,0298;0,8547;0,8591;27,3598
0,0608;-0,0268;0,9199;0,9223;27,3767
0,0920;-0,0344;0,9016;0,9069;27,3935
0,0329;-0,0718;1,0295;1,0325;27,4190
0,0683;-0,0908;1,0387;1,0449;27,4422
0,0491;-0,0986;1,0705;1,0761;27,4621
0,0700;-0,1132;1,0497;1,0581;27,4791
0,0747;-0,1259;1,0002;1,0108;27,4968
0,0410;-0,1228;0,9855;0,9940;27,5134
0,0471;-0,1135;0,9921;0,9997;27,5302
0,0661;-0,0993;0,9755;0,9828;27,5606
0,0591;-0,0996;0,9492;0,9562;27,5776
0,0596;-0,0940;0,9594;0,9658;27,5947
0,0354;-0,1020;0,9863;0,9922;27,6108
0,0642;-0,0725;0,9548;0,9597;27,6431
0,0718;-0,0859;0,9565;0,9630;27,6481
0,1179;-0,0730;0,8188;0,8305;27,6769
0,1982;-0,0988;0,8947;0,9217;27,6960
0,0022;-0,0510;0,8415;0,8431;27,7147
0,1994;-0,1057;0,9611;0,9873;27,7324
0,0454;-0,0710;0,8352;0,8394;27,7499
0,0268;-0,1069;1,0663;1,0720;27,7695
0,0098;-0,0500;0,9767;0,9781;27,7981
-0,0129;-0,0949;1,0871;1,0913;27,8195
0,0264;-0,1276;0,9809;0,9895;27,8378
0,0449;-0,0537;1,0624;1,0647;27,8551
0,0881;-0,0500;1,1986;1,2029;27,8710
0,0698;-0,0920;1,1303;1,1361;27,8929
0,1306;-0,0686;1,0424;1,0528;27,9177
0,1472;-0,0439;1,0407;1,0520;27,9337
0,1972;-0,0308;1,0468;1,0657;27,9505
0,1704;-0,0261;0,9699;0,9851;27,9702
0,1652;-0,0264;0,9904;1,0044;27,9934
0,1655;-0,0264;1,0095;1,0233;28,0171
0,1411;-0,0315;1,0209;1,0311;28,0330
0,1374;-0,0217;1,0175;1,0270;28,0898
0,1091;-0,0386;0,9594;0,9664;28,1491
0,0954;-0,0530;1,0949;1,1003;28,2087
0,0691;-0,0315;1,0429;1,0456;28,2702
0,1384;0,0085;0,7437;0,7565;28,3285
0,0549;-0,0339;0,9765;0,9786;28,3887
0,0779;-0,0481;1,0275;1,0316;28,4531
0,0647;-0,0449;0,9907;0,9938;28,5084
0,0681;-0,0508;0,9904;0,9940;28,5691
0,1499;-0,0359;0,8345;0,8486;28,6308
0,1045;-0,0844;0,8576;0,8681;28,6889
0,0159;-0,0549;0,9631;0,9648;28,7488
0,1416;-0,0535;1,0095;1,0207;28,8148
0,2006;-0,0510;1,0348;1,0553;28,8687
0,2345;0,0007;0,9946;1,0218;28,9291
0,2179;-0,0002;0,9921;1,0158;28,9896
0,2426;0,0051;0,9689;0,9989;29,0496
0,1689;-0,0281;0,9602;0,9753;29,1122
0,2043;-0,0007;1,0697;1,0891;29,1691
0,1689;-0,0898;1,0182;1,0361;29,2300
0,1867;-0,0417;0,9677;0,9864;29,2936
0,0039;-0,2978;1,0109;1,0539;29,3572
0,1123;-0,0945;0,9860;0,9969;29,4104
0,1267;-0,0710;1,0112;1,0215;29,4751
0,2170;-0,0747;0,9907;1,0169;29,5293
0,4030;-0,2048;0,9318;1,0357;29,5910
0,0591;-0,1474;0,9907;1,0033;29,6517
0,1955;-0,1633;0,9746;1,0073;29,7093
0,1860;-0,1320;0,9907;1,0166;29,7704
0,1901;-0,1098;0,9843;1,0085;29,8292
0,1452;-0,1037;1,0104;1,0261;29,8933
0,1879;-0,1189;0,9887;1,0134;29,9494
0,1330;-0,0359;0,9894;0,9990;30,0093
0,1643;-0,0278;0,9299;0,9447;30,0728
0,2089;0,0105;0,9628;0,9853;30,1308
0,1023;-0,0205;0,9907;0,9961;30,1897
0,1184;-0,0071;1,0348;1,0416;30,2494
0,1262;-0,0417;0,9836;0,9925;30,3089
0,1884;-0,0181;0,9760;0,9942;30,3698
0,1152;-0,0161;0,9628;0,9698;30,4350
0,0498;0,0144;1,0136;1,0149;30,4973
0,0725;-0,0705;0,9152;0,9208;30,5505
0,0486;0,0195;1,0187;1,0201;30,6100
0,1650;0,0483;1,1325;1,1454;30,6703
0,0974;0,0222;1,0055;1,0105;30,7299
0,1596;0,0727;0,9145;0,9312;30,7902
0,0391;0,1206;0,8586;0,8679;30,8518
0,3168;0,1467;0,8432;0,9127;30,9103
0,1645;0,0683;1,0727;1,0874;30,9703
0,1008;0,0598;0,9675;0,9745;31,0318
0,1350;0,0671;0,9138;0,9261;31,0900
0,1623;0,0615;0,9938;1,0089;31,1498
0,1284;0,0312;0,9911;0,9999;31,2103
0,1181;0,0259;1,0092;1,0164;31,2696
0,1450;-0,0081;0,9977;1,0082;31,3299
0,1809;-0,0171;0,9985;1,0149;31,3909
0,1655;0,0093;1,0014;1,0150;31,4521
0,1840;-0,0022;0,9924;1,0093;31,5106
0,1525;-0,0127;0,9894;1,0012;31,5726
0,1862;-0,0110;0,9907;1,0081;31,6297
0,1867;-0,0349;1,0885;1,1050;31,6900
0,1491;-0,0127;1,0956;1,1058;31,7500
0,0966;-0,0256;0,8928;0,8984;31,8098
0,1167;-0,0039;0,8564;0,8643;31,8707
0,0447;-0,0547;0,5562;0,5607;31,9299
0,1130;-0,0098;0,9802;0,9867;31,9918
0,1257;-0,0488;1,0434;1,0521;32,0535
0,1262;-0,0993;0,9633;0,9766;32,1126
0,1650;-0,1220;0,9990;1,0198;32,1702
0,1845;-0,0452;0,7066;0,7317;32,2303
0,2067;-0,1408;1,2430;1,2679;32,2912
0,1386;-0,1647;1,2760;1,2940;32,3507
0,1147;-0,1015;1,0539;1,0649;32,4102
0,1716;-0,0378;0,9604;0,9763;32,4791
0,1635;-0,0264;1,0043;1,0179;32,5309
0,2014;-0,0556;1,1842;1,2025;32,5897
0,1045;-0,0124;1,1124;1,1174;32,6506
0,0398;-0,0583;0,9653;0,9679;32,7110
0,0779;-0,0134;0,7778;0,7818;32,7698
0,1577;-0,0412;0,8708;0,8859;32,8305
0,0554;-0,0422;1,0141;1,0165;32,8908
0,0678;-0,0452;0,9472;0,9507;32,9509
0,0769;-0,0491;0,9843;0,9885;33,0132
0,1118;-0,0537;0,9814;0,9892;33,0697
0,2158;-0,0332;0,5963;0,6350;33,1311
-0,0947;-0,0417;1,3516;1,3556;33,1912
0,2712;-0,0996;1,3277;1,3588;33,2510
0,0671;-0,0727;0,9882;0,9932;33,3105
0,1154;-0,0554;0,9472;0,9558;33,3703
0,1079;-0,0698;1,0197;1,0278;33,4300
0,1274;-0,1218;1,0292;1,0442;33,5046
0,0874;-0,0898;1,1822;1,1889;33,5620
0,0351;-0,0771;0,8728;0,8769;33,6117
0,0959;-0,0754;0,9335;0,9415;33,6716
0,1552;-0,0488;0,9716;0,9852;33,7303
0,1481;-0,0417;0,7334;0,7494;33,7919
0,0866;-0,0356;0,9811;0,9856;33,8531
0,1291;-0,0591;1,0231;1,0329;33,9152
0,1586;-0,0642;0,9972;1,0118;33,9702
0,1779;-0,0617;0,9907;1,0084;34,0303
0,1857;0,0129;0,6531;0,6791;34,0922
0,0915;-0,0391;0,8894;0,8949;34,1509
0,2016;-0,0847;1,1810;1,2011;34,2100
0,3092;-0,0264;1,0927;1,1359;34,2701
0,1601;-0,0105;0,9572;0,9706;34,3302
0,1645;-0,0144;1,0134;1,0267;34,3900
0,2016;-0,0027;1,0561;1,0751;34,4512
0,1306;-0,0205;1,0963;1,1043;34,5157
0,0818;0,0110;0,9846;0,9880;34,5703
0,0630;0,0012;0,9479;0,9500;34,6313
0,1250;0,0015;0,8835;0,8923;34,6929
0,1367;-0,0166;0,9526;0,9625;34,7499
0,0849;-0,0459;0,9907;0,9954;34,8100
0,1169;-0,0469;0,9897;0,9977;34,8732
0,1257;-0,0486;0,9843;0,9935;34,9303
0,1608;-0,0491;0,9826;0,9969;34,9904
0,2385;0,0242;0,8245;0,8586;35,0505
0,1025;-0,0552;0,8579;0,8657;35,1102
0,1025;-0,0737;0,9135;0,9222;35,1701
0,3471;-0,0461;1,4363;1,4784;35,2310
0,3058;-0,0183;1,0239;1,0687;35,2899
0,1974;-0,0342;0,9880;1,0081;35,3507
0,2165;-0,0171;0,9909;1,0144;35,4105
0,2514;-0,0391;1,1181;1,1466;35,4692
0,2228;-0,0124;1,1286;1,1504;35,5311
0,1418;0,0100;0,9965;1,0066;35,5930
0,1323;-0,0066;0,9277;0,9371;35,6498
0,1464;-0,0295;1,0810;1,0912;35,7101
0,1530;-0,0393;0,9614;0,9743;35,7714
0,1547;-0,0456;0,9921;1,0052;35,8305
0,1538;-0,0517;0,9807;0,9940;35,8896
0,2070;-0,0408;0,9853;1,0076;35,9502
0,2060;-0,0495;0,9828;1,0054;36,0141
0,2538;-0,0083;0,5884;0,6409;36,0699
0,0891;0,0159;0,8479;0,8527;36,1299
0,2392;-0,0361;1,3021;1,3244;36,1924
0,3436;-0,0273;1,1786;1,2280;36,2492
0,2509;0,0063;0,9082;0,9422;36,3096
0,1948;-0,0056;0,9724;0,9917;36,3701
0,2448;-0,0012;0,9907;1,0205;36,4342
0,2070;-0,0024;1,0112;1,0321;36,4910
0,2350;0,0068;1,0963;1,1213;36,5500
0,1594;0,0085;1,0312;1,0435;36,6096
0,0754;0,0261;0,9218;0,9253;36,6719
0,0805;-0,0315;0,0720;0,1125;36,7304
0,1745;-0,0090;0,9780;0,9935;36,7904
0,1508;-0,0351;0,9968;1,0087;36,8504
0,1542;-0,0344;0,9848;0,9974;36,9148
0,1718;-0,0337;0,9789;0,9945;36,9696
0,2014;-0,0300;0,9902;1,0109;37,0296
0,1940;0,0264;0,6780;0,7057;37,0892
0,0637;-0,0068;0,7700;0,7727;37,1497
0,2014;-0,0322;1,2747;1,2910;37,2098
0,3515;-0,0461;1,2211;1,2715;37,2697
0,2487;-0,0124;0,9348;0,9674;37,3353
0,2145;-0,0237;0,9960;1,0191;37,3893
0,2287;-0,0239;1,0185;1,0441;37,4501
0,2568;-0,0317;1,0544;1,0856;37,5104
0,2101;0,0320;1,0700;1,0909;37,5730
0,0996;0,0234;1,0468;1,0518;37,6292
0,1748;0,1015;0,9907;1,0111;37,6905
0,1567;0,0239;0,8664;0,8808;37,7495
0,1413;0,0334;0,9787;0,9894;37,8096
0,1665;-0,0164;0,9377;0,9525;37,8693
0,1367;-0,0215;0,9780;0,9877;37,9301
0,1484;-0,0271;0,9802;0,9917;37,9929
0,1750;-0,0239;0,9816;0,9974;38,0495
0,2077;-0,0068;0,9684;0,9905;38,1092
0,1982;-0,0188;0,9450;0,9658;38,1732
0,1215;-0,0005;0,8364;0,8452;38,2303
0,1865;0,0503;1,1993;1,2148;38,2893
0,2653;-0,0759;1,0673;1,1024;38,3494
0,2397;-0,0024;0,9382;0,9683;38,4099
0,2084;-0,0151;1,0060;1,0275;38,4740
0,1989;-0,0185;1,0185;1,0379;38,5289
0,2304;-0,0276;1,1688;1,1916;38,5894
0,1267;0,0134;1,0173;1,0252;38,6487
0,1462;0,0085;0,9894;1,0002;38,7089
0,0879;0,0278;0,6202;0,6270;38,7692
0,1618;0,0063;0,9677;0,9812;38,8382
0,1494;0,0017;1,0116;1,0226;38,8935
0,1494;-0,0188;0,9667;0,9784;38,9501
0,1733;-0,0342;0,9907;1,0063;39,0087
0,1677;-0,0439;0,9733;0,9886;39,0729
0,2194;-0,0373;0,9841;1,0089;39,1291
0,2223;-0,0041;0,5889;0,6295;39,1889
0,0703;-0,0491;0,7771;0,7818;39,2490
0,7744;-0,0571;2,6483;2,7598;39,3097
0,2360;-0,0932;0,9765;1,0089;39,3728
0,1904;-0,0408;0,9631;0,9826;39,4385
0,2116;-0,0439;1,0136;1,0364;39,4952
0,3510;-0,0688;1,1801;1,2331;39,5499
0,1967;-0,0371;1,1295;1,1471;39,6091
0,1333;-0,0376;0,9604;0,9703;39,6682
0,1464;-0,0198;1,0082;1,0190;39,7300
0,1689;-0,0286;0,8828;0,8992;39,7894
0,1164;-0,0325;0,9921;0,9995;39,8515
0,1464;-0,0178;0,9604;0,9717;39,9167
0,1501;-0,0425;1,0114;1,0234;39,9733
0,1672;-0,0488;0,9875;1,0027;40,0296
0,2162;-0,0359;0,9399;0,9651;40,0940
0,2946;0,0002;0,4623;0,5481;40,1524
0,1567;-0,0203;0,9094;0,9230;40,2095
0,7368;-0,0854;2,2000;2,3217;40,2704
0,3061;-0,0696;0,9453;0,9960;40,3292
0,2048;-0,0393;1,0368;1,0575;40,3934
0,2543;-0,0312;0,9890;1,0216;40,4499
0,2179;-0,0339;1,0090;1,0328;40,5108
0,2360;-0,0212;1,1056;1,1307;40,5689
0,1655;-0,0349;1,0895;1,1026;40,6280
0,0852;0,0347;0,9882;0,9925;40,6901
0,0049;-0,0361;-0,9487;0,9494;40,7497
0,1328;0,0190;0,9780;0,9871;40,8095
0,1172;-0,0044;0,9909;0,9978;40,8690
0,1267;-0,0134;0,9821;0,9903;40,9289
0,1447;-0,0227;0,9770;0,9879;40,9923
0,1560;-0,0308;0,9877;1,0004;41,0490
0,2033;-0,0242;0,9870;1,0080;41,1097
0,2140;0,0488;0,7671;0,7979;41,1693
0,1438;0,0059;0,9414;0,9523;41,2283
0,2519;-0,0161;1,1737;1,2005;41,2888
0,2306;-0,0605;1,1288;1,1537;41,3486
0,2087;-0,0303;0,9387;0,9621;41,4175
0,1926;-0,0354;0,9904;1,0096;41,4696
0,2507;-0,0247;1,0365;1,0667;41,5301
0,3102;-0,0788;1,1625;1,2057;41,5885
0,1933;0,0447;1,2123;1,2284;41,6509
0,0456;0,0508;0,8945;0,8971;41,7082
0,1176;-0,0044;0,9843;0,9913;41,7684
0,1691;0,0239;1,0038;1,0183;41,8284
0,1782;-0,0288;1,0065;1,0226;41,8890
0,1711;-0,0156;0,9841;0,9990;41,9515
0,1647;-0,0271;0,9904;1,0044;42,0085
0,1909;-0,0227;0,9755;0,9943;42,0685
0,2223;-0,0315;0,9799;1,0053;42,1291
0,2792;-0,0139;0,8730;0,9167;42,1898
0,0801;0,0276;0,8730;0,8771;42,2487
0,5587;0,1818;1,8607;1,9513;42,3082
0,3029;-0,0398;1,0802;1,1226;42,3687
0,2067;-0,0237;0,9907;1,0123;42,4289
0,1823;-0,0373;0,9972;1,0145;42,4896
0,1911;-0,0298;1,0148;1,0331;42,5499
0,2209;-0,0329;1,2957;1,3148;42,6088
0,1262;0,0093;1,1596;1,1664;42,6699
0,0085;0,0171;0,9123;0,9125;42,7284
0,2773;-0,0461;0,1425;0,3151;42,7886
0,0596;0,0112;1,0173;1,0191;42,8531
0,0588;-0,0237;0,9907;0,9927;42,9115
0,0588;-0,0403;1,0053;1,0078;42,9679
0,1098;-0,0422;1,0131;1,0199;43,0302
0,0903;-0,0454;0,9907;0,9958;43,0885
0,1523;-0,0203;0,7000;0,7166;43,1480
0,0535;0,0002;0,8989;0,9005;43,2084
0,1718;-0,0559;1,1286;1,1429;43,2707
0,1486;-0,0493;1,1207;1,1316;43,3300
0,1477;-0,0112;0,9323;0,9440;43,3883
0,0761;-0,0156;1,0146;1,0176;43,4477
0,0996;-0,0220;1,0827;1,0875;43,5085
-0,0100;-0,0132;0,9885;0,9886;43,5731
0,0059;-0,0015;1,0990;1,0990;43,6282
-0,0293;-0,0034;0,8969;0,8974;43,6879
0,0185;0,0137;0,9155;0,9158;43,7481
0,0949;-0,0029;0,8581;0,8634;43,8083
0,0178;0,0085;0,9843;0,9845;43,8681
0,0393;-0,0151;0,9880;0,9889;43,9283
0,0342;-0,0195;0,9904;0,9912;43,9882
0,0710;-0,0137;0,9875;0,9901;44,0505
0,1508;0,0085;0,7036;0,7197;44,1152
-0,0783;0,0395;1,0627;1,0663;44,1703
0,1850;-0,1181;1,5542;1,5696;44,2296
0,1235;-0,0227;1,0319;1,0395;44,2893
0,0403;-0,0044;0,9523;0,9532;44,3494
0,0664;-0,0137;1,0339;1,0361;44,4089
0,0715;-0,0063;1,0075;1,0101;44,4698
0,0715;-0,0037;1,1371;1,1393;44,5299
0,0671;0,0093;1,0448;1,0470;44,5905
-0,0381;-0,0151;0,9531;0,9540;44,6479
0,0681;0,0020;0,9911;0,9935;44,7091
0,0764;0,0085;0,8738;0,8771;44,7730
0,0632;0,0166;0,9836;0,9857;44,8302
0,0400;-0,0051;0,9907;0,9915;44,8888
0,0576;-0,0049;0,9907;0,9923;44,9489
0,0730;-0,0063;0,9955;0,9982;45,0096
0,1755;0,0620;0,7927;0,8143;45,0690
-0,0071;-0,0637;1,0705;1,0724;45,1284
0,0617;-0,0664;1,0800;1,0838;45,1898
0,2663;0,0081;1,7424;1,7626;45,2488
0,1235;-0,0593;0,9938;1,0032;45,3089
0,1447;-0,0596;0,9941;1,0063;45,3686
0,1323;-0,0491;0,9907;1,0007;45,4301
0,1186;-0,0376;0,9958;1,0035;45,4947
0,1259;-0,0674;1,1066;1,1158;45,5488
0,0744;-0,0556;1,0856;1,0896;45,6107
0,0639;-0,0373;1,0834;1,0859;45,6691
0,0840;-0,0212;0,8052;0,8098;45,7294
0,0810;0,0183;0,9828;0,9864;45,7887
0,0552;-0,0332;1,0248;1,0268;45,8534
0,0710;-0,0339;0,9802;0,9833;45,9084
0,0949;-0,0347;0,9914;0,9965;45,9755
0,1550;-0,0347;0,9755;0,9884;46,0284
0,2079;0,0085;0,6092;0,6438;46,0887
-0,0308;0,0159;0,8403;0,8410;46,1529
0,1145;0,0225;1,4563;1,4610;46,2084
0,1840;-0,0376;1,0148;1,0321;46,2684
0,1574;0,0098;0,9875;1,0000;46,3303
0,1362;-0,0139;0,9968;1,0061;46,3881
0,1254;-0,0207;1,0480;1,0557;46,4480
0,1103;-0,0408;1,0138;1,0206;46,5086
0,0525;-0,0207;1,0756;1,0771;46,5696
0,0452;-0,0144;1,0578;1,0588;46,6295
0,0415;-0,0056;0,9777;0,9786;46,6888
0,0325;-0,0115;1,0036;1,0042;46,7504
0,0539;-0,0012;0,9218;0,9234;46,8090
0,0312;-0,0273;0,9907;0,9915;46,8689
0,0522;-0,0359;1,0012;1,0032;46,9285
0,0805;-0,0334;1,0002;1,0040;46,9932
0,0920;-0,0339;0,9819;0,9868;47,0482
0,1276;0,0376;0,7085;0,7209;47,1082
-0,1081;-0,0461;0,9040;0,9116;47,1719
0,2716;-0,0735;3,5587;3,5698;47,2286
0,2233;-0,0620;1,1334;1,1569;47,2888
0,0525;-0,0293;1,0141;1,0159;47,3483
0,0840;-0,0188;1,0024;1,0061;47,4085
0,1049;-0,0359;0,9863;0,9925;47,4680
0,0225;-0,0515;1,2098;1,2111;47,5282
0,0010;-0,0303;1,1373;1,1377;47,5926
0,0176;0,0051;0,9582;0,9584;47,6481
0,0322;0,0137;0,8157;0,8164;47,7074
0,0417;-0,0234;0,9753;0,9765;47,7685
0,0373;-0,0503;0,9943;0,9963;47,8292
0,0571;-0,0432;0,9880;0,9906;47,8877
0,0630;-0,0442;0,9907;0,9936;47,9478
0,0923;-0,0461;0,9785;0,9839;48,0081
0,1755;-0,0039;0,8716;0,8891;48,0702
0,0395;0,0159;0,8323;0,8334;48,1283
0,0205;-0,0884;1,0048;1,0089;48,1877
0,4606;-0,0725;2,0133;2,0666;48,2483
0,2389;-0,0005;0,8833;0,9150;48,3083
0,0532;-0,0063;1,0195;1,0209;48,3679
0,1140;0,0051;1,0273;1,0336;48,4281
0,1198;-0,0312;1,0932;1,1002;48,4880
0,0598;-0,0381;1,1159;1,1181;48,5487
0,0259;-0,0281;1,1046;1,1053;48,6092
-0,0098;0,0005;0,9972;0,9973;48,6678
0,1015;0,0002;0,9421;0,9475;48,7289
0,1935;0,0203;0,7788;0,8028;48,7879
0,0303;-0,0254;0,9992;1,0000;48,8484
0,0647;-0,0188;1,0009;1,0032;48,9082
0,0881;-0,0212;0,9911;0,9953;48,9678
0,1638;0,0317;0,9421;0,9567;49,0286
0,1045;0,0696;0,7034;0,7145;49,0886
0,0923;-0,0254;0,6409;0,6480;49,1478
0,0083;-0,0730;1,3492;1,3512;49,2079
0,1211;-0,0635;1,1403;1,1484;49,2679
0,0881;-0,0288;0,9726;0,9770;49,3279
0,0637;-0,0525;1,0165;1,0199;49,3928
0,0825;-0,0327;0,9914;0,9954;49,4477
0,1118;-0,0713;1,1120;1,1198;49,5090
0,0852;-0,0696;1,2323;1,2372;49,5686
-0,0164;-0,0639;1,0146;1,0167;49,6278
0,0210;-0,0591;0,8630;0,8653;49,6883
-0,0344;-0,0886;1,3363;1,3396;49,7477
0,0300;-0,0505;0,9887;0,9905;49,8080
0,0483;-0,0483;0,9809;0,9833;49,8716
0,0554;-0,0593;0,9902;0,9935;49,9292
0,1059;-0,0554;1,0095;1,0165;49,9889
0,1730;-0,0417;0,8562;0,8745;50,0483
0,0105;-0,0156;0,6199;0,6202;50,1091
0,0386;-0,1201;1,0736;1,0810;50,1685
0,1933;-0,0705;1,1818;1,1995;50,2288
0,1120;-0,1096;0,9594;0,9721;50,2886
0,0373;-0,0491;1,0302;1,0320;50,3492
0,0547;-0,0400;0,9970;0,9993;50,4086
0,0298;-0,0449;0,9975;0,9989;50,4691
0,0293;-0,0669;1,0768;1,0793;50,5311
-0,0134;-0,0796;1,2398;1,2425;50,5880
-0,0283;-0,1071;1,0348;1,0408;50,6499
0,1213;-0,0547;0,2965;0,3250;50,7128
0,0613;-0,0430;0,8367;0,8400;50,7691
-0,0132;-0,0515;1,0063;1,0077;50,8290
-0,0059;-0,0495;0,9872;0,9885;50,8902
-0,0107;-0,0527;0,9907;0,9921;50,9485
0,0290;-0,0515;0,9907;0,9924;51,0084
0,0749;-0,0437;0,9931;0,9969;51,0684
0,1538;0,0564;0,6480;0,6684;51,1320
-0,0088;-0,0444;0,9084;0,9095;51,1925
0,0354;-0,0547;1,1149;1,1168;51,2489
0,0676;-0,0725;1,1725;1,1767;51,3088
0,1411;-0,0195;0,9514;0,9620;51,3691
0,0251;-0,0395;1,0319;1,0330;51,4289
0,0547;-0,0149;0,9997;1,0013;51,4985
0,0476;-0,0866;1,1139;1,1183;51,5479
0,0098;-0,1030;1,2809;1,2850;51,6100
-0,0561;0,0085;0,9233;0,9250;51,6717
0,0371;-0,0127;0,8572;0,8581;51,7278
0,0325;-0,0354;0,9763;0,9774;51,7881
-0,0288;-0,0683;1,0199;1,0226;51,8482
0,0085;-0,0552;0,9540;0,9557;51,9087
0,0137;-0,0552;0,9943;0,9959;51,9736
0,0593;-0,0578;1,0087;1,0121;52,0281
0,1445;-0,0173;0,8144;0,8273;52,0886
0,0737;-0,0532;0,7827;0,7880;52,1524
-0,0171;-0,1389;0,9167;0,9273;52,2097
0,2812;-0,0212;1,1659;1,1995;52,2699
0,1281;-0,0598;0,9570;0,9674;52,3284
0,0081;-0,0608;1,0143;1,0162;52,3910
0,0581;-0,0354;1,0058;1,0081;52,4482
0,0220;-0,0627;1,0300;1,0321;52,5171
0,0434;-0,0718;1,1007;1,1039;52,5684
-0,0515;-0,0776;1,1632;1,1669;52,6291
-0,0420;-0,1045;1,1051;1,1108;52,6913
0,0115;-0,0498;0,7634;0,7651;52,7491
-0,1233;-0,0708;0,8867;0,8980;52,8084
0,0320;0,0071;0,7895;0,7902;52,8709
-0,0769;-0,0342;0,9965;1,0001;52,9279
-0,0149;-0,0251;1,0029;1,0033;52,9883
0,0185;-0,0281;0,9902;0,9907;53,0486
0,1542;-0,0005;0,9311;0,9438;53,1115
0,0081;-0,0110;0,7637;0,7638;53,1677
-0,0381;-0,0871;0,9499;0,9546;53,2277
0,0896;-0,0674;1,5664;1,5704;53,2882
0,2829;-0,0122;1,1032;1,1389;53,3475
0,0830;-0,0151;0,9890;0,9925;53,4074
0,1064;-0,0535;0,9933;1,0005;53,4743
0,0976;-0,0530;1,0832;1,0888;53,5305
0,0395;-0,0513;1,1908;1,1925;53,5901
-0,0039;0,0288;0,9328;0,9333;53,6480
0,0405;0,0159;1,0343;1,0353;53,7081
0,0334;0,0244;0,9799;0,9808;53,7692
0,0127;-0,0254;1,0129;1,0133;53,8280
0,0310;-0,0351;0,9909;0,9920;53,8902
0,0564;-0,0412;0,9846;0,9870;53,9473
0,0842;-0,0527;0,9951;1,0000;54,0109
0,2050;-0,0168;0,7522;0,7798;54,0673
-0,0376;-0,1203;0,8076;0,8174;54,1297
0,0749;-0,0408;1,6228;1,6250;54,1895
0,2099;-0,1123;1,0880;1,1138;54,2488
0,1604;0,0046;0,9907;1,0036;54,3074
0,0259;-0,0298;1,0107;1,0114;54,3679
0,1128;0,0032;1,0246;1,0308;54,4302
0,0908;-0,0393;1,0907;1,0952;54,4877
0,0796;0,0115;1,1620;1,1648;54,5471
0,0161;-0,0171;1,0793;1,0795;54,6077
-0,0105;-0,0449;0,9367;0,9379;54,6696
0,1347;-0,0122;0,6812;0,6945;54,7284
0,0278;-0,0391;1,0153;1,0164;54,7872
0,0669;-0,0381;0,9948;0,9978;54,8489
0,0837;-0,0373;0,9958;1,0000;54,9077
0,1018;-0,0386;0,9907;0,9966;54,9677
0,1830;-0,0020;0,9968;1,0134;55,0273
0,0840;0,0176;0,7710;0,7758;55,0903
-0,0066;-0,0041;0,8550;0,8550;55,1480
0,0041;-0,0088;1,5195;1,5196;55,2075
0,1247;0,0120;0,9970;1,0048;55,2672
-0,0063;-0,0166;1,0068;1,0069;55,3269
0,0461;0,0039;0,9997;1,0008;55,3917
0,0525;-0,0098;1,0002;1,0016;55,4478
0,1442;-0,0849;1,1737;1,1856;55,5100
-0,0207;-0,0017;1,1498;1,1500;55,5672
-0,0124;0,0020;1,1222;1,1223;55,6274
-0,1084;0,0071;0,7949;0,8023;55,6884
-0,0242;0,0225;0,8935;0,8941;55,7474
0,0083;-0,0471;1,0512;1,0523;55,8079
0,0359;-0,0454;0,9926;0,9943;55,8674
0,0564;-0,0300;0,9697;0,9718;55,9268
0,0688;-0,0373;0,9907;0,9937;55,9872
0,1862;0,0085;0,8662;0,8860;56,0473
0,0610;-0,0039;0,8227;0,8250;56,1074
0,0347;-0,1374;0,9401;0,9508;56,1697
-0,0593;-0,0388;1,3924;1,3942;56,2270
0,1896;0,0105;1,0253;1,0428;56,2869
-0,0251;-0,0386;1,0409;1,0420;56,3481
0,0517;-0,0225;1,0129;1,0144;56,4072
0,0298;-0,0210;1,0258;1,0265;56,4702
0,0469;-0,0442;1,2291;1,2308;56,5273
-0,0044;-0,0239;1,1251;1,1254;56,5895
-0,0740;0,0273;0,8796;0,8831;56,6512
0,2953;0,0642;0,5257;0,6064;56,7083
-0,0376;0,0085;1,0412;1,0419;56,7680
0,0288;-0,0168;0,9904;0,9910;56,8269
0,0081;-0,0229;1,0029;1,0032;56,8889
0,0229;-0,0351;0,9911;0,9920;56,9479
0,1037;-0,0229;0,9868;0,9925;57,0085
0,0896;0,0024;0,8515;0,8562;57,0682
0,0583;-0,0708;0,8799;0,8846;57,1283
0,0366;-0,0832;1,0858;1,0896;57,1906
0,0774;-0,0456;1,2176;1,2209;57,2496
0,1494;-0,0037;1,0446;1,0552;57,3104
0,0205;-0,0198;0,9977;0,9981;57,3678
0,0430;-0,0156;0,9916;0,9927;57,4275
0,0288;-0,0354;1,0348;1,0358;57,4876
0,0312;-0,0657;1,1901;1,1923;57,5483
-0,0639;-0,0700;1,1556;1,1595;57,6104
-0,0749;-0,0444;0,9414;0,9454;57,6674
0,1935;-0,0744;0,3995;0,4501;57,7286
0,0161;-0,0254;1,0473;1,0477;57,7937
0,0161;-0,0483;0,9863;0,9876;57,8479
0,0366;-0,0459;0,9907;0,9924;57,9101
0,0700;-0,0515;1,0126;1,0163;57,9677
0,1040;-0,0232;0,9987;1,0044;58,0279
0,0437;0,0100;0,9038;0,9049;58,0878
0,0176;0,0261;0,8576;0,8582;58,1527
-0,0425;0,0210;1,2172;1,2181;58,2086
-0,0176;-0,0391;1,0744;1,0752;58,2704
0,0844;0,0017;0,9797;0,9833;58,3282
0,0254;-0,0339;1,0529;1,0537;58,3881
0,0705;-0,0210;1,0060;1,0087;58,4478
0,1152;-0,0327;1,0880;1,0946;58,5104
0,0315;-0,0705;1,1984;1,2008;58,5682
0,0500;-0,0676;1,0068;1,0103;58,6279
0,0222;-0,0515;0,7393;0,7414;58,6895
0,1025;-0,0503;0,8174;0,8253;58,7503
0,0437;-0,0657;1,0034;1,0064;58,8125
0,0725;-0,0430;0,9731;0,9767;58,8689
0,0610;-0,0491;0,9977;1,0008;58,9278
0,1069;-0,0454;0,9872;0,9940;58,9877
0,1530;-0,0207;0,9050;0,9181;59,0477
0,0591;0,0437;0,7737;0,7772;59,1081
0,0110;-0,0610;1,1532;1,1549;59,1680
0,1721;-0,0146;1,4388;1,4491;59,2311
0,2006;-0,0430;1,1110;1,1298;59,2873
0,0954;-0,0288;0,9658;0,9709;59,3475
0,1145;-0,0305;0,9980;1,0050;59,4086
0,1213;-0,0312;1,0263;1,0339;59,4674
0,1272;-0,0459;1,0961;1,1044;59,5274
0,0935;-0,0632;1,1886;1,1939;59,5875
0,0696;-0,0190;1,0583;1,0607;59,6484
-0,0547;-0,0764;0,4069;0,4176;59,7105
0,1132;-0,0032;0,8432;0,8508;59,7681
0,0210;-0,0251;1,0278;1,0283;59,8289
0,0552;-0,0237;0,9894;0,9913;59,8924
0,0725;-0,0268;0,9902;0,9932;59,9486
0,0884;-0,0442;0,9907;0,9956;60,0083
0,1811;-0,0437;0,9257;0,9443;60,0682
0,2582;-0,0083;0,5045;0,5668;60,1290
-0,0439;-0,0498;0,9875;0,9897;60,1882
0,1477;-0,0705;1,1356;1,1474;60,2480
0,2021;-0,1106;1,0941;1,1181;60,3101
0,1674;-0,0171;0,9528;0,9676;60,3683
0,0913;-0,0395;1,0014;1,0063;60,4284
0,1523;-0,0005;1,0051;1,0165;60,4927
0,1201;-0,0308;1,1166;1,1235;60,5475
0,0940;-0,0166;1,1515;1,1554;60,6086
-0,0022;0,0442;0,9580;0,9590;60,6680
-0,0234;0,0215;0,7249;0,7256;60,7309
0,0242;0,0129;1,0666;1,0669;60,7888
-0,0312;-0,0891;1,0275;1,0318;60,8490
0,0639;-0,0532;0,9907;0,9941;60,9090
0,0432;-0,0596;0,9885;0,9912;60,9708
0,0847;-0,0483;0,9907;0,9954;61,0277
0,1157;-0,0520;0,9975;1,0055;61,0881
0,1464;-0,0112;0,9484;0,9597;61,1489
0,0500;0,0373;0,7786;0,7811;61,2087
0,0188;-0,0896;0,9670;0,9713;61,2681
0,0954;-0,0239;2,1514;2,1537;61,3306
0,2184;-0,0412;0,9951;1,0196;61,3911
0,0688;-0,0535;1,0412;1,0448;61,4481
0,0849;-0,0308;1,0041;1,0081;61,5130
0,0715;-0,0671;1,0251;1,0298;61,5690
0,0774;-0,0183;1,1930;1,1956;61,6282
0,0322;-0,0154;1,1185;1,1191;61,6900
0,0395;-0,0535;1,0419;1,0440;61,7485
0,1513;-0,0212;0,7564;0,7716;61,8084
0,0254;-0,0405;0,9584;0,9596;61,8680
0,0207;-0,0657;1,0060;1,0084;61,9287
0,0486;-0,0539;0,9865;0,9892;61,9884
0,0576;-0,0564;0,9955;0,9988;62,0482
0,0774;-0,0569;0,9958;1,0004;62,1082
0,1623;-0,0012;0,9428;0,9567;62,1678
0,0369;-0,0298;0,7334;0,7349;62,2287
0,0732;-0,0576;1,1325;1,1363;62,2877
0,0266;-0,0020;1,2606;1,2609;62,3489
0,1711;-0,0212;1,0270;1,0414;62,4083
0,0549;-0,0041;0,9970;0,9985;62,4699
0,0649;-0,0151;1,0285;1,0306;62,5293
0,0671;-0,0381;1,0163;1,0192;62,5892
0,0608;-0,0535;1,1461;1,1490;62,6491
-0,0495;-0,0391;1,0346;1,0365;62,7085
0,0415;-0,0139;0,9389;0,9399;62,7688
0,0088;-0,0303;0,9272;0,9277;62,8285
0,0417;-0,0181;0,9499;0,9510;62,8894
0,0376;-0,0364;1,0107;1,0120;62,9485
0,0412;-0,0417;0,9963;0,9980;63,0086
0,0522;-0,0515;0,9885;0,9912;63,0689
0,0901;-0,0473;0,9941;0,9993;63,1294
0,1025;-0,0527;0,9972;1,0039;63,1888
0,0761;-0,0442;0,8091;0,8138;63,2531
-0,0884;-0,0471;0,9394;0,9447;63,3082
0,0483;-0,0159;1,5064;1,5072;63,3695
0,2546;-0,0164;0,9145;0,9494;63,4285
0,0024;-0,0556;1,0329;1,0344;63,4881
0,0688;-0,0259;0,9946;0,9973;63,5486
0,0242;-0,0412;1,1178;1,1188;63,6097
-0,0447;-0,0478;1,1305;1,1324;63,6683
-0,0195;-0,0010;0,9770;0,9772;63,7298
0,0103;0,0154;0,8864;0,8866;63,7886
-0,0061;0,0020;0,9772;0,9773;63,8521
0,0078;-0,0212;0,9272;0,9275;63,9083
-0,0727;-0,0588;1,2081;1,2117;63,9683
0,0088;-0,0493;0,9553;0,9566;64,0313
0,0168;-0,0740;1,0243;1,0271;64,0876
0,1074;0,0012;0,8523;0,8590;64,1492
0,0142;-0,0954;0,8330;0,8386;64,2102
-0,0007;-0,0010;1,1815;1,1815;64,2680
-0,0339;-0,0608;1,3404;1,3422;64,3294
0,0337;-0,0020;1,0055;1,0061;64,3883
-0,0705;-0,0127;1,0204;1,0229;64,4483
-0,0242;0,0029;0,9741;0,9744;64,5086
-0,0276;-0,0581;1,0839;1,0858;64,5690
-0,0137;-0,0305;1,2042;1,2047;64,6284
-0,0442;0,0022;1,0461;1,0470;64,6883
-0,0666;-0,0320;1,0073;1,0100;64,7478
0,1325;-0,0569;0,6275;0,6438;64,8100
0,0334;-0,0085;0,9421;0,9427;64,8682
-0,0561;-0,0759;0,9977;1,0022;64,9277
-0,0259;-0,0798;1,0143;1,0178;64,9885
-0,0122;-0,0783;0,9933;0,9965;65,0475
0,0129;-0,0771;1,0058;1,0088;65,1081
0,0974;0,0481;0,8572;0,8640;65,1736
-0,0161;-0,0049;0,7595;0,7597;65,2288
-0,0412;-0,0552;1,0397;1,0420;65,2888
0,0625;-0,0327;1,2049;1,2070;65,3503
-0,0439;-0,1203;1,1505;1,1576;65,4079
0,0849;-0,0237;0,9494;0,9535;65,4686
0,0078;-0,0459;1,0104;1,0115;65,5380
0,0181;-0,0378;1,0224;1,0232;65,5887
-0,0278;-0,0432;1,2010;1,2021;65,6482
-0,0178;-0,0085;1,0485;1,0487;65,7081
-0,0410;0,0085;0,8076;0,8087;65,7688
0,0654;0,0261;0,8840;0,8868;65,8293
0,0320;-0,0266;1,0395;1,0403;65,8905
0,0088;-0,0718;0,9865;0,9892;65,9485
0,0085;-0,0788;1,0182;1,0213;66,0081
0,0952;-0,0461;0,9553;0,9611;66,0678
0,0810;-0,0149;1,0124;1,0157;66,1306
0,1062;-0,0417;0,8811;0,8884;66,1880
-0,0112;-0,0110;1,0002;1,0003;66,2477
0,0085;0,0617;1,1383;1,1400;66,3076
0,1103;0,0168;1,0846;1,0903;66,3678
0,0469;-0,0227;0,9968;0,9981;66,4284
0,0137;-0,0676;0,9797;0,9821;66,4895
0,0452;-0,1013;1,0099;1,0160;66,5521
-0,0002;-0,1154;1,0217;1,0282;66,6103
0,0681;-0,0893;1,0104;1,0167;66,6677
0,0581;-0,0832;0,9526;0,9580;66,7275
0,0232;0,0310;1,0436;1,0443;66,7878
0,0708;-0,0625;1,0004;1,0049;66,8484
0,0654;-0,0859;0,9750;0,9810;66,9075
0,1423;0,0005;1,0287;1,0385;66,9677
-0,0776;-0,0264;0,9999;1,0033;67,0277
-0,3480;-0,0310;0,9252;0,9890;67,0889
0,0149;0,0832;1,3121;1,3148;67,1487
-0,0122;0,0644;1,0778;1,0798;67,2079
0,3402;-0,0825;0,7119;0,7934;67,2676
-0,0107;0,0430;1,1027;1,1036;67,3293
0,0337;0,0329;1,1854;1,1864;67,3894
0,0674;0,0081;1,0824;1,0846;67,4501
0,1972;0,0327;0,8769;0,8994;67,5097
0,0774;0,0359;0,9567;0,9605;67,5696
0,2006;-0,0422;0,9314;0,9536;67,6319
0,2050;0,0085;0,9943;1,0153;67,6894
0,2363;0,0525;1,1188;1,1447;67,7496
0,1889;0,0117;1,0129;1,0304;67,8113
0,2243;0,0098;0,9804;1,0058;67,8692
0,1906;0,1909;0,9560;0,9933;67,9293
0,2087;-0,0166;0,9545;0,9772;67,9894
0,1269;-0,0705;1,0239;1,0341;68,0550
0,1357;-0,0674;0,9826;0,9942;68,1096
0,1325;-0,0395;0,9728;0,9826;68,1688
0,1281;-0,0046;0,8335;0,8433;68,2290
0,3829;-0,0505;0,8071;0,8948;68,2886
0,0334;-0,0930;1,0004;1,0053;68,3502
-0,0181;-0,0788;1,1093;1,1122;68,4089
0,0622;-0,0422;1,1054;1,1079;68,4693
0,1340;0,0046;1,0192;1,0280;68,5414
0,0869;-0,0059;1,0119;1,0156;68,5893
0,1733;0,0154;0,9870;1,0022;68,6495
0,0822;-0,0120;0,9946;0,9980;68,7088
0,1745;-0,0386;1,2215;1,2345;68,7706
0,1311;-0,0005;0,9907;0,9993;68,8293
0,0940;0,0085;1,1044;1,1084;68,8891
0,0993;0,0735;1,1081;1,1149;68,9489
0,1567;-0,0095;1,0229;1,0349;69,0087
0,1025;0,0137;0,9475;0,9531;69,0691
0,0786;-0,0024;1,0126;1,0157;69,1291
0,0901;-0,0002;0,9972;1,0013;69,1903
0,0918;-0,0015;0,9911;0,9954;69,2492
0,1569;-0,0166;0,8874;0,9013;69,3093
0,1191;-0,0786;0,5709;0,5884;69,3739
-0,0002;0,0000;1,0697;1,0697;69,4296
0,0493;-0,0295;1,0988;1,1003;69,4900
0,0874;-0,0315;0,9523;0,9569;69,5490
0,0893;0,0041;1,0844;1,0881;69,6114
0,1372;0,0088;0,9924;1,0018;69,6688
0,0730;-0,0124;0,9894;0,9922;69,7292
0,2133;-0,0281;1,1779;1,1973;69,7888
0,0988;-0,0918;1,0956;1,1039;69,8488
0,0549;-0,0639;1,1473;1,1504;69,9137
0,0905;-0,0805;0,8140;0,8229;69,9692
0,1787;-0,0991;0,8369;0,8615;70,0306
0,1355;0,0264;0,8840;0,8947;70,0887
0,1352;-0,0051;0,9533;0,9629;70,1486
0,1164;-0,0632;0,9043;0,9139;70,2097
0,0932;-0,0146;1,0275;1,0318;70,2686
0,1208;0,0432;1,0148;1,0229;70,3295
0,0107;0,0649;1,1300;1,1319;70,3943
0,0510;-0,1416;1,1083;1,1185;70,4495
0,0915;-0,0869;1,0566;1,0641;70,5111
0,0996;0,0005;0,9887;0,9937;70,5681
0,1123;-0,0532;0,9907;0,9984;70,6290
-0,0205;-0,0261;1,0182;1,0188;70,6898
-0,0076;-0,0334;0,9204;0,9210;70,7491
0,0354;0,0237;1,0014;1,0023;70,8090
-0,0888;-0,1840;1,1054;1,1241;70,8698
0,0161;-0,0927;0,9504;0,9550;70,9285
-0,0237;-0,0327;0,8996;0,9005;70,9892
0,1647;0,0061;0,9406;0,9550;71,0496
0,3151;0,0622;0,9799;1,0312;71,1100
0,2912;0,0730;1,2208;1,2572;71,1693
0,2267;-0,0544;0,9907;1,0177;71,2293
0,6067;-0,0120;0,9040;1,0888;71,2940
0,4093;-0,0730;0,8903;0,9826;71,3476
0,3478;-0,0354;0,9096;0,9745;71,4086
0,3905;-0,0525;1,0148;1,0886;71,4727
0,4994;-0,1567;0,8611;1,0076;71,5329
0,4154;0,0232;0,9499;1,0370;71,5883
0,4859;-0,0820;0,9294;1,0520;71,7023
0,5286;-0,1801;0,8471;1,0147;71,7099
0,4620;-0,1689;1,0065;1,1203;71,7697
0,4020;-0,0249;0,9323;1,0156;71,8282
0,4447;-0,1098;0,6778;0,8180;71,8892
0,5172;-0,1411;0,9052;1,0521;71,9543
0,4381;-0,1237;0,7954;0,9165;72,0686
0,2995;-0,1330;1,0016;1,0539;72,0712
0,3510;-0,0535;0,9367;1,0017;72,1390
0,3590;-0,1284;0,9992;1,0695;72,1868
0,4615;-0,0869;0,7542;0,8884;72,2471
0,5099;-0,1755;0,9096;1,0574;72,3072
0,6458;-0,1181;1,0436;1,2329;72,3673
0,4640;-0,1718;1,0566;1,1667;72,4267
0,4920;-0,1665;0,8933;1,0333;72,4867
0,4249;-0,1401;0,8803;0,9875;72,5465
0,4015;-0,0930;0,8918;0,9824;72,6070
0,2961;-0,0232;0,9135;0,9606;72,6670
0,2736;-0,0564;0,8691;0,9129;72,7270
0,2206;-0,0007;1,0873;1,1095;72,7869
0,1696;-0,0708;1,0009;1,0176;72,8468
0,1145;-0,0430;1,0207;1,0280;72,9070
0,1137;0,0735;0,9348;0,9445;72,9669
0,1223;0,0632;1,0361;1,0452;73,0266
0,0896;0,0247;0,9170;0,9216;73,0868
0,1464;0,0583;1,0026;1,0149;73,1467
0,0801;0,0508;1,0524;1,0567;73,2066
0,0891;0,0124;0,9479;0,9522;73,2670
0,1035;-0,0657;0,9682;0,9759;73,3265
0,0164;-0,0188;1,0736;1,0739;73,3867
0,0554;-0,1001;1,0014;1,0079;73,4470
0,0881;-0,0146;0,9802;0,9842;73,5069
0,0195;-0,0639;1,0175;1,0197;73,5666
0,0779;-0,0554;0,9719;0,9766;73,6269
0,1259;-0,0783;0,9660;0,9773;73,6863
0,0871;-0,0869;1,0173;1,0247;73,7468
0,1064;-0,1340;1,0121;1,0265;73,8068
0,1374;-0,1010;1,0375;1,0514;73,8666
0,0886;-0,0532;1,0312;1,0363;73,9267
0,0678;-0,0630;1,0819;1,0859;73,9874
0,0195;-0,0500;1,0905;1,0918;74,0487
0,0095;-0,0371;1,0053;1,0060;74,1080
0,0605;-0,0588;0,9057;0,9096;74,1675
-0,0173;-0,0508;0,9616;0,9631;74,2280
0,0161;-0,0376;1,0119;1,0127;74,2881
0,0574;-0,0237;0,9911;0,9931;74,3486
0,0642;-0,0420;1,0095;1,0124;74,4083
0,1496;-0,0391;0,8035;0,8182;74,4685
0,0984;0,0581;0,6595;0,6693;74,5315
0,0391;-0,0754;1,3658;1,3684;74,5869
0,0696;-0,0869;1,1134;1,1190;74,6476
0,1123;-0,0403;1,0243;1,0313;74,7092
0,1157;-0,0647;1,0536;1,0619;74,7675
0,0400;-0,0876;1,0495;1,0539;74,8282
0,0852;-0,0788;1,1808;1,1865;74,8977
0,1035;-0,0535;1,2081;1,2137;74,9512
0,0417;-0,0473;0,9104;0,9125;75,0078
0,0222;-0,0747;0,7705;0,7744;75,0687
-0,0361;-0,0332;1,1132;1,1143;75,1328
0,0732;-0,0010;0,9130;0,9160;75,1891
0,0786;0,0085;0,9848;0,9880;75,2489
0,1040;-0,0103;0,9958;1,0012;75,3081
0,2118;-0,0068;0,4652;0,5112;75,3695
0,0059;0,0632;1,3651;1,3665;75,4283
0,1250;0,0234;0,7803;0,7906;75,4888
0,0700;0,0166;1,4219;1,4237;75,5489
0,1132;-0,0635;1,0941;1,1018;75,6102
0,0869;-0,0168;0,9972;1,0012;75,6694
0,0639;-0,0617;1,1334;1,1369;75,7286
0,0364;-0,0286;1,1283;1,1293;75,7886
-0,0266;-0,0774;0,9924;0,9957;75,8492
0,0261;-0,0727;0,8108;0,8145;75,9094
0,0554;-0,0437;0,8269;0,8299;75,9693
0,0129;-0,0317;0,9418;0,9425;76,0309
0,0242;-0,0107;0,9865;0,9869;76,0895
0,0310;-0,0112;0,9736;0,9741;76,1525
0,2099;0,0002;0,8254;0,8517;76,2106
0,1674;-0,0347;0,5997;0,6236;76,2695
-0,0708;0,0098;0,9526;0,9553;76,3292
0,0469;0,0722;1,1979;1,2010;76,3894
-0,0056;-0,0195;1,0334;1,0336;76,4496
0,0088;-0,0022;1,0014;1,0014;76,5143
-0,0198;-0,0412;1,0976;1,0985;76,5699
-0,0132;-0,0210;1,1730;1,1732;76,6307
-0,0525;0,0144;0,9421;0,9437;76,6893
-0,0261;-0,0164;0,9921;0,9926;76,7501
-0,0952;0,0312;1,2345;1,2385;76,8090
-0,0325;0,0049;0,9628;0,9634;76,8693
-0,0381;0,0085;0,9597;0,9605;76,9297
-0,0142;-0,0073;0,9911;0,9913;76,9902
0,0574;0,0063;0,9907;0,9923;77,0496
0,1608;0,0320;0,9065;0,9212;77,1105
-0,0281;0,0473;1,2618;1,2630;77,1712
0,0937;0,0434;1,0292;1,0344;77,2306
0,0159;-0,0132;1,2176;1,2178;77,2908
0,0200;-0,0322;1,0412;1,0419;77,3501
0,0317;-0,0149;1,0099;1,0105;77,4102
-0,0339;-0,0305;1,0573;1,0583;77,4702
-0,0322;-0,0254;1,1498;1,1505;77,5333
-0,0259;0,0083;0,8428;0,8432;77,5934
-0,1396;-0,0322;0,8486;0,8606;77,6509
-0,0869;-0,0190;1,0158;1,0197;77,7111
-0,0832;-0,0520;0,9706;0,9756;77,7702
-0,0637;-0,0552;0,9748;0,9784;77,8300
-0,0193;-0,0535;1,0143;1,0159;77,8911
0,0525;-0,0110;0,7866;0,7884;77,9507
0,0884;0,0242;0,6980;0,7040;78,0096
-0,1328;-0,0242;1,1090;1,1172;78,0700
-0,0574;-0,0044;0,9877;0,9894;78,1299
0,0081;-0,0317;1,0448;1,0454;78,1896
-0,0112;-0,0210;1,0158;1,0161;78,2505
-0,0676;-0,0315;0,9792;0,9820;78,3096
-0,0976;0,0002;0,9526;0,9576;78,3702
-0,0569;-0,0303;1,2203;1,2220;78,4310
-0,0354;-0,0073;0,9731;0,9738;78,4890
-0,0664;-0,0554;1,1320;1,1353;78,5490
-0,1547;0,0085;1,1286;1,1391;78,6095
-0,0617;-0,0447;0,9287;0,9318;78,6723
-0,0703;-0,0537;0,9748;0,9788;78,7301
-0,0290;-0,0530;0,9987;1,0005;78,7900
0,0666;-0,0264;0,8698;0,8728;78,8520
-0,2731;0,0149;0,8291;0,8730;78,9096
-0,0981;-0,0327;1,3817;1,3855;78,9703
0,0884;-0,0234;1,1464;1,1500;79,0307
0,0452;-0,0400;1,0844;1,0861;79,0891
0,0188;-0,0366;1,0204;1,0213;79,1507
-0,0449;-0,0452;0,9804;0,9825;79,2105
-0,0515;-0,0403;1,0971;1,0990;79,2735
-0,0434;-0,0408;1,0126;1,0144;79,3302
-0,0635;-0,0410;0,9179;0,9210;79,3890
-0,1101;0,0085;1,0258;1,0317;79,4496
-0,0935;0,0085;1,0024;1,0068;79,5102
-0,0022;-0,0171;0,8989;0,8991;79,5695
-0,0849;-0,0290;0,9623;0,9665;79,6311
-0,0781;-0,0359;0,9907;0,9944;79,6890
-0,0417;-0,0364;1,0129;1,0144;79,7496
0,0176;-0,0273;0,9631;0,9636;79,8161
0,0481;-0,0017;0,8235;0,8249;79,8689
-0,0539;-0,0117;0,9709;0,9725;79,9298
-0,0884;-0,0378;1,0751;1,0794;79,9909
0,0207;-0,0469;1,1976;1,1987;80,0490
0,0347;-0,0342;1,0099;1,0111;80,1096
0,0032;-0,0351;1,0280;1,0286;80,1690
-0,0495;-0,0381;1,0287;1,0306;80,2292
-0,0210;-0,0444;1,1388;1,1399;80,2910
-0,0461;-0,0405;1,0766;1,0783;80,3496
-0,0547;-0,0159;1,0492;1,0508;80,4100
-0,0268;-0,0259;0,7156;0,7166;80,4690
-0,0068;0,0085;0,8772;0,8772;80,5295
-0,0386;-0,0215;0,9907;0,9916;80,5891
-0,0527;-0,0376;1,0060;1,0081;80,6504
-0,0310;-0,0305;0,9911;0,9921;80,7094
-0,0054;-0,0244;1,0002;1,0005;80,7699
0,1272;-0,0095;0,7847;0,7950;80,8290
0,0225;-0,0383;0,8410;0,8422;80,8896
0,0456;0,0000;1,2604;1,2612;80,9503
0,0832;0,0081;1,2852;1,2880;81,0089
0,0315;-0,0547;1,0956;1,0974;81,0693
0,0217;-0,0473;1,0290;1,0303;81,1300
0,0298;-0,0334;1,0173;1,0182;81,1890
0,0290;-0,0129;1,0915;1,0919;81,2486
-0,0190;-0,0339;1,1264;1,1270;81,3096
-0,0237;0,0261;0,9914;0,9920;81,3692
-0,0127;0,0168;0,9963;0,9965;81,4291
0,1211;0,0615;0,6131;0,6279;81,4925
0,0239;-0,0046;0,8786;0,8790;81,5535
-0,0156;-0,0300;0,9907;0,9912;81,6093
-0,0142;-0,0339;1,0278;1,0284;81,6697
0,0090;-0,0286;0,9902;0,9906;81,7296
0,0373;-0,0234;0,9650;0,9660;81,7896
0,0049;-0,0076;0,8882;0,8882;81,8494
-0,0383;-0,0254;0,9626;0,9637;81,9119
-0,0408;-0,0027;0,8596;0,8606;81,9689
0,0791;-0,0110;1,1820;1,1847;82,0295
0,1313;-0,0632;1,0441;1,0542;82,0890
0,0637;-0,0249;1,0124;1,0147;82,1491
0,0566;-0,0229;1,0085;1,0103;82,2107
0,0271;-0,0185;1,0129;1,0134;82,2811
0,0535;-0,0078;1,1005;1,1018;82,3283
-0,0225;-0,0168;1,0387;1,0391;82,3893
-0,0293;-0,0105;1,0878;1,0882;82,4490
0,0273;0,0081;0,8327;0,8332;82,5089
0,0085;0,0046;0,9377;0,9377;82,5689
-0,0273;-0,0178;0,9907;0,9912;82,6300
-0,0061;-0,0417;1,0312;1,0320;82,6889
-0,0078;-0,0325;0,9972;0,9978;82,7490
-0,0254;-0,0361;0,9816;0,9826;82,8094
-0,0005;-0,0320;0,9931;0,9936;82,8732
0,0600;-0,0146;0,8886;0,8908;82,9288
-0,0041;0,0085;0,7485;0,7486;82,9889
-0,0525;-0,0473;1,1398;1,1420;83,0488
0,0129;0,0244;0,8349;0,8354;83,1084
-0,0010;-0,0761;1,1952;1,1976;83,1739
0,0261;-0,0439;1,0312;1,0324;83,2286
-0,0010;-0,0471;1,0080;1,0091;83,2897
-0,0161;-0,0495;1,0297;1,0310;83,3535
-0,0349;-0,0215;0,9907;0,9915;83,4096
-0,0456;-0,0815;1,2308;1,2344;83,4693
-0,0483;0,0085;0,9243;0,9256;83,5321
0,1696;0,1347;0,2319;0,3173;83,5888
-0,0386;-0,0544;1,0300;1,0321;83,6507
-0,0354;-0,0591;1,0253;1,0276;83,7092
0,0029;-0,0422;0,9907;0,9916;83,7687
-0,0239;-0,0471;0,9909;0,9923;83,8282
-0,0105;-0,0430;0,9926;0,9936;83,8888
0,0215;-0,0225;0,9907;0,9911;83,9493
0,0527;0,0095;0,8181;0,8199;84,0088
-0,1489;-0,0032;1,0219;1,0327;84,0677
-0,0020;0,0046;0,9907;0,9907;84,1285
-0,0134;-0,0439;1,2364;1,2373;84,1889
0,0827;-0,0517;1,0426;1,0472;84,2488
0,0298;-0,0427;1,0053;1,0066;84,3084
0,0225;-0,0315;1,0356;1,0363;84,3684
-0,0210;-0,0366;1,0612;1,0620;84,4289
-0,0266;-0,0083;1,0588;1,0591;84,4884
0,0244;0,0124;1,0170;1,0174;84,5491
-0,0049;0,0010;0,8928;0,8928;84,6087
-0,0144;0,0322;0,9645;0,9652;84,6686
0,0103;0,0024;0,8908;0,8909;84,7287
-0,0369;-0,0359;0,9997;1,0010;84,7887
-0,0425;-0,0320;1,0046;1,0060;84,8495
-0,0430;-0,0351;0,9907;0,9922;84,9079
-0,0322;-0,0359;0,9972;0,9984;84,9683
0,0090;-0,0329;0,9904;0,9910;85,0283
0,1233;0,0398;0,7107;0,7224;85,0935
-0,1118;-0,0649;0,9592;0,9678;85,1482
-0,0896;-0,0503;0,8313;0,8376;85,2082
0,1340;-0,0771;1,2857;1,2950;85,2684
0,1330;-0,0639;1,0614;1,0716;85,3287
0,0574;-0,0493;1,0095;1,0123;85,3884
0,0444;-0,0422;1,0790;1,0807;85,4485
-0,0232;-0,0351;1,1098;1,1106;85,5097
-0,0010;0,0073;1,1156;1,1156;85,5682
-0,0264;0,0266;1,0390;1,0397;85,6314
-0,0134;0,0305;1,0392;1,0398;85,6887
0,1259;0,0305;0,8420;0,8519;85,7476
0,0166;0,0229;0,9880;0,9884;85,8074
-0,0398;-0,0361;1,0019;1,0033;85,8683
-0,0049;-0,0185;0,9714;0,9716;85,9320
-0,0093;-0,0173;1,0014;1,0016;85,9881
-0,0056;-0,0200;1,0004;1,0006;86,0492
0,0508;0,0068;0,8533;0,8548;86,1140
-0,0622;-0,0264;0,7732;0,7761;86,1679
0,0081;0,0486;1,0014;1,0026;86,2278
-0,0661;-0,0666;1,1564;1,1602;86,2879
0,0737;-0,0603;1,0197;1,0241;86,3478
0,0247;-0,0552;1,0034;1,0052;86,4082
0,0032;-0,0515;1,0580;1,0593;86,4680
-0,0215;-0,0290;1,0878;1,0884;86,5289
0,0017;-0,0029;1,1574;1,1574;86,5878
-0,0498;0,0520;0,9252;0,9280;86,6490
-0,0617;-0,0129;0,9938;0,9958;86,7121
0,1254;0,0391;0,8288;0,8392;86,7677
-0,0010;-0,0063;0,9931;0,9931;86,8286
-0,0288;-0,0232;0,9907;0,9913;86,8920
-0,0251;-0,0146;0,9907;0,9911;86,9481
-0,0146;-0,0105;0,9907;0,9908;87,0118
0,0037;-0,0122;0,9694;0,9695;87,0688
0,1281;0,0068;0,6731;0,6853;87,1285
-0,3024;-0,0574;1,5093;1,5404;87,1887
0,1123;-0,0974;1,3660;1,3741;87,2491
0,0029;-0,0793;1,0675;1,0705;87,3091
0,0881;-0,0373;1,0334;1,0378;87,3681
0,0090;-0,0517;0,9907;0,9921;87,4294
0,0730;-0,1006;1,1373;1,1441;87,4884
0,0085;-0,0408;1,1884;1,1891;87,5479
-0,0032;0,0078;0,8789;0,8789;87,6088
-0,0366;-0,1042;0,9345;0,9410;87,6739
0,0276;-0,0376;1,0780;1,0790;87,7283
0,0017;-0,0444;0,9977;0,9987;87,7887
-0,0722;-0,0105;0,9907;0,9933;87,8491
-0,0225;0,0444;0,8911;0,8925;87,9124
-0,0200;0,0366;0,9731;0,9740;87,9693
-0,0073;0,0322;0,9926;0,9932;88,0291
0,0683;0,0225;0,9858;0,9884;88,0885
0,0239;0,0151;0,4540;0,4548;88,1489
-0,1130;-0,0286;1,1979;1,2035;88,2087
0,1528;0,0166;1,0121;1,0237;88,2687
0,0586;-0,0644;1,0170;1,0207;88,3360
0,0605;-0,0403;0,9902;0,9928;88,3881
0,0142;-0,0466;1,0258;1,0270;88,4491
0,0400;-0,0549;1,0365;1,0388;88,5086
0,0286;-0,0329;1,1337;1,1345;88,5722
-0,0037;-0,0247;0,9907;0,9910;88,6289
-0,0100;-0,0766;1,0624;1,0652;88,6885
0,0283;-0,0129;0,9250;0,9255;88,7482
-0,0708;-0,0486;1,1149;1,1182;88,8082
0,0149;-0,0041;0,9277;0,9278;88,8684
-0,0156;0,0122;0,9865;0,9867;88,9284
-0,0229;-0,0168;0,9907;0,9911;88,9885
0,0295;-0,0156;1,0024;1,0029;89,0485
0,0393;-0,0244;0,8130;0,8143;89,1090
-0,1689;-0,0586;0,8742;0,8923;89,1685
-0,0232;0,0100;1,1671;1,1674;89,2289
0,0757;-0,0212;1,2196;1,2221;89,2895
0,0884;-0,0569;1,0658;1,0710;89,3486
0,0525;-0,0342;1,0319;1,0338;89,4086
0,0151;-0,0532;1,0956;1,0970;89,4683
0,0085;-0,0051;1,1564;1,1564;89,5355
-0,0195;-0,0378;1,0617;1,0625;89,5919
0,0005;-0,0112;0,8264;0,8265;89,6485
-0,0620;-0,0176;0,8886;0,8910;89,7110
-0,0254;-0,0242;0,9482;0,9488;89,7689
-0,0923;-0,0227;0,9758;0,9804;89,8303
-0,0761;-0,0007;0,9741;0,9770;89,8888
-0,0632;0,0022;0,9914;0,9934;89,9522
-0,0391;0,0005;0,9907;0,9914;90,0087
0,0207;-0,0005;0,9670;0,9672;90,0694
0,0532;-0,0061;0,7110;0,7130;90,1290
0,0239;-0,0156;1,0373;1,0377;90,1886
0,1355;-0,0044;1,2623;1,2696;90,2489
0,1921;-0,0569;1,0800;1,0984;90,3086
0,1018;-0,0522;1,0204;1,0268;90,3684
0,0600;-0,0469;1,0239;1,0267;90,4280
0,0386;-0,0596;1,0890;1,0913;90,4889
0,0222;-0,0405;1,0634;1,0644;90,5507
0,0002;-0,0056;0,9763;0,9763;90,6087
-0,0156;-0,0691;0,9907;0,9932;90,6703
0,0542;-0,0024;0,8164;0,8182;90,7287
-0,0635;-0,0605;1,0229;1,0266;90,7883
-0,0332;-0,0349;1,0087;1,0099;90,8485
-0,0183;-0,0159;0,9821;0,9824;90,9092
-0,0437;-0,0198;0,9794;0,9806;90,9679
0,0002;-0,0203;0,9902;0,9904;91,0289
0,0976;0,0063;0,8162;0,8220;91,0879
-0,0581;0,0273;0,8225;0,8250;91,1480
0,0217;-0,0239;1,2374;1,2378;91,2131
0,1782;0,0020;1,4612;1,4720;91,2675
0,0700;-0,0398;1,0275;1,0307;91,3276
0,0491;-0,0373;1,0085;1,0104;91,3874
0,0051;-0,0591;0,9907;0,9924;91,4481
0,0430;0,0085;1,0834;1,0843;91,5077
0,0415;-0,0920;1,2645;1,2685;91,5716
0,0454;-0,0898;0,9133;0,9188;91,6280
0,1010;-0,0554;0,9013;0,9087;91,6871
0,0576;-0,0090;0,8432;0,8453;91,7479
0,0056;-0,0244;0,9882;0,9885;91,8079
0,0093;-0,0249;0,9897;0,9900;91,8734
0,0120;-0,0268;0,9990;0,9994;91,9280
0,0481;-0,0271;1,0043;1,0058;91,9880
0,0896;-0,0320;0,9314;0,9362;92,0563
-0,1484;-0,0400;1,1373;1,1477;92,1076
-0,1106;-0,0678;1,4185;1,4244;92,1681
0,2282;-0,0420;1,1620;1,1849;92,2286
0,1333;-0,0581;1,1134;1,1229;92,2884
0,0913;-0,0464;1,0134;1,0185;92,3483
0,0483;-0,0515;0,9970;0,9995;92,4089
0,0471;-0,0532;1,1037;1,1059;92,4684
0,0007;-0,0525;1,1083;1,1095;92,5288
-0,0185;-0,1464;0,9948;1,0057;92,5929
0,0037;-0,0537;1,2071;1,2083;92,6498
-0,0239;-0,0344;0,8755;0,8765;92,7113
-0,0549;0,0129;0,9113;0,9131;92,7695
-0,0278;0,0329;0,9907;0,9916;92,8279
-0,0127;0,0234;0,9807;0,9810;92,8877
0,0264;0,0117;0,9797;0,9801;92,9490
0,0998;-0,0122;0,9472;0,9525;93,0086
0,0920;-0,0188;0,6665;0,6731;93,0690
0,0986;-0,0254;1,0793;1,0840;93,1292
0,2568;-0,0869;1,2157;1,2455;93,1920
0,2887;-0,1120;0,9924;1,0396;93,2497
0,1974;-0,0627;1,0148;1,0358;93,3090
0,1635;-0,0422;0,9926;1,0069;93,3688
0,1337;-0,0373;0,9975;1,0071;93,4281
0,1206;-0,0757;1,1120;1,1210;93,4888
0,0849;-0,0932;1,1381;1,1450;93,5527
0,0486;-0,1079;1,0036;1,0105;93,6093
0,0034;-0,1294;0,9841;0,9925;93,6683
0,0415;-0,0808;0,9443;0,9486;93,7292
0,0225;-0,0698;0,9609;0,9637;93,7882
0,0820;-0,0466;0,9165;0,9213;93,8497
0,1059;-0,0471;0,9968;1,0035;93,9084
0,1113;-0,0559;1,0165;1,0241;93,9682
0,1489;-0,0498;0,8823;0,8962;94,0338
0,2182;-0,0017;0,8135;0,8422;94,0925
0,0683;-0,0066;1,0856;1,0878;94,1480
0,1686;-0,0530;1,1107;1,1247;94,2082
0,1562;-0,0054;0,9977;1,0099;94,2725
0,1264;-0,0639;1,1029;1,1120;94,3279
0,1552;-0,0476;0,9977;1,0109;94,3900
0,1242;-0,0495;0,9907;0,9996;94,4486
0,1870;-0,0100;1,1020;1,1177;94,5106
0,0920;0,0293;1,2003;1,2042;94,5692
0,0949;-0,0727;0,9401;0,9477;94,6313
0,1870;-0,0207;0,9155;0,9346;94,6891
0,1516;0,0085;0,9079;0,9205;94,7487
0,0725;-0,0476;1,0185;1,0222;94,8078
0,1140;-0,0442;0,9916;0,9991;94,8687
0,1145;-0,0478;0,9650;0,9730;94,9281
0,1484;-0,0574;0,9562;0,9694;94,9925
0,2155;-0,1030;0,6631;0,7048;95,0485
0,1301;-0,1159;1,0810;1,0949;95,1120
0,1416;-0,1779;1,2652;1,2855;95,1694
0,1721;-0,1606;1,2921;1,3133;95,2286
0,2446;-0,0779;0,9767;1,0099;95,2881
0,1225;-0,0766;1,0268;1,0369;95,3478
0,1701;-0,0661;0,9980;1,0145;95,4082
0,1569;-0,0588;1,0397;1,0531;95,4689
0,1977;-0,0559;1,1105;1,1293;95,5286
0,1259;-0,0044;1,1056;1,1128;95,5894
0,1589;-0,0027;0,9587;0,9718;95,6478
0,1735;0,0271;0,9916;1,0071;95,7104
0,1213;0,0264;0,6973;0,7083;95,7678
0,1735;-0,0278;0,9338;0,9502;95,8278
0,1394;-0,0654;0,9907;1,0025;95,8901
0,1220;-0,0681;0,9902;1,0000;95,9479
0,1513;-0,0654;0,9719;0,9857;96,0087
0,1752;-0,0700;0,9868;1,0046;96,0679
0,1860;-0,0581;0,7961;0,8196;96,1287
0,1682;-0,0596;1,0373;1,0525;96,1882
0,1084;0,0315;0,8674;0,8747;96,2480
0,2394;-0,1118;1,0749;1,1069;96,3085
0,1996;-0,0561;1,1503;1,1688;96,3677
0,1606;-0,0617;0,9875;1,0024;96,4282
0,2023;-0,0561;1,0097;1,0313;96,4884
0,1667;-0,0478;1,0505;1,0647;96,5476
0,1606;-0,0805;1,0749;1,0898;96,6078
0,1460;0,0085;1,1327;1,1421;96,6674
0,1164;-0,0708;0,9850;0,9944;96,7276
0,1335;-0,0266;0,9201;0,9301;96,7884
0,1560;0,0039;1,1569;1,1673;96,8483
0,1406;-0,0227;0,9497;0,9603;96,9079
0,1518;-0,0395;0,9904;1,0028;96,9679
0,1918;-0,0491;0,9899;1,0095;97,0272
0,2223;-0,0535;0,9418;0,9692;97,0875
0,1921;-0,0532;0,2817;0,3450;97,1484
0,0649;-0,0110;1,2298;1,2316;97,2089
0,4806;-0,0476;0,9975;1,1082;97,2677
0,2709;0,0139;1,0146;1,0502;97,3274
0,2087;-0,0334;0,9892;1,0115;97,3888
0,1840;-0,0325;0,9907;1,0081;97,4513
0,1799;-0,0295;1,0168;1,0330;97,5075
0,1796;-0,0310;1,0863;1,1015;97,5758
0,1377;-0,0366;0,9951;1,0052;97,6297
0,1398;-0,0378;1,0741;1,0839;97,6872
0,1228;-0,0412;0,9394;0,9483;97,7475
0,0849;-0,0412;0,6529;0,6597;97,8074
0,0039;0,0105;0,6736;0,6737;97,8688
0,1591;-0,0015;0,9631;0,9761;97,9276
0,1611;-0,0322;0,9821;0,9958;97,9873
0,1957;-0,0427;0,9865;1,0066;98,0473
0,1677;-0,0071;0,6329;0,6547;98,1141
0,0720;-0,0227;1,0068;1,0096;98,1671
0,1933;0,0164;0,9909;1,0097;98,2272
0,1481;0,0010;1,1991;1,2082;98,2876
0,1460;-0,0439;0,9763;0,9881;98,3471
0,1945;-0,0354;1,0041;1,0234;98,4075
0,1569;-0,0459;1,0397;1,0525;98,4671
0,2248;-0,0559;1,1676;1,1904;98,5277
0,1296;-0,0298;1,0815;1,0896;98,5903
0,1850;0,0234;1,0226;1,0395;98,6475
0,1006;0,0188;0,8171;0,8235;98,7074
0,1125;0,0134;0,7734;0,7817;98,7668
0,1616;0,0146;0,9780;0,9913;98,8274
0,1386;-0,0193;1,0258;1,0353;98,8877
0,1913;-0,0176;0,9919;1,0103;98,9504
0,1972;-0,0139;0,9736;0,9934;99,0071
0,3334;-0,0339;0,7046;0,7802;99,0675
0,1233;-0,0139;0,8367;0,8458;99,1266
0,0971;-0,0171;1,2135;1,2175;99,1877
0,3100;-0,0371;1,1720;1,2129;99,2473
0,2114;-0,0320;1,0073;1,0297;99,3073
0,1521;-0,0383;0,9826;0,9950;99,3666
0,1774;-0,0298;1,0160;1,0318;99,4272
0,1464;-0,0310;1,0378;1,0485;99,4871
0,1184;0,0005;1,0470;1,0537;99,5480
0,0920;-0,0347;0,8479;0,8536;99,6074
0,1420;0,0010;0,8628;0,8744;99,6666
0,1159;0,0290;1,0339;1,0407;99,7319
0,1208;0,0359;0,7488;0,7593;99,7867
0,1206;-0,0029;0,9941;1,0014;99,8469
0,1191;-0,0483;0,9907;0,9990;99,9071
0,1081;-0,0622;1,0180;1,0256;99,9678
0,1616;-0,0471;0,9538;0,9685;100,0275
0,1843;-0,0103;0,8266;0,8470;100,0869
0,1008;-0,0395;0,7505;0,7583;100,1488
-0,0988;-0,0229;1,0739;1,0787;100,2080
0,2990;-0,0740;1,1410;1,1818;100,2672
0,1308;-0,0022;1,0116;1,0201;100,3267
0,0181;0,0691;0,9926;0,9952;100,3873
0,0525;0,1206;0,9736;0,9824;100,4491
0,0949;0,0923;0,9914;1,0002;100,5073
0,1735;0,0759;1,2172;1,2318;100,5692
0,2433;-0,0473;1,1810;1,2068;100,6292
0,2355;-0,0100;0,9931;1,0207;100,6865
-0,1572;-0,0847;0,6182;0,6435;100,7468
0,1696;-0,0564;0,9309;0,9479;100,8068
0,1264;-0,0513;0,9797;0,9891;100,8665
0,1408;-0,0593;0,9990;1,0106;100,9326
0,1433;-0,0552;0,9846;0,9965;100,9867
0,1804;-0,0569;0,9536;0,9721;101,0470
0,1240;-0,1032;0,7334;0,7510;101,1060
0,0561;-0,0644;1,2145;1,2175;101,1670
0,1457;-0,0549;1,1456;1,1562;101,2261
0,2450;-0,0442;0,9692;1,0007;101,2861
0,2184;-0,0400;0,9907;1,0152;101,3466
0,1977;-0,0234;0,9902;1,0100;101,4079
0,1613;-0,0342;1,0631;1,0759;101,4669
0,0996;-0,0308;0,9804;0,9859;101,5272
0,0603;-0,0513;1,0878;1,0907;101,5865
0,1074;-0,0327;0,9475;0,9541;101,6467
0,1206;-0,0459;0,9968;1,0051;101,7138
0,1096;-0,0369;1,0031;1,0097;101,7673
0,1137;-0,0532;0,9350;0,9434;101,8259
0,1076;-0,0564;0,9519;0,9596;101,8869
0,1084;-0,0422;0,9594;0,9664;101,9467
0,1384;-0,0332;0,9780;0,9883;102,0065
0,1743;-0,0183;0,9470;0,9630;102,0656
0,1804;-0,0466;0,6934;0,7180;102,1254
0,0200;0,0012;1,0736;1,0738;102,1863
0,1594;-0,0473;1,2877;1,2984;102,2720
0,1460;-0,0391;0,9929;1,0043;102,3074
0,1457;-0,0369;0,9970;1,0083;102,3688
0,1137;-0,0356;0,9938;1,0010;102,4286
0,0976;-0,0415;1,0353;1,0407;102,4866
0,0776;-0,0476;1,0217;1,0257;102,5462
0,0852;-0,0205;1,0075;1,0113;102,6086
0,0742;-0,0427;1,0980;1,1014;102,6686
0,0700;-0,0513;0,9462;0,9502;102,7303
0,0166;-0,0325;0,9611;0,9618;102,7859
0,0891;-0,0137;0,8396;0,8444;102,8468
0,0703;-0,0261;0,9521;0,9550;102,9066
0,0764;-0,0359;1,0019;1,0054;102,9666
0,0886;-0,0437;0,9902;0,9951;103,0262
0,1189;-0,0510;0,9819;0,9904;103,0865
0,0896;-0,0276;0,6853;0,6917;103,1494
0,0337;-0,0415;1,1966;1,1978;103,2078
0,1879;-0,0288;1,1757;1,1909;103,2661
0,0696;-0,0625;1,1144;1,1183;103,3257
0,1830;-0,0588;1,0387;1,0564;103,3874
0,1240;-0,0500;0,9987;1,0076;103,4461
0,1196;-0,0498;1,0007;1,0090;103,5158
0,1396;-0,0398;1,1063;1,1158;103,5660
0,0339;-0,0469;1,0627;1,0642;103,6261
0,0840;-0,0081;0,8823;0,8863;103,6873
0,1098;-0,0249;0,8862;0,8933;103,7454
0,0605;-0,0366;0,8752;0,8781;103,8055
0,0971;-0,0312;0,9328;0,9384;103,8659
0,0696;-0,0310;0,9870;0,9899;103,9261
0,0835;-0,0342;0,9802;0,9843;103,9886
0,1135;-0,0337;0,9907;0,9977;104,0460
0,1503;-0,0288;0,8191;0,8333;104,1056
0,1220;-0,0017;0,7527;0,7625;104,1663
0,0261;-0,0295;1,0871;1,0878;104,2261
0,1425;-0,0007;1,0788;1,0881;104,2872
0,0976;-0,0683;1,0173;1,0242;104,3459
0,1830;-0,0334;1,0231;1,0399;104,4056
0,1098;-0,0447;0,9943;1,0014;104,4656
0,0981;-0,0386;1,0541;1,0594;104,5264
0,0329;-0,0495;1,1037;1,1053;104,5880
0,0654;-0,0347;0,9697;0,9725;104,6460
0,0466;-0,0295;0,9760;0,9776;104,7063
0,0408;-0,0622;0,9104;0,9134;104,7656
0,0666;-0,0300;0,8855;0,8885;104,8258
0,0405;-0,0347;0,9992;1,0006;104,8857
0,0700;-0,0337;0,9929;0,9959;104,9477
0,0539;-0,0361;0,9885;0,9906;105,0067
0,1494;-0,0200;0,8899;0,9025;105,0657
0,0173;-0,0076;0,8491;0,8493;105,1263
0,0088;-0,0154;1,1183;1,1184;105,1868
0,1150;-0,0112;0,9523;0,9593;105,2457
0,1345;-0,0271;1,2521;1,2595;105,3056
0,1306;-0,0317;1,0168;1,0256;105,3673
0,1025;-0,0293;1,0041;1,0097;105,4261
0,0725;-0,0273;1,0097;1,0127;105,4870
0,0386;-0,0276;1,0414;1,0425;105,5465
0,0344;-0,0190;1,0883;1,0890;105,6063
0,0391;-0,0561;0,9824;0,9847;105,6668
0,0637;-0,0410;0,9506;0,9536;105,7265
0,0732;-0,0464;0,9750;0,9789;105,7865
0,0605;-0,0398;0,9126;0,9154;105,8481
0,0359;-0,0334;0,9846;0,9858;105,9073
0,0552;-0,0420;0,9826;0,9850;105,9659
0,0871;-0,0522;0,9846;0,9898;106,0264
0,1447;-0,0505;0,8635;0,8770;106,0864
0,0491;-0,0781;0,9606;0,9651;106,1469
0,0888;-0,0495;1,0456;1,0505;106,2064
0,1560;-0,0415;1,0778;1,0898;106,2674
0,1123;-0,0417;1,0353;1,0422;106,3279
0,1176;-0,0342;0,9846;0,9921;106,3939
0,1018;-0,0434;1,0097;1,0157;106,4479
0,1125;-0,0322;0,9853;0,9922;106,5073
0,0822;-0,0393;1,1542;1,1578;106,5683
0,0674;-0,0312;1,0458;1,0484;106,6282
0,0617;-0,0351;0,9865;0,9891;106,6928
0,0552;-0,0249;0,9907;0,9925;106,7469
0,0410;-0,0207;0,9375;0,9386;106,8073
0,0281;-0,0151;0,9492;0,9497;106,8672
0,0039;-0,0244;0,9963;0,9966;106,9269
0,0325;-0,0320;1,0019;1,0029;106,9873
0,0522;-0,0371;0,9907;0,9927;107,0474
0,1447;-0,0212;0,8845;0,8965;107,1086
0,0176;-0,0596;0,9428;0,9449;107,1674
0,0115;-0,0090;1,1188;1,1189;107,2269
0,1352;-0,0359;1,0627;1,0718;107,2875
0,0505;-0,0476;1,0961;1,0983;107,3472
0,1176;-0,0283;0,9538;0,9614;107,4071
0,0891;-0,0369;1,0048;1,0094;107,4672
0,0715;-0,0391;1,0168;1,0200;107,5266
0,0976;-0,0525;1,0509;1,0568;107,5875
0,0456;-0,0603;1,1215;1,1240;107,6472
0,0652;-0,0410;0,9096;0,9129;107,7071
0,0740;-0,0530;0,9152;0,9198;107,7715
0,0271;-0,0793;0,9653;0,9689;107,8266
0,0337;-0,0520;0,9926;0,9945;107,8874
0,0212;-0,0503;0,9523;0,9539;107,9470
0,0710;-0,0517;0,9907;0,9945;108,0080
0,1491;-0,0361;0,9309;0,9434;108,0668
0,1120;-0,0630;0,8269;0,8368;108,1271
0,0420;-0,0247;1,1154;1,1164;108,1868
0,1472;-0,0349;1,0939;1,1043;108,2470
0,1433;-0,0549;1,1110;1,1215;108,3072
0,1272;-0,0510;1,0185;1,0277;108,3668
0,1020;-0,0381;1,0400;1,0456;108,4274
0,0935;-0,0181;1,0658;1,0701;108,4884
0,0561;-0,0273;1,1027;1,1045;108,5482
0,0290;0,0308;1,0004;1,0013;108,6070
0,0630;0,0320;1,0175;1,0200;108,6690
0,1103;-0,0073;0,9897;0,9958;108,7268
0,0481;-0,0149;0,9511;0,9525;108,7864
0,0459;-0,0481;0,9994;1,0017;108,8467
0,0520;-0,0583;0,9799;0,9830;108,9069
0,0766;-0,0603;0,9921;0,9969;108,9683
0,1154;-0,0644;0,9104;0,9199;109,0272
0,1206;-0,0083;0,8686;0,8770;109,0870
0,0542;-0,0500;0,9982;1,0009;109,1479
0,1694;-0,0520;1,1142;1,1282;109,2076
0,2214;-0,0124;1,0234;1,0471;109,2677
0,1772;-0,0364;1,0090;1,0250;109,3273
0,2228;-0,0234;1,0014;1,0262;109,3877
0,1223;-0,0359;1,0336;1,0414;109,4476
0,1023;-0,0266;0,9938;0,9994;109,5106
0,1125;-0,0322;1,1471;1,1531;109,5719
0,0774;-0,0317;1,0302;1,0336;109,6279
0,0747;-0,0466;1,0880;1,0916;109,6909
0,1225;0,0032;0,7420;0,7520;109,7476
0,0386;-0,0132;1,0548;1,0556;109,8072
0,1181;0,0083;0,9428;0,9502;109,8681
0,1132;-0,0068;0,9841;0,9906;109,9298
0,1245;-0,0247;0,9907;0,9988;109,9875
0,1157;-0,0029;0,8135;0,8217;110,0505
0,0442;-0,0491;0,9985;1,0006;110,1073
0,1281;-0,0015;1,1217;1,1290;110,1672
0,2529;-0,0215;1,1483;1,1760;110,2285
0,1901;-0,0310;0,9907;1,0092;110,2874
0,1545;-0,0298;0,9924;1,0048;110,3477
0,1081;-0,0430;0,9904;0,9972;110,4084
0,1621;-0,0369;1,1000;1,1125;110,4676
0,1291;-0,0569;1,0829;1,0921;110,5268
0,0957;-0,0769;1,0034;1,0108;110,5938
0,0588;-0,0659;0,9689;0,9730;110,6485
0,0913;-0,0391;1,0065;1,0114;110,7073
0,1106;-0,0164;0,9489;0,9555;110,7670
0,0988;0,0220;0,9460;0,9514;110,8280
0,0954;0,0051;0,9677;0,9724;110,8879
0,0864;-0,0339;0,9919;0,9962;110,9469
0,1247;-0,0556;0,9780;0,9875;111,0082
0,1396;-0,0312;0,6229;0,6391;111,0673
0,0539;-0,0200;0,9841;0,9857;111,1272
0,2194;-0,0598;1,4280;1,4460;111,1873
0,1528;-0,0478;1,0441;1,0563;111,2475
0,1496;-0,0405;1,0016;1,0136;111,3072
0,1467;-0,0293;1,0080;1,0190;111,3672
0,1084;-0,0339;1,0873;1,0932;111,4272
0,1059;-0,0193;1,1034;1,1087;111,4878
0,0715;-0,0081;0,9907;0,9933;111,5559
0,0539;-0,0349;0,9921;0,9942;111,6083
0,0676;-0,0237;0,9616;0,9643;111,6689
0,0461;-0,0059;0,9279;0,9291;111,7273
0,1132;0,0173;0,9030;0,9103;111,7882
0,0908;0,0134;0,9638;0,9682;111,8484
0,0544;-0,0142;0,9731;0,9747;111,9065
0,0600;-0,0386;0,9953;0,9979;111,9673
0,1359;-0,0381;1,0168;1,0265;112,0268
0,1535;-0,0598;1,0055;1,0190;112,0905
-0,0466;-0,0613;0,9536;0,9567;112,1470
0,1462;-0,0027;1,1398;1,1491;112,2065
0,1008;-0,0559;1,0751;1,0813;112,2688
0,1916;-0,0403;0,9970;1,0160;112,3274
0,0954;-0,0527;0,9970;1,0029;112,3872
0,0969;-0,0383;1,0068;1,0121;112,4486
0,0881;-0,0564;1,1483;1,1531;112,5074
0,1289;-0,0185;1,1957;1,2027;112,5671
0,0913;-0,0181;0,9509;0,9554;112,6272
0,0569;-0,0056;0,8962;0,8980;112,6869
0,0727;0,0088;0,9714;0,9741;112,7477
0,0783;0,0090;0,9907;0,9938;112,8069
0,0700;-0,0044;0,9975;1,0000;112,8668
0,0742;-0,0132;0,9885;0,9913;112,9289
0,0700;-0,0342;0,9904;0,9935;112,9868
0,1560;-0,0388;0,9462;0,9598;113,0466
0,1516;-0,0693;0,9211;0,9361;113,1065
-0,0051;-0,0427;0,9287;0,9297;113,1668
0,1530;-0,0859;1,1783;1,1913;113,2270
0,1784;-0,0613;1,0461;1,0629;113,2873
0,1228;-0,0447;1,0009;1,0094;113,3467
0,0996;-0,0388;0,9904;0,9962;113,4065
0,0803;-0,0303;1,0854;1,0887;113,4672
0,0600;-0,0405;1,0910;1,0934;113,5263
0,0603;-0,0369;1,0866;1,0889;113,5867
0,0124;-0,0588;0,9460;0,9479;113,6467
0,0696;-0,0115;0,8369;0,8399;113,7079
0,0464;-0,0190;0,8154;0,8170;113,7665
0,0461;0,0071;0,9921;0,9932;113,8262
0,0266;-0,0122;0,9919;0,9923;113,8872
0,0398;-0,0281;0,9631;0,9643;113,9466
0,0644;-0,0608;0,9511;0,9552;114,0061
0,1308;-0,0803;0,8999;0,9129;114,0665
-0,0198;-0,1423;1,0668;1,0764;114,1267
0,0032;-0,0732;1,2096;1,2118;114,1863
0,2665;-0,0949;1,0551;1,0924;114,2477
0,2292;-0,0444;0,9938;1,0209;114,3069
0,1262;-0,0603;1,0229;1,0324;114,3674
0,1196;-0,0559;1,0397;1,0481;114,4264
0,0698;-0,0666;1,1242;1,1283;114,4861
0,0295;-0,0583;0,9836;0,9858;114,5468
0,0242;-0,0825;0,9968;1,0005;114,6089
0,0884;-0,0849;0,8655;0,8741;114,6664
0,0215;-0,0571;1,1735;1,1750;114,7267
0,0837;-0,0073;0,9121;0,9159;114,7862
0,0415;-0,0044;0,9797;0,9806;114,8475
0,0144;-0,0251;1,0116;1,0121;114,9059
0,0415;-0,0261;0,9897;0,9909;114,9664
0,0781;-0,0229;0,9777;0,9811;115,0265
0,1591;-0,0500;0,7029;0,7224;115,0862
-0,0693;-0,0786;0,9724;0,9780;115,1460
0,0029;-0,0288;1,1276;1,1280;115,2064
0,2035;-0,0671;1,1322;1,1523;115,2672
0,1001;-0,0320;1,0273;1,0326;115,3290
0,0893;-0,0266;0,9726;0,9771;115,3861
0,1115;-0,0327;1,0146;1,0212;115,4470
0,0737;-0,0322;1,0331;1,0363;115,5068
0,0432;-0,0386;1,1998;1,2012;115,5702
0,0615;-0,0234;1,1232;1,1251;115,6268
-0,0022;-0,0312;1,0095;1,0099;115,6886
-0,0083;0,0403;0,7017;0,7029;115,7464
0,0190;-0,0015;0,9077;0,9079;115,8065
-0,0249;-0,0325;0,9684;0,9693;115,8657
-0,0164;-0,0625;1,0102;1,0122;115,9270
0,0373;-0,0642;1,0331;1,0358;115,9869
0,0620;-0,0437;0,8723;0,8756;116,0463
-0,0981;-0,0259;0,9760;0,9813;116,1067
-0,0832;-0,0554;1,1764;1,1806;116,1710
0,1147;0,0083;1,0024;1,0090;116,2269
0,1025;-0,0430;1,0629;1,0687;116,2876
0,0698;-0,0437;1,0639;1,0671;116,3460
0,0295;-0,0442;0,9807;0,9821;116,4064
0,0259;-0,0488;1,1476;1,1489;116,4663
-0,0037;-0,0986;1,1461;1,1504;116,5260
0,0276;-0,1152;1,0976;1,1039;116,5865
-0,0366;-0,0298;0,5855;0,5874;116,6458
0,0564;-0,0161;0,9104;0,9122;116,7062
0,0266;-0,0417;0,9992;1,0004;116,7667
0,0090;-0,0491;1,0204;1,0217;116,8259
0,0198;-0,0503;0,9907;0,9921;116,8851
0,0613;-0,0464;0,9558;0,9588;116,9461
0,1726;-0,0625;0,7361;0,7586;117,0061
0,0991;-0,0537;1,0070;1,0133;117,0663
-0,0383;-0,0298;1,0583;1,0594;117,1259
0,0622;-0,0088;1,1637;1,1654;117,1877
0,1460;0,0010;1,3016;1,3098;117,2479
0,0969;-0,0561;0,9684;0,9749;117,3059
0,1174;-0,0552;1,0644;1,0722;117,3660
0,0627;-0,0505;1,0324;1,0355;117,4297
0,0498;-0,0669;1,1639;1,1669;117,4858
-0,0278;-0,0715;0,9904;0,9934;117,5458
0,0122;-0,0037;1,0309;1,0310;117,6084
-0,0027;-0,0205;1,0517;1,0519;117,6677
0,0105;-0,0320;0,9907;0,9912;117,7266
0,0674;0,0015;0,5914;0,5952;117,7856
0,0137;0,0227;0,9482;0,9486;117,8461
0,0010;0,0015;0,9907;0,9907;117,9073
0,0054;-0,0185;1,0168;1,0170;117,9668
0,0254;-0,0383;0,9921;0,9932;118,0249
0,1018;0,0991;0,4042;0,4284;118,0864
-0,0369;-0,0593;1,0890;1,0913;118,1472
0,0266;-0,0891;1,1884;1,1920;118,2062
0,1379;-0,0449;1,0278;1,0379;118,2653
0,1611;-0,0666;1,0497;1,0641;118,3258
0,0874;-0,0639;1,0048;1,0106;118,3854
0,0683;-0,0566;1,0177;1,0216;118,4532
0,0720;-0,0742;1,0260;1,0312;118,5059
-0,0090;-0,0559;1,1556;1,1570;118,5657
-0,0015;-0,0581;1,0900;1,0915;118,6254
0,0049;-0,0791;1,0116;1,0147;118,6853
-0,0027;0,0117;0,8921;0,8921;118,7481
0,0835;0,0561;0,8391;0,8451;118,8094
-0,0088;0,0103;0,9540;0,9541;118,8648
-0,0178;-0,0249;1,0077;1,0082;118,9259
0,0056;-0,0359;1,0026;1,0033;118,9873
0,0332;-0,0466;0,9548;0,9565;119,0454
-0,0273;0,0422;0,8423;0,8438;119,1055
-0,1069;-0,0954;1,2550;1,2631;119,1683
0,0095;-0,0515;1,3424;1,3434;119,2255
0,1115;-0,0303;1,1178;1,1238;119,2848
0,1301;-0,0522;1,0714;1,0806;119,3462
0,0703;-0,0517;1,0053;1,0091;119,4061
0,0376;-0,0478;1,0153;1,0171;119,4653
0,0354;-0,0461;1,0785;1,0801;119,5249
0,0034;-0,0625;1,0666;1,0684;119,5883
0,0293;-0,0403;1,0790;1,0802;119,6459
0,0351;0,0020;0,9775;0,9781;119,7091
-0,0022;0,0039;1,0229;1,0229;119,7646
0,0786;0,0222;0,9231;0,9267;119,8257
-0,0063;0,0085;0,9667;0,9668;119,8859
-0,0039;-0,0093;0,9787;0,9788;119,9453
-0,0127;-0,0278;1,0034;1,0038;120,0053
0,0525;-0,0232;0,9902;0,9918;120,0648
-0,0403;0,0256;0,5696;0,5716;120,1252
-0,0510;0,0195;1,1503;1,1516;120,1849
0,1960;-0,0796;1,1290;1,1487;120,2458
0,1269;-0,0581;1,0897;1,0987;120,3054
0,0974;-0,0412;1,0053;1,0109;120,3651
0,0317;-0,0498;0,9904;0,9922;120,4249
0,0478;-0,0473;1,0768;1,0789;120,4842
0,0342;-0,0247;1,1471;1,1479;120,5490
0,0556;-0,0439;0,9726;0,9752;120,6058
0,0259;-0,0642;0,9938;0,9962;120,6693
-0,0046;-0,0356;0,9965;0,9972;120,7258
-0,0273;0,0049;0,9489;0,9493;120,7848
-0,0749;0,0022;0,5648;0,5697;120,8454
-0,0505;0,0044;0,9907;0,9920;120,9048
-0,0185;-0,0034;0,9897;0,9899;120,9658
0,0251;-0,0078;1,0004;1,0008;121,0266
0,2743;-0,0722;0,3742;0,4695;121,0856
-0,0644;-0,0171;1,0375;1,0397;121,1447
0,0486;-0,0354;1,2628;1,2642;121,2051
0,0981;-0,0832;1,0985;1,1060;121,2650
0,1567;-0,0476;1,0282;1,0412;121,3249
0,0617;-0,0478;1,0119;1,0149;121,3845
0,0227;-0,0447;1,0146;1,0158;121,4463
0,0088;-0,0322;1,0946;1,0951;121,5047
0,0188;-0,0229;1,0451;1,0455;121,5651
-0,0503;-0,0459;0,9997;1,0020;121,6254
-0,0110;-0,0103;0,7676;0,7677;121,6846
-0,0515;-0,0054;0,9665;0,9679;121,7468
-0,0603;-0,0010;0,8694;0,8714;121,8057
-0,0393;0,0034;1,0014;1,0022;121,8653
-0,0259;0,0015;0,9941;0,9944;121,9264
0,0239;-0,0010;0,9689;0,9692;121,9857
0,0913;-0,0405;0,2426;0,2624;122,0459
-0,1511;-0,0603;1,0439;1,0565;122,1102
0,1826;0,0178;1,5740;1,5846;122,1697
0,1045;-0,0535;1,0104;1,0172;122,2268
0,1254;-0,0469;1,0634;1,0718;122,2857
0,0481;-0,0600;1,0016;1,0046;122,3456
0,0290;-0,0549;1,0309;1,0328;122,4065
0,0134;-0,0639;1,0915;1,0934;122,4657
-0,0420;-0,0617;1,1054;1,1079;122,5254
-0,0373;-0,0410;1,1100;1,1114;122,5890
-0,0459;-0,0139;0,9372;0,9384;122,6455
-0,0525;-0,0203;0,9985;1,0001;122,7068
-0,0100;0,0085;0,9133;0,9134;122,7655
-0,0093;0,0193;0,9052;0,9055;122,8256
-0,0532;0,0085;0,9826;0,9841;122,8876
-0,0432;0,0085;0,9951;0,9960;122,9464
-0,0029;0,0015;0,9760;0,9760;123,0055
-0,1037;0,0818;0,8706;0,8805;123,0659
-0,1013;-0,0039;1,0439;1,0488;123,1276
-0,0359;-0,0176;1,1103;1,1110;123,1858
0,0164;-0,0320;1,2264;1,2270;123,2449
0,0366;-0,0532;1,0588;1,0607;123,3052
0,0022;-0,0647;1,0197;1,0218;123,3659
0,0085;-0,0547;1,0239;1,0253;123,4257
0,0088;-0,0439;1,0490;1,0499;123,4853
-0,0268;-0,0561;1,0988;1,1005;123,5448
-0,0171;-0,0659;1,1215;1,1235;123,6097
-0,0185;-0,0039;1,0475;1,0477;123,6662
0,0244;-0,0627;1,0170;1,0192;123,7257
0,0393;-0,0373;0,8237;0,8255;123,7874
-0,0356;-0,0256;0,9550;0,9560;123,8472
-0,0193;-0,0288;1,0141;1,0147;123,9050
-0,0049;-0,0266;0,9907;0,9910;123,9652
0,0115;-0,0225;0,9780;0,9783;124,0252
0,0905;-0,0449;0,7363;0,7432;124,0852
-0,1762;-0,0002;1,2042;1,2170;124,1448
-0,0691;-0,0617;0,8852;0,8901;124,2053
0,1001;-0,0266;1,1430;1,1476;124,2652
0,0639;-0,0586;1,1491;1,1523;124,3261
0,1113;-0,0491;0,9963;1,0037;124,3846
0,0303;-0,0576;1,0129;1,0150;124,4448
0,0085;-0,0517;1,0507;1,0520;124,5051
-0,0608;-0,0266;1,0634;1,0655;124,5658
-0,0005;0,0205;0,9848;0,9850;124,6259
-0,0073;-0,0220;1,0080;1,0083;124,6855
0,0085;-0,0112;0,9087;0,9088;124,7475
0,0088;-0,0217;0,9460;0,9463;124,8053
-0,0132;-0,0539;0,9924;0,9939;124,8648
0,0015;-0,0427;0,9977;0,9987;124,9248
0,0168;-0,0415;0,9914;0,9924;124,9846
0,0300;-0,0388;1,0153;1,0165;125,0463
0,0559;-0,0308;0,9204;0,9226;125,1055
0,0805;0,0088;0,7422;0,7466;125,1671
0,0317;-0,0002;0,9775;0,9780;125,2255
0,0918;0,0273;0,9931;0,9977;125,2861
0,0395;-0,0149;0,9475;0,9484;125,3462
0,0586;-0,0644;1,1332;1,1365;125,4050
0,1316;-0,0459;1,0341;1,0434;125,4648
0,0783;-0,0481;0,9951;0,9993;125,5275
0,0625;-0,0227;1,1034;1,1054;125,5842
0,0364;-0,0310;1,1085;1,1096;125,6449
0,0344;0,0088;1,1815;1,1821;125,7061
0,0100;0,0376;0,8701;0,8710;125,7648
0,0364;0,0574;0,8432;0,8460;125,8248
0,0381;0,0466;1,1783;1,1799;125,8857
0,1096;0,0312;0,9401;0,9470;125,9479
0,0647;-0,0286;0,9565;0,9591;126,0064
0,0608;-0,0825;0,9960;1,0013;126,0657
0,1403;-0,0676;0,7717;0,7873;126,1254
0,0281;-0,0940;1,2394;1,2432;126,1862
0,0798;-0,0908;1,0297;1,0368;126,2467
0,2956;-0,0647;1,0448;1,0878;126,3054
0,1950;-0,0915;1,0475;1,0694;126,3656
0,1874;-0,0737;0,9997;1,0198;126,4262
0,1418;-0,0666;1,0280;1,0399;126,4912
0,1345;-0,0805;1,0248;1,0367;126,5456
0,1040;-0,0278;1,1630;1,1679;126,6053
0,0581;0,0278;1,0575;1,0595;126,6657
0,0818;0,0478;0,8545;0,8597;126,7253
0,1220;0,0535;0,7866;0,7978;126,7899
0,0871;0,0730;0,9379;0,9448;126,8473
0,0825;0,0232;0,9706;0,9744;126,9073
0,0761;-0,0271;1,0151;1,0183;126,9655
0,1140;-0,0469;0,9763;0,9840;127,0250
0,2958;-0,0124;0,4008;0,4983;127,0853
0,1013;-0,0315;0,9560;0,9619;127,1522
0,1054;-0,0761;1,0739;1,0817;127,2053
0,2287;-0,0952;1,2089;1,2340;127,2699
0,2414;-0,0901;1,0043;1,0368;127,3259
0,2048;-0,0664;0,9907;1,0138;127,3859
0,1779;-0,0654;0,9911;1,0091;127,4456
0,1845;-0,0488;1,0739;1,0907;127,5058
0,1398;-0,0071;1,1144;1,1232;127,5655
0,2050;-0,0151;1,0895;1,1087;127,6278
0,0991;-0,0329;0,9850;0,9906;127,6872
0,1308;0,0093;0,9958;1,0044;127,7454
-0,0356;0,0627;0,6536;0,6576;127,8054
0,1081;0,0373;0,9021;0,9093;127,8663
0,0898;0,0195;0,9760;0,9803;127,9255
0,1074;-0,0051;0,9931;0,9989;127,9851
0,1599;-0,0271;0,9592;0,9728;128,0451
0,1489;-0,0156;0,7532;0,7679;128,1049
0,0310;-0,0744;1,1303;1,1331;128,1652
0,2304;-0,0444;1,2435;1,2655;128,2252
0,1857;-0,0932;0,9909;1,0125;128,2846
0,2070;-0,0581;0,9904;1,0135;128,3474
0,1372;-0,0671;1,0090;1,0205;128,4055
0,1428;-0,0791;1,1159;1,1277;128,4653
0,1140;-0,0273;1,0431;1,0497;128,5259
0,1213;-0,0222;1,1256;1,1324;128,5852
0,0691;-0,0295;0,9270;0,9300;128,6451
0,0930;0,0264;0,7173;0,7238;128,7052
0,0603;-0,0010;0,8533;0,8554;128,7649
0,0554;0,0044;0,9692;0,9708;128,8250
0,0527;-0,0149;0,9907;0,9922;128,8851
0,0859;-0,0176;0,9755;0,9795;128,9457
0,1601;-0,0105;0,9191;0,9330;129,0052
0,0942;-0,0332;0,9399;0,9452;129,0652
-0,0107;0,0076;0,9736;0,9737;129,1252
0,2043;-0,0181;0,9887;1,0098;129,1841
0,1660;-0,0073;1,4244;1,4340;129,2474
0,2016;-0,0815;1,0085;1,0317;129,3069
0,1674;-0,0608;0,9955;1,0113;129,3651
0,1067;-0,0622;1,1124;1,1193;129,4248
0,0752;-0,0129;1,0910;1,0936;129,4850
0,0249;0,0098;1,0148;1,0152;129,5475
-0,0024;-0,0185;0,8281;0,8283;129,6069
0,0181;0,0093;0,7461;0,7464;129,6650
0,0217;0,0483;1,0029;1,0043;129,7246
0,0107;0,0347;0,9911;0,9918;129,7862
0,0700;0,0400;0,9809;0,9842;129,8488
0,0703;0,0203;0,9755;0,9783;129,9050
0,1584;0,0000;0,5340;0,5570;129,9657
0,0408;-0,0256;0,9758;0,9770;130,0266
0,0452;0,0334;1,0326;1,0342;130,0851
0,2465;-0,0491;0,9706;1,0027;130,1445
0,1982;-0,0632;0,9965;1,0180;130,2048
0,1547;-0,0376;1,0617;1,0736;130,2653
0,0549;-0,0293;1,0649;1,0667;130,3247
-0,0527;0,0718;0,9797;0,9837;130,3855
-0,0371;-0,0403;1,0146;1,0161;130,4447
0,0134;0,1208;1,0082;1,0155;130,5048
0,0708;0,1372;0,7566;0,7722;130,5645
0,1291;0,1167;0,7959;0,8147;130,6292
0,1206;0,2304;0,9079;0,9444;130,6846
0,0608;0,1901;0,7525;0,7785;130,7448
-0,0491;0,1845;0,8306;0,8522;130,8062
-0,0730;0,2333;0,9338;0,9653;130,8646
-0,1206;0,4791;1,1085;1,2136;130,9237
-0,0207;0,4584;0,9636;1,0672;130,9846
-0,2402;0,5096;1,0959;1,2322;131,0448
-0,2255;0,4669;1,1144;1,2291;131,1045
-0,1535;0,4093;1,0685;1,1545;131,1650
-0,0866;0,3004;0,9675;1,0167;131,2247
-0,0564;0,2921;0,9716;1,0162;131,2851
-0,0327;0,3300;0,9643;1,0197;131,3449
-0,0469;0,3017;1,0085;1,0537;131,4050
-0,0083;0,3488;0,9340;0,9971;131,4643
-0,0239;0,2912;0,9767;1,0195;131,5244
-0,0327;0,2724;0,9267;0,9665;131,5846
-0,0454;0,2604;0,9919;1,0265;131,6476
-0,0142;0,2736;0,9377;0,9769;131,7050
-0,0264;0,2565;0,9804;1,0138;131,7643
-0,0283;0,2223;0,9726;0,9981;131,8235
-0,0203;0,2436;0,9763;1,0064;131,8855
-0,0041;0,2543;0,9616;0,9947;131,9442
-0,0190;0,2302;0,9699;0,9970;132,0044
-0,0146;0,2389;0,9794;1,0083;132,0643
-0,0371;0,2321;0,9907;1,0182;132,1259
-0,0024;0,2604;1,0104;1,0434;132,1852
0,0090;0,2814;0,9687;1,0088;132,2445
0,0059;0,2926;0,9846;1,0271;132,3051
0,0364;0,3205;0,9008;0,9568;132,3647
0,0068;0,4281;0,9157;1,0109;132,4241
-0,0227;0,4850;0,8903;1,0141;132,4846
0,0051;0,4940;0,9221;1,0461;132,5486
0,0095;0,5438;0,8201;0,9840;132,6090
-0,0103;0,5523;0,7581;0,9380;132,6669
-0,0164;0,5667;0,7947;0,9762;132,7602
-0,0049;0,5694;0,7754;0,9620;132,7947
-0,0391;0,5548;0,8562;1,0209;132,8425
-0,0017;0,5853;0,7820;0,9767;132,9024
-0,0124;0,5823;0,8303;1,0142;132,9620
-0,0107;0,5933;0,7708;0,9727;133,0222
-0,0561;0,5845;0,8166;1,0058;133,0826
-0,0417;0,5921;0,7593;0,9638;133,1424
-0,0373;0,5967;0,7654;0,9712;133,2025
-0,0203;0,5613;0,8113;0,9868;133,2625
-0,0456;0,5452;0,8584;1,0179;133,3223
-0,0359;0,5406;0,8303;0,9914;133,3822
-0,0740;0,5592;0,8201;0,9953;133,4421
